# $W$ = 400 nm, $h$ = 300 nm, $s$ = 20 nm, $d/W = 5$, $E_{\rm e}$ = 200 keV
1.6406769455
1.6416769455
1.6426769455
1.6436769455
1.6446769455
1.6456769455
1.6466769455
1.6476769455
1.6486769455
1.6496769455
1.6506769455
1.6516769455
1.6526769455
1.6536769455
1.6546769455
1.6556769455
1.6566769455
1.6576769455
1.6586769455
1.6596769455
1.6606769455
1.6616769455
1.6626769455
1.6636769455
1.6646769455
1.6656769455
1.6666769455
1.6676769455
1.6686769455
1.6696769455
1.6706769455
1.6716769455
1.6726769455
1.6736769455
1.6746769455
1.6756769455
1.6766769455
1.6776769455
1.6786769455
1.6796769455
1.6806769455
1.6816769455
1.6826769455
1.6836769455
1.6846769455
1.6856769455
1.6866769455
1.6876769455
1.6886769455
1.6896769455
1.6906769455
1.6916769455
1.6926769455
1.6936769455
1.6946769455
1.6956769455
1.6966769455
1.6976769455
1.6986769455
1.6996769455
1.7006769455
1.7016769455
1.7026769455
1.7036769455
1.7046769455
1.7056769455
1.7066769455
1.7076769455
1.7086769455
1.7096769455
1.7106769455
1.7116769455
1.7126769455
1.7136769455
1.7146769455
1.7156769455
1.7166769455
1.7176769455
1.7186769455
1.7196769455
1.7206769455
1.7216769455
1.7226769455
1.7236769455
1.7246769455
1.7256769455
1.7266769455
1.7276769455
1.7286769455
1.7296769455
1.7306769455
1.7316769455
1.7326769455
1.7336769455
1.7346769455
1.7356769455
1.7366769455
1.7376769455
1.7386769455
1.7396769455
1.7406769455
1.7416769455
1.7426769455
1.7436769455
1.7446769455
1.7456769455
1.7466769455
1.7476769455
1.7486769455
1.7496769455
1.7506769455
1.7516769455
1.7526769455
1.7536769455
1.7546769455
1.7556769455
1.7566769455
1.7576769455
1.7586769455
1.7596769455
1.7606769455
1.7616769455
1.7626769455
1.7636769455
1.7646769455
1.7656769455
1.7666769455
1.7676769455
1.7686769455
1.7696769455
1.7706769455
1.7716769455
1.7726769455
1.7736769455
1.7746769455
1.7756769455
1.7766769455
1.7776769455
1.7786769455
1.7796769455
1.7806769455
1.7816769455
1.7826769455
1.7836769455
1.7846769455
1.7856769455
1.7866769455
1.7876769455
1.7886769455
1.7896769455
1.7906769455
1.7916769455
1.7926769455
1.7936769455
1.7946769455
1.7956769455
1.7966769455
1.7976769455
1.7986769455
1.7996769455
1.8006769455
1.8016769455
1.8026769455
1.8036769455
1.8046769455
1.8056769455
1.8066769455
1.8076769455
1.8086769455
1.8096769455
1.8106769455
1.8116769455
1.8126769455
1.8136769455
1.8146769455
1.8156769455
1.8166769455
1.8176769455
1.8186769455
1.8196769455
1.8206769455
1.8216769455
1.8226769455
1.8236769455
1.8246769455
1.8256769455
1.8266769455
1.8276769455
1.8286769455
1.8296769455
1.8306769455
1.8316769455
1.8326769455
1.8336769455
1.8346769455
1.8356769455
1.8366769455
1.8376769455
1.8386769455
1.8396769455
1.8406769455
1.8416769455
1.8426769455
1.8436769455
1.8446769455
1.8456769455
1.8466769455
1.8476769455
1.8486769455
1.8496769455
1.8506769455
1.8516769455
1.8526769455
1.8536769455
1.8546769455
1.8556769455
1.8566769455
1.8576769455
1.8586769455
1.8596769455
1.8606769455
1.8616769455
1.8626769455
1.8636769455
1.8646769455
