# $W$ = 400 nm, $h$ = 300 nm, $s$ = 20 nm, $d/W = 5$, $E_{\rm e}$ = 200 keV
0.2638290002
0.2648290002
0.2658290002
0.2668290002
0.2678290002
0.2688290002
0.2698290002
0.2708290002
0.2718290002
0.2728290002
0.2738290002
0.2748290002
0.2758290002
0.2768290002
0.2778290002
0.2788290002
0.2798290002
0.2808290002
0.2818290002
0.2828290002
0.2838290002
0.2848290002
0.2858290002
0.2868290002
0.2878290002
0.2888290002
0.2898290002
0.2908290002
0.2918290002
0.2928290002
0.2938290002
0.2948290002
0.2958290002
0.2968290002
0.2978290002
0.2988290002
0.2998290002
0.3008290002
0.3018290002
0.3028290002
0.3038290002
0.3048290002
0.3058290002
0.3068290002
0.3078290002
0.3088290002
0.3098290002
0.3108290002
0.3118290002
0.3128290002
0.3138290002
0.3148290002
0.3158290002
0.3168290002
0.3178290002
0.3188290002
0.3198290002
0.3208290002
0.3218290002
0.3228290002
0.3238290002
0.3248290002
0.3258290002
0.3268290002
0.3278290002
0.3288290002
0.3298290002
0.3308290002
0.3318290002
0.3328290002
0.3338290002
0.3348290002
0.3358290002
0.3368290002
0.3378290002
0.3388290002
0.3398290002
0.3408290002
0.3418290002
0.3428290002
0.3438290002
0.3448290002
0.3458290002
0.3468290002
0.3478290002
0.3488290002
0.3498290002
0.3508290002
0.3518290002
0.3528290002
0.3538290002
0.3548290002
0.3558290002
0.3568290002
0.3578290002
0.3588290002
0.3598290002
0.3608290002
0.3618290002
0.3628290002
0.3638290002
0.3648290002
0.3658290002
0.3668290002
0.3678290002
0.3688290002
0.3698290002
0.3708290002
0.3718290002
0.3728290002
0.3738290002
0.3748290002
0.3758290002
0.3768290002
0.3778290002
0.3788290002
0.3798290002
0.3808290002
0.3818290002
0.3828290002
0.3838290002
0.3848290002
0.3858290002
0.3868290002
0.3878290002
0.3888290002
0.3898290002
0.3908290002
0.3918290002
0.3928290002
0.3938290002
0.3948290002
0.3958290002
0.3968290002
0.3978290002
0.3988290002
0.3998290002
0.4008290002
0.4018290002
0.4028290002
0.4038290002
0.4048290002
0.4058290002
0.4068290002
0.4078290002
0.4088290002
0.4098290002
0.4108290002
0.4118290002
0.4128290002
0.4138290002
0.4148290002
0.4158290002
0.4168290002
0.4178290002
0.4188290002
0.4198290002
0.4208290002
0.4218290002
0.4228290002
0.4238290002
0.4248290002
0.4258290002
0.4268290002
0.4278290002
0.4288290002
0.4298290002
0.4308290002
0.4318290002
0.4328290002
0.4338290002
0.4348290002
0.4358290002
0.4368290002
0.4378290002
0.4388290002
0.4398290002
0.4408290002
0.4418290002
0.4428290002
0.4438290002
0.4448290002
0.4458290002
0.4468290002
0.4478290002
0.4488290002
0.4498290002
0.4508290002
0.4518290002
0.4528290002
0.4538290002
0.4548290002
0.4558290002
0.4568290002
0.4578290002
0.4588290002
0.4598290002
0.4608290002
0.4618290002
0.4628290002
0.4638290002
0.4648290002
0.4658290002
0.4668290002
0.4678290002
0.4688290002
0.4698290002
0.4708290002
0.4718290002
0.4728290002
0.4738290002
0.4748290002
0.4758290002
0.4768290002
0.4778290002
0.4788290002
0.4798290002
0.4808290002
0.4818290002
0.4828290002
0.4838290002
0.4848290002
0.4858290002
0.4868290002
0.4878290002
0.4888290002
0.4898290002
0.4908290002
0.4918290002
0.4928290002
0.4938290002
0.4948290002
0.4958290002
0.4968290002
0.4978290002
0.4988290002
0.4998290002
0.5008290002
0.5018290002
0.5028290002
0.5038290002
0.5048290002
0.5058290002
0.5068290002
0.5078290002
0.5088290002
0.5098290002
0.5108290002
0.5118290002
0.5128290002
0.5138290002
0.5148290002
0.5158290002
0.5168290002
0.5178290002
0.5188290002
0.5198290002
0.5208290002
0.5218290002
0.5228290002
0.5238290002
0.5248290002
0.5258290002
0.5268290002
0.5278290002
0.5288290002
0.5298290002
0.5308290002
0.5318290002
0.5328290002
0.5338290002
0.5348290002
0.5358290002
0.5368290002
0.5378290002
0.5388290002
0.5398290002
0.5408290002
0.5418290002
0.5428290002
0.5438290002
0.5448290002
0.5458290002
0.5468290002
0.5478290002
0.5488290002
0.5498290002
0.5508290002
0.5518290002
0.5528290002
0.5538290002
0.5548290002
0.5558290002
0.5568290002
0.5578290002
0.5588290002
0.5598290002
0.5608290002
0.5618290002
0.5628290002
0.5638290002
0.5648290002
0.5658290002
0.5668290002
0.5678290002
0.5688290002
0.5698290002
0.5708290002
0.5718290002
0.5728290002
0.5738290002
0.5748290002
0.5758290002
0.5768290002
0.5778290002
0.5788290002
0.5798290002
0.5808290002
0.5818290002
0.5828290002
0.5838290002
0.5848290002
0.5858290002
0.5868290002
0.5878290002
0.5888290002
0.5898290002
0.5908290002
0.5918290002
0.5928290002
0.5938290002
0.5948290002
0.5958290002
0.5968290002
0.5978290002
0.5988290002
0.5998290002
0.6008290002
0.6018290002
0.6028290002
0.6038290002
0.6048290002
0.6058290002
0.6068290002
0.6078290002
0.6088290002
0.6098290002
0.6108290002
0.6118290002
0.6128290002
0.6138290002
0.6148290002
0.6158290002
0.6168290002
0.6178290002
0.6188290002
0.6198290002
0.6208290002
0.6218290002
0.6228290002
0.6238290002
0.6248290002
0.6258290002
0.6268290002
0.6278290002
0.6288290002
0.6298290002
0.6308290002
0.6318290002
0.6328290002
0.6338290002
0.6348290002
0.6358290002
0.6368290002
0.6378290002
0.6388290002
0.6398290002
0.6408290002
0.6418290002
0.6428290002
0.6438290002
0.6448290002
0.6458290002
0.6468290002
0.6478290002
0.6488290002
0.6498290002
0.6508290002
0.6518290002
0.6528290002
0.6538290002
0.6548290002
0.6558290002
0.6568290002
0.6578290002
0.6588290002
0.6598290002
0.6608290002
0.6618290002
0.6628290002
0.6638290002
0.6648290002
0.6658290002
0.6668290002
0.6678290002
0.6688290002
0.6698290002
0.6708290002
0.6718290002
0.6728290002
0.6738290002
0.6748290002
0.6758290002
0.6768290002
0.6778290002
0.6788290002
0.6798290002
0.6808290002
0.6818290002
0.6828290002
0.6838290002
0.6848290002
0.6858290002
0.6868290002
0.6878290002
0.6888290002
0.6898290002
0.6908290002
0.6918290002
0.6928290002
0.6938290002
0.6948290002
0.6958290002
0.6968290002
0.6978290002
0.6988290002
0.6998290002
0.7008290002
0.7018290002
0.7028290002
0.7038290002
0.7048290002
0.7058290002
0.7068290002
0.7078290002
0.7088290002
0.7098290002
0.7108290002
0.7118290002
0.7128290002
0.7138290002
0.7148290002
0.7158290002
0.7168290002
0.7178290002
0.7188290002
0.7198290002
0.7208290002
0.7218290002
0.7228290002
0.7238290002
0.7248290002
0.7258290002
0.7268290002
0.7278290002
0.7288290002
0.7298290002
0.7308290002
0.7318290002
0.7328290002
0.7338290002
0.7348290002
0.7358290002
0.7368290002
0.7378290002
0.7388290002
0.7398290002
0.7408290002
0.7418290002
0.7428290002
0.7438290002
0.7448290002
0.7458290002
0.7468290002
0.7478290002
0.7488290002
0.7498290002
0.7508290002
0.7518290002
0.7528290002
0.7538290002
0.7548290002
0.7558290002
0.7568290002
0.7578290002
0.7588290002
0.7598290002
0.7608290002
0.7618290002
0.7628290002
0.7638290002
0.7648290002
0.7658290002
0.7668290002
0.7678290002
0.7688290002
0.7698290002
0.7708290002
0.7718290002
0.7728290002
0.7738290002
0.7748290002
0.7758290002
0.7768290002
0.7778290002
0.7788290002
0.7798290002
0.7808290002
0.7818290002
0.7828290002
0.7838290002
0.7848290002
0.7858290002
0.7868290002
0.7878290002
0.7888290002
0.7898290002
0.7908290002
0.7918290002
0.7928290002
0.7938290002
0.7948290002
0.7958290002
0.7968290002
0.7978290002
0.7988290002
0.7998290002
0.8008290002
0.8018290002
0.8028290002
0.8038290002
0.8048290002
0.8058290002
0.8068290002
0.8078290002
0.8088290002
0.8098290002
0.8108290002
0.8118290002
0.8128290002
0.8138290002
0.8148290002
0.8158290002
0.8168290002
0.8178290002
0.8188290002
0.8198290002
0.8208290002
0.8218290002
0.8228290002
0.8238290002
0.8248290002
0.8258290002
0.8268290002
0.8278290002
0.8288290002
0.8298290002
0.8308290002
0.8318290002
0.8328290002
0.8338290002
0.8348290002
0.8358290002
0.8368290002
0.8378290002
0.8388290002
0.8398290002
0.8408290002
0.8418290002
0.8428290002
0.8438290002
0.8448290002
0.8458290002
0.8468290002
0.8478290002
0.8488290002
0.8498290002
0.8508290002
0.8518290002
0.8528290002
0.8538290002
0.8548290002
0.8558290002
0.8568290002
0.8578290002
0.8588290002
0.8598290002
0.8608290002
0.8618290002
0.8628290002
0.8638290002
0.8648290002
0.8658290002
0.8668290002
0.8678290002
0.8688290002
0.8698290002
0.8708290002
0.8718290002
0.8728290002
0.8738290002
0.8748290002
0.8758290002
0.8768290002
0.8778290002
0.8788290002
0.8798290002
0.8808290002
0.8818290002
0.8828290002
0.8838290002
0.8848290002
0.8858290002
0.8868290002
0.8878290002
0.8888290002
0.8898290002
0.8908290002
0.8918290002
0.8928290002
0.8938290002
0.8948290002
0.8958290002
0.8968290002
0.8978290002
0.8988290002
0.8998290002
0.9008290002
0.9018290002
0.9028290002
0.9038290002
0.9048290002
0.9058290002
0.9068290002
0.9078290002
0.9088290002
0.9098290002
0.9108290002
0.9118290002
0.9128290002
0.9138290002
0.9148290002
0.9158290002
0.9168290002
0.9178290002
0.9188290002
0.9198290002
0.9208290002
0.9218290002
0.9228290002
0.9238290002
0.9248290002
0.9258290002
0.9268290002
0.9278290002
0.9288290002
0.9298290002
0.9308290002
0.9318290002
0.9328290002
0.9338290002
0.9348290002
0.9358290002
0.9368290002
0.9378290002
0.9388290002
0.9398290002
0.9408290002
0.9418290002
0.9428290002
0.9438290002
0.9448290002
0.9458290002
0.9468290002
0.9478290002
0.9488290002
0.9498290002
0.9508290002
0.9518290002
0.9528290002
0.9538290002
0.9548290002
0.9558290002
0.9568290002
0.9578290002
0.9588290002
0.9598290002
0.9608290002
0.9618290002
0.9628290002
0.9638290002
0.9648290002
0.9658290002
0.9668290002
0.9678290002
0.9688290002
0.9698290002
0.9708290002
0.9718290002
0.9728290002
0.9738290002
0.9748290002
0.9758290002
0.9768290002
0.9778290002
0.9788290002
0.9798290002
0.9808290002
0.9818290002
0.9828290002
0.9838290002
0.9848290002
0.9858290002
0.9868290002
0.9878290002
0.9888290002
0.9898290002
0.9908290002
0.9918290002
0.9928290002
