# $W$ = 300 nm, $h$ = 300 nm, $s$ = 20 nm, $d/W = 5$, $E_{\rm e}$ = 200 keV
1.2999723752
1.3009723752
1.3019723752
1.3029723752
1.3039723752
1.3049723752
1.3059723752
1.3069723752
1.3079723752
1.3089723752
1.3099723752
1.3109723752
1.3119723752
1.3129723752
1.3139723752
1.3149723752
1.3159723752
1.3169723752
1.3179723752
1.3189723752
1.3199723752
1.3209723752
1.3219723752
1.3229723752
1.3239723752
1.3249723752
1.3259723752
1.3269723752
1.3279723752
1.3289723752
1.3299723752
1.3309723752
1.3319723752
1.3329723752
1.3339723752
1.3349723752
1.3359723752
1.3369723752
1.3379723752
1.3389723752
1.3399723752
1.3409723752
1.3419723752
1.3429723752
1.3439723752
1.3449723752
1.3459723752
1.3469723752
1.3479723752
1.3489723752
1.3499723752
1.3509723752
1.3519723752
1.3529723752
1.3539723752
1.3549723752
1.3559723752
1.3569723752
1.3579723752
1.3589723752
1.3599723752
1.3609723752
1.3619723752
1.3629723752
1.3639723752
1.3649723752
1.3659723752
1.3669723752
1.3679723752
1.3689723752
1.3699723752
1.3709723752
1.3719723752
1.3729723752
1.3739723752
1.3749723752
1.3759723752
1.3769723752
1.3779723752
1.3789723752
1.3799723752
1.3809723752
1.3819723752
1.3829723752
1.3839723752
1.3849723752
1.3859723752
1.3869723752
1.3879723752
1.3889723752
1.3899723752
1.3909723752
1.3919723752
1.3929723752
1.3939723752
1.3949723752
1.3959723752
1.3969723752
1.3979723752
1.3989723752
1.3999723752
1.4009723752
1.4019723752
1.4029723752
1.4039723752
1.4049723752
