# $W$ = 300 nm, $h$ = 300 nm, $s$ = 20 nm, $d/W = 5$, $E_{\rm e}$ = 200 keV
1.2981892328
1.2991892328
1.3001892328
1.3011892328
1.3021892328
1.3031892328
1.3041892328
1.3051892328
1.3061892328
1.3071892328
1.3081892328
1.3091892328
1.3101892328
1.3111892328
1.3121892328
1.3131892328
1.3141892328
1.3151892328
1.3161892328
1.3171892328
1.3181892328
1.3191892328
1.3201892328
1.3211892328
1.3221892328
1.3231892328
1.3241892328
1.3251892328
1.3261892328
1.3271892328
1.3281892328
1.3291892328
1.3301892328
1.3311892328
1.3321892328
1.3331892328
1.3341892328
1.3351892328
1.3361892328
1.3371892328
1.3381892328
1.3391892328
1.3401892328
1.3411892328
1.3421892328
1.3431892328
1.3441892328
1.3451892328
1.3461892328
1.3471892328
1.3481892328
1.3491892328
1.3501892328
1.3511892328
1.3521892328
1.3531892328
1.3541892328
1.3551892328
1.3561892328
1.3571892328
1.3581892328
1.3591892328
1.3601892328
1.3611892328
1.3621892328
1.3631892328
1.3641892328
1.3651892328
1.3661892328
1.3671892328
1.3681892328
1.3691892328
1.3701892328
1.3711892328
1.3721892328
1.3731892328
1.3741892328
1.3751892328
1.3761892328
1.3771892328
1.3781892328
1.3791892328
1.3801892328
1.3811892328
1.3821892328
1.3831892328
1.3841892328
1.3851892328
1.3861892328
1.3871892328
1.3881892328
1.3891892328
1.3901892328
1.3911892328
1.3921892328
1.3931892328
1.3941892328
1.3951892328
1.3961892328
1.3971892328
1.3981892328
1.3991892328
1.4001892328
1.4011892328
1.4021892328
1.4031892328
1.4041892328
1.4051892328
1.4061892328
1.4071892328
