# $W$ = 300 nm, $h$ = 300 nm, $s$ = 20 nm, $d/W = 5$, $E_{\rm e}$ = 200 keV
1.3018911437
1.3028911437
1.3038911437
1.3048911437
1.3058911437
1.3068911437
1.3078911437
1.3088911437
1.3098911437
1.3108911437
1.3118911437
1.3128911437
1.3138911437
1.3148911437
1.3158911437
1.3168911437
1.3178911437
1.3188911437
1.3198911437
1.3208911437
1.3218911437
1.3228911437
1.3238911437
1.3248911437
1.3258911437
1.3268911437
1.3278911437
1.3288911437
1.3298911437
1.3308911437
1.3318911437
1.3328911437
1.3338911437
1.3348911437
1.3358911437
1.3368911437
1.3378911437
1.3388911437
1.3398911437
1.3408911437
1.3418911437
1.3428911437
1.3438911437
1.3448911437
1.3458911437
1.3468911437
1.3478911437
1.3488911437
1.3498911437
1.3508911437
1.3518911437
1.3528911437
1.3538911437
1.3548911437
1.3558911437
1.3568911437
1.3578911437
1.3588911437
1.3598911437
1.3608911437
1.3618911437
1.3628911437
1.3638911437
1.3648911437
1.3658911437
1.3668911437
1.3678911437
1.3688911437
1.3698911437
1.3708911437
1.3718911437
1.3728911437
1.3738911437
1.3748911437
1.3758911437
1.3768911437
1.3778911437
1.3788911437
1.3798911437
1.3808911437
1.3818911437
1.3828911437
1.3838911437
1.3848911437
1.3858911437
1.3868911437
1.3878911437
1.3888911437
1.3898911437
1.3908911437
1.3918911437
1.3928911437
1.3938911437
1.3948911437
1.3958911437
1.3968911437
1.3978911437
1.3988911437
1.3998911437
1.4008911437
1.4018911437
1.4028911437
