# $W$ = 300 nm, $h$ = 300 nm, $s$ = 20 nm, $d/W = 5$, $E_{\rm e}$ = 200 keV
1.6842169360
1.6852169360
1.6862169360
1.6872169360
1.6882169360
1.6892169360
1.6902169360
1.6912169360
1.6922169360
1.6932169360
1.6942169360
1.6952169360
1.6962169360
1.6972169360
1.6982169360
1.6992169360
1.7002169360
1.7012169360
1.7022169360
1.7032169360
1.7042169360
1.7052169360
1.7062169360
1.7072169360
1.7082169360
1.7092169360
1.7102169360
1.7112169360
1.7122169360
1.7132169360
1.7142169360
1.7152169360
1.7162169360
1.7172169360
1.7182169360
1.7192169360
1.7202169360
1.7212169360
1.7222169360
1.7232169360
1.7242169360
1.7252169360
1.7262169360
1.7272169360
1.7282169360
1.7292169360
1.7302169360
1.7312169360
1.7322169360
1.7332169360
1.7342169360
1.7352169360
1.7362169360
1.7372169360
1.7382169360
1.7392169360
1.7402169360
1.7412169360
1.7422169360
1.7432169360
1.7442169360
1.7452169360
1.7462169360
1.7472169360
1.7482169360
1.7492169360
1.7502169360
1.7512169360
1.7522169360
1.7532169360
1.7542169360
1.7552169360
1.7562169360
1.7572169360
1.7582169360
1.7592169360
1.7602169360
1.7612169360
1.7622169360
1.7632169360
1.7642169360
1.7652169360
1.7662169360
1.7672169360
1.7682169360
1.7692169360
1.7702169360
1.7712169360
1.7722169360
1.7732169360
1.7742169360
1.7752169360
1.7762169360
1.7772169360
1.7782169360
1.7792169360
1.7802169360
1.7812169360
1.7822169360
1.7832169360
1.7842169360
1.7852169360
1.7862169360
1.7872169360
1.7882169360
1.7892169360
1.7902169360
1.7912169360
1.7922169360
1.7932169360
1.7942169360
1.7952169360
1.7962169360
1.7972169360
1.7982169360
1.7992169360
1.8002169360
1.8012169360
1.8022169360
1.8032169360
1.8042169360
1.8052169360
1.8062169360
1.8072169360
1.8082169360
1.8092169360
1.8102169360
1.8112169360
1.8122169360
1.8132169360
1.8142169360
1.8152169360
1.8162169360
1.8172169360
1.8182169360
1.8192169360
1.8202169360
1.8212169360
1.8222169360
1.8232169360
1.8242169360
1.8252169360
1.8262169360
1.8272169360
1.8282169360
1.8292169360
1.8302169360
1.8312169360
1.8322169360
1.8332169360
1.8342169360
1.8352169360
1.8362169360
1.8372169360
1.8382169360
1.8392169360
1.8402169360
1.8412169360
1.8422169360
1.8432169360
1.8442169360
1.8452169360
1.8462169360
1.8472169360
1.8482169360
1.8492169360
1.8502169360
1.8512169360
1.8522169360
1.8532169360
1.8542169360
1.8552169360
1.8562169360
1.8572169360
1.8582169360
1.8592169360
1.8602169360
1.8612169360
1.8622169360
1.8632169360
1.8642169360
1.8652169360
1.8662169360
1.8672169360
1.8682169360
1.8692169360
1.8702169360
1.8712169360
1.8722169360
1.8732169360
1.8742169360
1.8752169360
1.8762169360
1.8772169360
1.8782169360
1.8792169360
1.8802169360
1.8812169360
1.8822169360
1.8832169360
1.8842169360
1.8852169360
1.8862169360
1.8872169360
1.8882169360
1.8892169360
1.8902169360
1.8912169360
1.8922169360
1.8932169360
1.8942169360
1.8952169360
1.8962169360
1.8972169360
