# $W$ = 300 nm, $h$ = 300 nm, $s$ = 20 nm, $d/W = 5$, $E_{\rm e}$ = 200 keV
1.1707437637
1.1717437637
1.1727437637
1.1737437637
1.1747437637
1.1757437637
1.1767437637
1.1777437637
1.1787437637
1.1797437637
1.1807437637
1.1817437637
1.1827437637
1.1837437637
1.1847437637
1.1857437637
1.1867437637
1.1877437637
1.1887437637
1.1897437637
1.1907437637
1.1917437637
1.1927437637
1.1937437637
1.1947437637
1.1957437637
1.1967437637
1.1977437637
1.1987437637
1.1997437637
1.2007437637
1.2017437637
1.2027437637
1.2037437637
1.2047437637
1.2057437637
1.2067437637
1.2077437637
1.2087437637
1.2097437637
1.2107437637
1.2117437637
1.2127437637
1.2137437637
1.2147437637
1.2157437637
1.2167437637
1.2177437637
1.2187437637
1.2197437637
1.2207437637
1.2217437637
1.2227437637
1.2237437637
1.2247437637
1.2257437637
1.2267437637
1.2277437637
1.2287437637
1.2297437637
1.2307437637
1.2317437637
1.2327437637
1.2337437637
1.2347437637
1.2357437637
1.2367437637
1.2377437637
1.2387437637
1.2397437637
1.2407437637
1.2417437637
1.2427437637
1.2437437637
1.2447437637
1.2457437637
1.2467437637
1.2477437637
1.2487437637
1.2497437637
1.2507437637
1.2517437637
1.2527437637
1.2537437637
1.2547437637
1.2557437637
1.2567437637
1.2577437637
1.2587437637
1.2597437637
1.2607437637
1.2617437637
1.2627437637
1.2637437637
1.2647437637
1.2657437637
1.2667437637
1.2677437637
1.2687437637
1.2697437637
1.2707437637
1.2717437637
1.2727437637
1.2737437637
