# $W$ = 300 nm, $h$ = 300 nm, $s$ = 20 nm, $d/W = 5$, $E_{\rm e}$ = 200 keV
1.1707966508
1.1717966508
1.1727966508
1.1737966508
1.1747966508
1.1757966508
1.1767966508
1.1777966508
1.1787966508
1.1797966508
1.1807966508
1.1817966508
1.1827966508
1.1837966508
1.1847966508
1.1857966508
1.1867966508
1.1877966508
1.1887966508
1.1897966508
1.1907966508
1.1917966508
1.1927966508
1.1937966508
1.1947966508
1.1957966508
1.1967966508
1.1977966508
1.1987966508
1.1997966508
1.2007966508
1.2017966508
1.2027966508
1.2037966508
1.2047966508
1.2057966508
1.2067966508
1.2077966508
1.2087966508
1.2097966508
1.2107966508
1.2117966508
1.2127966508
1.2137966508
1.2147966508
1.2157966508
1.2167966508
1.2177966508
1.2187966508
1.2197966508
1.2207966508
1.2217966508
1.2227966508
1.2237966508
1.2247966508
1.2257966508
1.2267966508
1.2277966508
1.2287966508
1.2297966508
1.2307966508
1.2317966508
1.2327966508
1.2337966508
1.2347966508
1.2357966508
1.2367966508
1.2377966508
1.2387966508
1.2397966508
1.2407966508
1.2417966508
1.2427966508
1.2437966508
1.2447966508
1.2457966508
1.2467966508
1.2477966508
1.2487966508
1.2497966508
1.2507966508
1.2517966508
1.2527966508
1.2537966508
1.2547966508
1.2557966508
1.2567966508
1.2577966508
1.2587966508
1.2597966508
1.2607966508
1.2617966508
1.2627966508
1.2637966508
1.2647966508
1.2657966508
1.2667966508
1.2677966508
1.2687966508
1.2697966508
1.2707966508
1.2717966508
1.2727966508
1.2737966508
