# $W$ = 300 nm, $h$ = 300 nm, $s$ = 20 nm, $d/W = 5$, $E_{\rm e}$ = 200 keV
0.7186287145
0.7196287145
0.7206287145
0.7216287145
0.7226287145
0.7236287145
0.7246287145
0.7256287145
0.7266287145
0.7276287145
0.7286287145
0.7296287145
0.7306287145
0.7316287145
0.7326287145
0.7336287145
0.7346287145
0.7356287145
0.7366287145
0.7376287145
0.7386287145
0.7396287145
0.7406287145
0.7416287145
0.7426287145
0.7436287145
0.7446287145
0.7456287145
0.7466287145
0.7476287145
0.7486287145
0.7496287145
0.7506287145
0.7516287145
0.7526287145
0.7536287145
0.7546287145
0.7556287145
0.7566287145
0.7576287145
0.7586287145
0.7596287145
0.7606287145
0.7616287145
0.7626287145
0.7636287145
0.7646287145
0.7656287145
0.7666287145
0.7676287145
0.7686287145
0.7696287145
0.7706287145
0.7716287145
0.7726287145
0.7736287145
0.7746287145
0.7756287145
0.7766287145
0.7776287145
0.7786287145
0.7796287145
0.7806287145
