# $W$ = 400 nm, $h$ = 300 nm, $s$ = 20 nm, $d/W = 5$, $E_{\rm e}$ = 200 keV
0.6729984759
0.6739984759
0.6749984759
0.6759984759
0.6769984759
0.6779984759
0.6789984759
0.6799984759
0.6809984759
0.6819984759
0.6829984759
0.6839984759
0.6849984759
0.6859984759
0.6869984759
0.6879984759
0.6889984759
0.6899984759
0.6909984759
0.6919984759
0.6929984759
0.6939984759
0.6949984759
0.6959984759
0.6969984759
0.6979984759
0.6989984759
0.6999984759
0.7009984759
0.7019984759
0.7029984759
0.7039984759
0.7049984759
0.7059984759
0.7069984759
0.7079984759
0.7089984759
0.7099984759
0.7109984759
0.7119984759
0.7129984759
0.7139984759
0.7149984759
0.7159984759
0.7169984759
0.7179984759
0.7189984759
0.7199984759
0.7209984759
0.7219984759
0.7229984759
0.7239984759
0.7249984759
0.7259984759
0.7269984759
0.7279984759
0.7289984759
0.7299984759
