# $W$ = 300 nm, $h$ = 300 nm, $s$ = 20 nm, $d/W = 5$, $E_{\rm e}$ = 200 keV
0.7186287203
0.7196287203
0.7206287203
0.7216287203
0.7226287203
0.7236287203
0.7246287203
0.7256287203
0.7266287203
0.7276287203
0.7286287203
0.7296287203
0.7306287203
0.7316287203
0.7326287203
0.7336287203
0.7346287203
0.7356287203
0.7366287203
0.7376287203
0.7386287203
0.7396287203
0.7406287203
0.7416287203
0.7426287203
0.7436287203
0.7446287203
0.7456287203
0.7466287203
0.7476287203
0.7486287203
0.7496287203
0.7506287203
0.7516287203
0.7526287203
0.7536287203
0.7546287203
0.7556287203
0.7566287203
0.7576287203
0.7586287203
0.7596287203
0.7606287203
0.7616287203
0.7626287203
0.7636287203
0.7646287203
0.7656287203
0.7666287203
0.7676287203
0.7686287203
0.7696287203
0.7706287203
0.7716287203
0.7726287203
0.7736287203
0.7746287203
0.7756287203
0.7766287203
0.7776287203
0.7786287203
0.7796287203
0.7806287203
