# $W$ = 400 nm, $h$ = 300 nm, $s$ = 20 nm, $d/W = 5$, $E_{\rm e}$ = 200 keV
1.2089344343
1.2099344343
1.2109344343
1.2119344343
1.2129344343
1.2139344343
1.2149344343
1.2159344343
1.2169344343
1.2179344343
1.2189344343
1.2199344343
1.2209344343
1.2219344343
1.2229344343
1.2239344343
1.2249344343
1.2259344343
1.2269344343
1.2279344343
1.2289344343
1.2299344343
1.2309344343
1.2319344343
1.2329344343
1.2339344343
1.2349344343
1.2359344343
1.2369344343
1.2379344343
1.2389344343
1.2399344343
1.2409344343
1.2419344343
1.2429344343
1.2439344343
1.2449344343
1.2459344343
1.2469344343
1.2479344343
1.2489344343
1.2499344343
1.2509344343
1.2519344343
1.2529344343
1.2539344343
1.2549344343
1.2559344343
1.2569344343
1.2579344343
1.2589344343
1.2599344343
1.2609344343
1.2619344343
1.2629344343
1.2639344343
1.2649344343
1.2659344343
1.2669344343
1.2679344343
1.2689344343
1.2699344343
1.2709344343
1.2719344343
1.2729344343
1.2739344343
1.2749344343
1.2759344343
1.2769344343
1.2779344343
1.2789344343
1.2799344343
1.2809344343
1.2819344343
1.2829344343
1.2839344343
1.2849344343
1.2859344343
1.2869344343
1.2879344343
1.2889344343
1.2899344343
1.2909344343
1.2919344343
1.2929344343
1.2939344343
1.2949344343
1.2959344343
1.2969344343
1.2979344343
1.2989344343
1.2999344343
1.3009344343
1.3019344343
1.3029344343
1.3039344343
1.3049344343
1.3059344343
1.3069344343
1.3079344343
1.3089344343
1.3099344343
1.3109344343
1.3119344343
1.3129344343
1.3139344343
1.3149344343
1.3159344343
1.3169344343
