# $W$ = 300 nm, $h$ = 300 nm, $s$ = 20 nm, $d/W = 5$, $E_{\rm e}$ = 200 keV
0.7186286740
0.7196286740
0.7206286740
0.7216286740
0.7226286740
0.7236286740
0.7246286740
0.7256286740
0.7266286740
0.7276286740
0.7286286740
0.7296286740
0.7306286740
0.7316286740
0.7326286740
0.7336286740
0.7346286740
0.7356286740
0.7366286740
0.7376286740
0.7386286740
0.7396286740
0.7406286740
0.7416286740
0.7426286740
0.7436286740
0.7446286740
0.7456286740
0.7466286740
0.7476286740
0.7486286740
0.7496286740
0.7506286740
0.7516286740
0.7526286740
0.7536286740
0.7546286740
0.7556286740
0.7566286740
0.7576286740
0.7586286740
0.7596286740
0.7606286740
0.7616286740
0.7626286740
0.7636286740
0.7646286740
0.7656286740
0.7666286740
0.7676286740
0.7686286740
0.7696286740
0.7706286740
0.7716286740
0.7726286740
0.7736286740
0.7746286740
0.7756286740
0.7766286740
0.7776286740
0.7786286740
0.7796286740
0.7806286740
