# $W$ = 400 nm, $h$ = 300 nm, $s$ = 20 nm, $d/W = 5$, $E_{\rm e}$ = 200 keV
0.6729969673
0.6739969673
0.6749969673
0.6759969673
0.6769969673
0.6779969673
0.6789969673
0.6799969673
0.6809969673
0.6819969673
0.6829969673
0.6839969673
0.6849969673
0.6859969673
0.6869969673
0.6879969673
0.6889969673
0.6899969673
0.6909969673
0.6919969673
0.6929969673
0.6939969673
0.6949969673
0.6959969673
0.6969969673
0.6979969673
0.6989969673
0.6999969673
0.7009969673
0.7019969673
0.7029969673
0.7039969673
0.7049969673
0.7059969673
0.7069969673
0.7079969673
0.7089969673
0.7099969673
0.7109969673
0.7119969673
0.7129969673
0.7139969673
0.7149969673
0.7159969673
0.7169969673
0.7179969673
0.7189969673
0.7199969673
0.7209969673
0.7219969673
0.7229969673
0.7239969673
0.7249969673
0.7259969673
0.7269969673
0.7279969673
0.7289969673
0.7299969673
