# $W$ = 300 nm, $h$ = 300 nm, $s$ = 20 nm, $d/W = 5$, $E_{\rm e}$ = 200 keV
1.1708012028
1.1718012028
1.1728012028
1.1738012028
1.1748012028
1.1758012028
1.1768012028
1.1778012028
1.1788012028
1.1798012028
1.1808012028
1.1818012028
1.1828012028
1.1838012028
1.1848012028
1.1858012028
1.1868012028
1.1878012028
1.1888012028
1.1898012028
1.1908012028
1.1918012028
1.1928012028
1.1938012028
1.1948012028
1.1958012028
1.1968012028
1.1978012028
1.1988012028
1.1998012028
1.2008012028
1.2018012028
1.2028012028
1.2038012028
1.2048012028
1.2058012028
1.2068012028
1.2078012028
1.2088012028
1.2098012028
1.2108012028
1.2118012028
1.2128012028
1.2138012028
1.2148012028
1.2158012028
1.2168012028
1.2178012028
1.2188012028
1.2198012028
1.2208012028
1.2218012028
1.2228012028
1.2238012028
1.2248012028
1.2258012028
1.2268012028
1.2278012028
1.2288012028
1.2298012028
1.2308012028
1.2318012028
1.2328012028
1.2338012028
1.2348012028
1.2358012028
1.2368012028
1.2378012028
1.2388012028
1.2398012028
1.2408012028
1.2418012028
1.2428012028
1.2438012028
1.2448012028
1.2458012028
1.2468012028
1.2478012028
1.2488012028
1.2498012028
1.2508012028
1.2518012028
1.2528012028
1.2538012028
1.2548012028
1.2558012028
1.2568012028
1.2578012028
1.2588012028
1.2598012028
1.2608012028
1.2618012028
1.2628012028
1.2638012028
1.2648012028
1.2658012028
1.2668012028
1.2678012028
1.2688012028
1.2698012028
1.2708012028
1.2718012028
1.2728012028
1.2738012028
