# $W$ = 300 nm, $h$ = 300 nm, $s$ = 20 nm, $d/W = 5$, $E_{\rm e}$ = 200 keV
1.1707418016
1.1717418016
1.1727418016
1.1737418016
1.1747418016
1.1757418016
1.1767418016
1.1777418016
1.1787418016
1.1797418016
1.1807418016
1.1817418016
1.1827418016
1.1837418016
1.1847418016
1.1857418016
1.1867418016
1.1877418016
1.1887418016
1.1897418016
1.1907418016
1.1917418016
1.1927418016
1.1937418016
1.1947418016
1.1957418016
1.1967418016
1.1977418016
1.1987418016
1.1997418016
1.2007418016
1.2017418016
1.2027418016
1.2037418016
1.2047418016
1.2057418016
1.2067418016
1.2077418016
1.2087418016
1.2097418016
1.2107418016
1.2117418016
1.2127418016
1.2137418016
1.2147418016
1.2157418016
1.2167418016
1.2177418016
1.2187418016
1.2197418016
1.2207418016
1.2217418016
1.2227418016
1.2237418016
1.2247418016
1.2257418016
1.2267418016
1.2277418016
1.2287418016
1.2297418016
1.2307418016
1.2317418016
1.2327418016
1.2337418016
1.2347418016
1.2357418016
1.2367418016
1.2377418016
1.2387418016
1.2397418016
1.2407418016
1.2417418016
1.2427418016
1.2437418016
1.2447418016
1.2457418016
1.2467418016
1.2477418016
1.2487418016
1.2497418016
1.2507418016
1.2517418016
1.2527418016
1.2537418016
1.2547418016
1.2557418016
1.2567418016
1.2577418016
1.2587418016
1.2597418016
1.2607418016
1.2617418016
1.2627418016
1.2637418016
1.2647418016
1.2657418016
1.2667418016
1.2677418016
1.2687418016
1.2697418016
1.2707418016
1.2717418016
1.2727418016
1.2737418016
