# $W$ = 300 nm, $h$ = 300 nm, $s$ = 20 nm, $d/W = 5$, $E_{\rm e}$ = 200 keV
1.2999193537
1.3009193537
1.3019193537
1.3029193537
1.3039193537
1.3049193537
1.3059193537
1.3069193537
1.3079193537
1.3089193537
1.3099193537
1.3109193537
1.3119193537
1.3129193537
1.3139193537
1.3149193537
1.3159193537
1.3169193537
1.3179193537
1.3189193537
1.3199193537
1.3209193537
1.3219193537
1.3229193537
1.3239193537
1.3249193537
1.3259193537
1.3269193537
1.3279193537
1.3289193537
1.3299193537
1.3309193537
1.3319193537
1.3329193537
1.3339193537
1.3349193537
1.3359193537
1.3369193537
1.3379193537
1.3389193537
1.3399193537
1.3409193537
1.3419193537
1.3429193537
1.3439193537
1.3449193537
1.3459193537
1.3469193537
1.3479193537
1.3489193537
1.3499193537
1.3509193537
1.3519193537
1.3529193537
1.3539193537
1.3549193537
1.3559193537
1.3569193537
1.3579193537
1.3589193537
1.3599193537
1.3609193537
1.3619193537
1.3629193537
1.3639193537
1.3649193537
1.3659193537
1.3669193537
1.3679193537
1.3689193537
1.3699193537
1.3709193537
1.3719193537
1.3729193537
1.3739193537
1.3749193537
1.3759193537
1.3769193537
1.3779193537
1.3789193537
1.3799193537
1.3809193537
1.3819193537
1.3829193537
1.3839193537
1.3849193537
1.3859193537
1.3869193537
1.3879193537
1.3889193537
1.3899193537
1.3909193537
1.3919193537
1.3929193537
1.3939193537
1.3949193537
1.3959193537
1.3969193537
1.3979193537
1.3989193537
1.3999193537
1.4009193537
1.4019193537
1.4029193537
1.4039193537
1.4049193537
