# $W$ = 300 nm, $h$ = 300 nm, $s$ = 20 nm, $d/W = 5$, $E_{\rm e}$ = 200 keV
1.3018917751
1.3028917751
1.3038917751
1.3048917751
1.3058917751
1.3068917751
1.3078917751
1.3088917751
1.3098917751
1.3108917751
1.3118917751
1.3128917751
1.3138917751
1.3148917751
1.3158917751
1.3168917751
1.3178917751
1.3188917751
1.3198917751
1.3208917751
1.3218917751
1.3228917751
1.3238917751
1.3248917751
1.3258917751
1.3268917751
1.3278917751
1.3288917751
1.3298917751
1.3308917751
1.3318917751
1.3328917751
1.3338917751
1.3348917751
1.3358917751
1.3368917751
1.3378917751
1.3388917751
1.3398917751
1.3408917751
1.3418917751
1.3428917751
1.3438917751
1.3448917751
1.3458917751
1.3468917751
1.3478917751
1.3488917751
1.3498917751
1.3508917751
1.3518917751
1.3528917751
1.3538917751
1.3548917751
1.3558917751
1.3568917751
1.3578917751
1.3588917751
1.3598917751
1.3608917751
1.3618917751
1.3628917751
1.3638917751
1.3648917751
1.3658917751
1.3668917751
1.3678917751
1.3688917751
1.3698917751
1.3708917751
1.3718917751
1.3728917751
1.3738917751
1.3748917751
1.3758917751
1.3768917751
1.3778917751
1.3788917751
1.3798917751
1.3808917751
1.3818917751
1.3828917751
1.3838917751
1.3848917751
1.3858917751
1.3868917751
1.3878917751
1.3888917751
1.3898917751
1.3908917751
1.3918917751
1.3928917751
1.3938917751
1.3948917751
1.3958917751
1.3968917751
1.3978917751
1.3988917751
1.3998917751
1.4008917751
1.4018917751
1.4028917751
