# $W$ = 300 nm, $h$ = 300 nm, $s$ = 20 nm, $d/W = 5$, $E_{\rm e}$ = 200 keV
0.7186287262
0.7196287262
0.7206287262
0.7216287262
0.7226287262
0.7236287262
0.7246287262
0.7256287262
0.7266287262
0.7276287262
0.7286287262
0.7296287262
0.7306287262
0.7316287262
0.7326287262
0.7336287262
0.7346287262
0.7356287262
0.7366287262
0.7376287262
0.7386287262
0.7396287262
0.7406287262
0.7416287262
0.7426287262
0.7436287262
0.7446287262
0.7456287262
0.7466287262
0.7476287262
0.7486287262
0.7496287262
0.7506287262
0.7516287262
0.7526287262
0.7536287262
0.7546287262
0.7556287262
0.7566287262
0.7576287262
0.7586287262
0.7596287262
0.7606287262
0.7616287262
0.7626287262
0.7636287262
0.7646287262
0.7656287262
0.7666287262
0.7676287262
0.7686287262
0.7696287262
0.7706287262
0.7716287262
0.7726287262
0.7736287262
0.7746287262
0.7756287262
0.7766287262
0.7776287262
0.7786287262
0.7796287262
0.7806287262
