# $W$ = 300 nm, $h$ = 300 nm, $s$ = 20 nm, $d/W = 5$, $E_{\rm e}$ = 200 keV
0.7186283885
0.7196283885
0.7206283885
0.7216283885
0.7226283885
0.7236283885
0.7246283885
0.7256283885
0.7266283885
0.7276283885
0.7286283885
0.7296283885
0.7306283885
0.7316283885
0.7326283885
0.7336283885
0.7346283885
0.7356283885
0.7366283885
0.7376283885
0.7386283885
0.7396283885
0.7406283885
0.7416283885
0.7426283885
0.7436283885
0.7446283885
0.7456283885
0.7466283885
0.7476283885
0.7486283885
0.7496283885
0.7506283885
0.7516283885
0.7526283885
0.7536283885
0.7546283885
0.7556283885
0.7566283885
0.7576283885
0.7586283885
0.7596283885
0.7606283885
0.7616283885
0.7626283885
0.7636283885
0.7646283885
0.7656283885
0.7666283885
0.7676283885
0.7686283885
0.7696283885
0.7706283885
0.7716283885
0.7726283885
0.7736283885
0.7746283885
0.7756283885
0.7766283885
0.7776283885
0.7786283885
0.7796283885
0.7806283885
