# $W$ = 300 nm, $h$ = 300 nm, $s$ = 20 nm, $d/W = 5$, $E_{\rm e}$ = 200 keV
1.2981821357
1.2991821357
1.3001821357
1.3011821357
1.3021821357
1.3031821357
1.3041821357
1.3051821357
1.3061821357
1.3071821357
1.3081821357
1.3091821357
1.3101821357
1.3111821357
1.3121821357
1.3131821357
1.3141821357
1.3151821357
1.3161821357
1.3171821357
1.3181821357
1.3191821357
1.3201821357
1.3211821357
1.3221821357
1.3231821357
1.3241821357
1.3251821357
1.3261821357
1.3271821357
1.3281821357
1.3291821357
1.3301821357
1.3311821357
1.3321821357
1.3331821357
1.3341821357
1.3351821357
1.3361821357
1.3371821357
1.3381821357
1.3391821357
1.3401821357
1.3411821357
1.3421821357
1.3431821357
1.3441821357
1.3451821357
1.3461821357
1.3471821357
1.3481821357
1.3491821357
1.3501821357
1.3511821357
1.3521821357
1.3531821357
1.3541821357
1.3551821357
1.3561821357
1.3571821357
1.3581821357
1.3591821357
1.3601821357
1.3611821357
1.3621821357
1.3631821357
1.3641821357
1.3651821357
1.3661821357
1.3671821357
1.3681821357
1.3691821357
1.3701821357
1.3711821357
1.3721821357
1.3731821357
1.3741821357
1.3751821357
1.3761821357
1.3771821357
1.3781821357
1.3791821357
1.3801821357
1.3811821357
1.3821821357
1.3831821357
1.3841821357
1.3851821357
1.3861821357
1.3871821357
1.3881821357
1.3891821357
1.3901821357
1.3911821357
1.3921821357
1.3931821357
1.3941821357
1.3951821357
1.3961821357
1.3971821357
1.3981821357
1.3991821357
1.4001821357
1.4011821357
1.4021821357
1.4031821357
1.4041821357
1.4051821357
1.4061821357
1.4071821357
