# $W$ = 400 nm, $h$ = 300 nm, $s$ = 20 nm, $d/W = 5$, $E_{\rm e}$ = 200 keV
1.2089344362
1.2099344362
1.2109344362
1.2119344362
1.2129344362
1.2139344362
1.2149344362
1.2159344362
1.2169344362
1.2179344362
1.2189344362
1.2199344362
1.2209344362
1.2219344362
1.2229344362
1.2239344362
1.2249344362
1.2259344362
1.2269344362
1.2279344362
1.2289344362
1.2299344362
1.2309344362
1.2319344362
1.2329344362
1.2339344362
1.2349344362
1.2359344362
1.2369344362
1.2379344362
1.2389344362
1.2399344362
1.2409344362
1.2419344362
1.2429344362
1.2439344362
1.2449344362
1.2459344362
1.2469344362
1.2479344362
1.2489344362
1.2499344362
1.2509344362
1.2519344362
1.2529344362
1.2539344362
1.2549344362
1.2559344362
1.2569344362
1.2579344362
1.2589344362
1.2599344362
1.2609344362
1.2619344362
1.2629344362
1.2639344362
1.2649344362
1.2659344362
1.2669344362
1.2679344362
1.2689344362
1.2699344362
1.2709344362
1.2719344362
1.2729344362
1.2739344362
1.2749344362
1.2759344362
1.2769344362
1.2779344362
1.2789344362
1.2799344362
1.2809344362
1.2819344362
1.2829344362
1.2839344362
1.2849344362
1.2859344362
1.2869344362
1.2879344362
1.2889344362
1.2899344362
1.2909344362
1.2919344362
1.2929344362
1.2939344362
1.2949344362
1.2959344362
1.2969344362
1.2979344362
1.2989344362
1.2999344362
1.3009344362
1.3019344362
1.3029344362
1.3039344362
1.3049344362
1.3059344362
1.3069344362
1.3079344362
1.3089344362
1.3099344362
1.3109344362
1.3119344362
1.3129344362
1.3139344362
1.3149344362
1.3159344362
1.3169344362
