# $W$ = 300 nm, $h$ = 300 nm, $s$ = 20 nm, $d/W = 5$, $E_{\rm e}$ = 200 keV
1.2981923312
1.2991923312
1.3001923312
1.3011923312
1.3021923312
1.3031923312
1.3041923312
1.3051923312
1.3061923312
1.3071923312
1.3081923312
1.3091923312
1.3101923312
1.3111923312
1.3121923312
1.3131923312
1.3141923312
1.3151923312
1.3161923312
1.3171923312
1.3181923312
1.3191923312
1.3201923312
1.3211923312
1.3221923312
1.3231923312
1.3241923312
1.3251923312
1.3261923312
1.3271923312
1.3281923312
1.3291923312
1.3301923312
1.3311923312
1.3321923312
1.3331923312
1.3341923312
1.3351923312
1.3361923312
1.3371923312
1.3381923312
1.3391923312
1.3401923312
1.3411923312
1.3421923312
1.3431923312
1.3441923312
1.3451923312
1.3461923312
1.3471923312
1.3481923312
1.3491923312
1.3501923312
1.3511923312
1.3521923312
1.3531923312
1.3541923312
1.3551923312
1.3561923312
1.3571923312
1.3581923312
1.3591923312
1.3601923312
1.3611923312
1.3621923312
1.3631923312
1.3641923312
1.3651923312
1.3661923312
1.3671923312
1.3681923312
1.3691923312
1.3701923312
1.3711923312
1.3721923312
1.3731923312
1.3741923312
1.3751923312
1.3761923312
1.3771923312
1.3781923312
1.3791923312
1.3801923312
1.3811923312
1.3821923312
1.3831923312
1.3841923312
1.3851923312
1.3861923312
1.3871923312
1.3881923312
1.3891923312
1.3901923312
1.3911923312
1.3921923312
1.3931923312
1.3941923312
1.3951923312
1.3961923312
1.3971923312
1.3981923312
1.3991923312
1.4001923312
1.4011923312
1.4021923312
1.4031923312
1.4041923312
1.4051923312
1.4061923312
1.4071923312
