# $W$ = 400 nm, $h$ = 300 nm, $s$ = 20 nm, $d/W = 5$, $E_{\rm e}$ = 200 keV
1.2089343894
1.2099343894
1.2109343894
1.2119343894
1.2129343894
1.2139343894
1.2149343894
1.2159343894
1.2169343894
1.2179343894
1.2189343894
1.2199343894
1.2209343894
1.2219343894
1.2229343894
1.2239343894
1.2249343894
1.2259343894
1.2269343894
1.2279343894
1.2289343894
1.2299343894
1.2309343894
1.2319343894
1.2329343894
1.2339343894
1.2349343894
1.2359343894
1.2369343894
1.2379343894
1.2389343894
1.2399343894
1.2409343894
1.2419343894
1.2429343894
1.2439343894
1.2449343894
1.2459343894
1.2469343894
1.2479343894
1.2489343894
1.2499343894
1.2509343894
1.2519343894
1.2529343894
1.2539343894
1.2549343894
1.2559343894
1.2569343894
1.2579343894
1.2589343894
1.2599343894
1.2609343894
1.2619343894
1.2629343894
1.2639343894
1.2649343894
1.2659343894
1.2669343894
1.2679343894
1.2689343894
1.2699343894
1.2709343894
1.2719343894
1.2729343894
1.2739343894
1.2749343894
1.2759343894
1.2769343894
1.2779343894
1.2789343894
1.2799343894
1.2809343894
1.2819343894
1.2829343894
1.2839343894
1.2849343894
1.2859343894
1.2869343894
1.2879343894
1.2889343894
1.2899343894
1.2909343894
1.2919343894
1.2929343894
1.2939343894
1.2949343894
1.2959343894
1.2969343894
1.2979343894
1.2989343894
1.2999343894
1.3009343894
1.3019343894
1.3029343894
1.3039343894
1.3049343894
1.3059343894
1.3069343894
1.3079343894
1.3089343894
1.3099343894
1.3109343894
1.3119343894
1.3129343894
1.3139343894
1.3149343894
1.3159343894
1.3169343894
