# $W$ = 300 nm, $h$ = 300 nm, $s$ = 20 nm, $d/W = 5$, $E_{\rm e}$ = 200 keV
1.2981889096
1.2991889096
1.3001889096
1.3011889096
1.3021889096
1.3031889096
1.3041889096
1.3051889096
1.3061889096
1.3071889096
1.3081889096
1.3091889096
1.3101889096
1.3111889096
1.3121889096
1.3131889096
1.3141889096
1.3151889096
1.3161889096
1.3171889096
1.3181889096
1.3191889096
1.3201889096
1.3211889096
1.3221889096
1.3231889096
1.3241889096
1.3251889096
1.3261889096
1.3271889096
1.3281889096
1.3291889096
1.3301889096
1.3311889096
1.3321889096
1.3331889096
1.3341889096
1.3351889096
1.3361889096
1.3371889096
1.3381889096
1.3391889096
1.3401889096
1.3411889096
1.3421889096
1.3431889096
1.3441889096
1.3451889096
1.3461889096
1.3471889096
1.3481889096
1.3491889096
1.3501889096
1.3511889096
1.3521889096
1.3531889096
1.3541889096
1.3551889096
1.3561889096
1.3571889096
1.3581889096
1.3591889096
1.3601889096
1.3611889096
1.3621889096
1.3631889096
1.3641889096
1.3651889096
1.3661889096
1.3671889096
1.3681889096
1.3691889096
1.3701889096
1.3711889096
1.3721889096
1.3731889096
1.3741889096
1.3751889096
1.3761889096
1.3771889096
1.3781889096
1.3791889096
1.3801889096
1.3811889096
1.3821889096
1.3831889096
1.3841889096
1.3851889096
1.3861889096
1.3871889096
1.3881889096
1.3891889096
1.3901889096
1.3911889096
1.3921889096
1.3931889096
1.3941889096
1.3951889096
1.3961889096
1.3971889096
1.3981889096
1.3991889096
1.4001889096
1.4011889096
1.4021889096
1.4031889096
1.4041889096
1.4051889096
1.4061889096
1.4071889096
