# $W$ = 300 nm, $h$ = 300 nm, $s$ = 20 nm, $d/W = 5$, $E_{\rm e}$ = 200 keV
1.2981894026
1.2991894026
1.3001894026
1.3011894026
1.3021894026
1.3031894026
1.3041894026
1.3051894026
1.3061894026
1.3071894026
1.3081894026
1.3091894026
1.3101894026
1.3111894026
1.3121894026
1.3131894026
1.3141894026
1.3151894026
1.3161894026
1.3171894026
1.3181894026
1.3191894026
1.3201894026
1.3211894026
1.3221894026
1.3231894026
1.3241894026
1.3251894026
1.3261894026
1.3271894026
1.3281894026
1.3291894026
1.3301894026
1.3311894026
1.3321894026
1.3331894026
1.3341894026
1.3351894026
1.3361894026
1.3371894026
1.3381894026
1.3391894026
1.3401894026
1.3411894026
1.3421894026
1.3431894026
1.3441894026
1.3451894026
1.3461894026
1.3471894026
1.3481894026
1.3491894026
1.3501894026
1.3511894026
1.3521894026
1.3531894026
1.3541894026
1.3551894026
1.3561894026
1.3571894026
1.3581894026
1.3591894026
1.3601894026
1.3611894026
1.3621894026
1.3631894026
1.3641894026
1.3651894026
1.3661894026
1.3671894026
1.3681894026
1.3691894026
1.3701894026
1.3711894026
1.3721894026
1.3731894026
1.3741894026
1.3751894026
1.3761894026
1.3771894026
1.3781894026
1.3791894026
1.3801894026
1.3811894026
1.3821894026
1.3831894026
1.3841894026
1.3851894026
1.3861894026
1.3871894026
1.3881894026
1.3891894026
1.3901894026
1.3911894026
1.3921894026
1.3931894026
1.3941894026
1.3951894026
1.3961894026
1.3971894026
1.3981894026
1.3991894026
1.4001894026
1.4011894026
1.4021894026
1.4031894026
1.4041894026
1.4051894026
1.4061894026
1.4071894026
