# $W$ = 300 nm, $h$ = 300 nm, $s$ = 20 nm, $d/W = 5$, $E_{\rm e}$ = 200 keV
0.7186287291
0.7196287291
0.7206287291
0.7216287291
0.7226287291
0.7236287291
0.7246287291
0.7256287291
0.7266287291
0.7276287291
0.7286287291
0.7296287291
0.7306287291
0.7316287291
0.7326287291
0.7336287291
0.7346287291
0.7356287291
0.7366287291
0.7376287291
0.7386287291
0.7396287291
0.7406287291
0.7416287291
0.7426287291
0.7436287291
0.7446287291
0.7456287291
0.7466287291
0.7476287291
0.7486287291
0.7496287291
0.7506287291
0.7516287291
0.7526287291
0.7536287291
0.7546287291
0.7556287291
0.7566287291
0.7576287291
0.7586287291
0.7596287291
0.7606287291
0.7616287291
0.7626287291
0.7636287291
0.7646287291
0.7656287291
0.7666287291
0.7676287291
0.7686287291
0.7696287291
0.7706287291
0.7716287291
0.7726287291
0.7736287291
0.7746287291
0.7756287291
0.7766287291
0.7776287291
0.7786287291
0.7796287291
0.7806287291
