# $W$ = 300 nm, $h$ = 300 nm, $s$ = 20 nm, $d/W = 5$, $E_{\rm e}$ = 200 keV
1.1707982664
1.1717982664
1.1727982664
1.1737982664
1.1747982664
1.1757982664
1.1767982664
1.1777982664
1.1787982664
1.1797982664
1.1807982664
1.1817982664
1.1827982664
1.1837982664
1.1847982664
1.1857982664
1.1867982664
1.1877982664
1.1887982664
1.1897982664
1.1907982664
1.1917982664
1.1927982664
1.1937982664
1.1947982664
1.1957982664
1.1967982664
1.1977982664
1.1987982664
1.1997982664
1.2007982664
1.2017982664
1.2027982664
1.2037982664
1.2047982664
1.2057982664
1.2067982664
1.2077982664
1.2087982664
1.2097982664
1.2107982664
1.2117982664
1.2127982664
1.2137982664
1.2147982664
1.2157982664
1.2167982664
1.2177982664
1.2187982664
1.2197982664
1.2207982664
1.2217982664
1.2227982664
1.2237982664
1.2247982664
1.2257982664
1.2267982664
1.2277982664
1.2287982664
1.2297982664
1.2307982664
1.2317982664
1.2327982664
1.2337982664
1.2347982664
1.2357982664
1.2367982664
1.2377982664
1.2387982664
1.2397982664
1.2407982664
1.2417982664
1.2427982664
1.2437982664
1.2447982664
1.2457982664
1.2467982664
1.2477982664
1.2487982664
1.2497982664
1.2507982664
1.2517982664
1.2527982664
1.2537982664
1.2547982664
1.2557982664
1.2567982664
1.2577982664
1.2587982664
1.2597982664
1.2607982664
1.2617982664
1.2627982664
1.2637982664
1.2647982664
1.2657982664
1.2667982664
1.2677982664
1.2687982664
1.2697982664
1.2707982664
1.2717982664
1.2727982664
1.2737982664
