# $W$ = 300 nm, $h$ = 300 nm, $s$ = 20 nm, $d/W = 5$, $E_{\rm e}$ = 200 keV
1.6842167565
1.6852167565
1.6862167565
1.6872167565
1.6882167565
1.6892167565
1.6902167565
1.6912167565
1.6922167565
1.6932167565
1.6942167565
1.6952167565
1.6962167565
1.6972167565
1.6982167565
1.6992167565
1.7002167565
1.7012167565
1.7022167565
1.7032167565
1.7042167565
1.7052167565
1.7062167565
1.7072167565
1.7082167565
1.7092167565
1.7102167565
1.7112167565
1.7122167565
1.7132167565
1.7142167565
1.7152167565
1.7162167565
1.7172167565
1.7182167565
1.7192167565
1.7202167565
1.7212167565
1.7222167565
1.7232167565
1.7242167565
1.7252167565
1.7262167565
1.7272167565
1.7282167565
1.7292167565
1.7302167565
1.7312167565
1.7322167565
1.7332167565
1.7342167565
1.7352167565
1.7362167565
1.7372167565
1.7382167565
1.7392167565
1.7402167565
1.7412167565
1.7422167565
1.7432167565
1.7442167565
1.7452167565
1.7462167565
1.7472167565
1.7482167565
1.7492167565
1.7502167565
1.7512167565
1.7522167565
1.7532167565
1.7542167565
1.7552167565
1.7562167565
1.7572167565
1.7582167565
1.7592167565
1.7602167565
1.7612167565
1.7622167565
1.7632167565
1.7642167565
1.7652167565
1.7662167565
1.7672167565
1.7682167565
1.7692167565
1.7702167565
1.7712167565
1.7722167565
1.7732167565
1.7742167565
1.7752167565
1.7762167565
1.7772167565
1.7782167565
1.7792167565
1.7802167565
1.7812167565
1.7822167565
1.7832167565
1.7842167565
1.7852167565
1.7862167565
1.7872167565
1.7882167565
1.7892167565
1.7902167565
1.7912167565
1.7922167565
1.7932167565
1.7942167565
1.7952167565
1.7962167565
1.7972167565
1.7982167565
1.7992167565
1.8002167565
1.8012167565
1.8022167565
1.8032167565
1.8042167565
1.8052167565
1.8062167565
1.8072167565
1.8082167565
1.8092167565
1.8102167565
1.8112167565
1.8122167565
1.8132167565
1.8142167565
1.8152167565
1.8162167565
1.8172167565
1.8182167565
1.8192167565
1.8202167565
1.8212167565
1.8222167565
1.8232167565
1.8242167565
1.8252167565
1.8262167565
1.8272167565
1.8282167565
1.8292167565
1.8302167565
1.8312167565
1.8322167565
1.8332167565
1.8342167565
1.8352167565
1.8362167565
1.8372167565
1.8382167565
1.8392167565
1.8402167565
1.8412167565
1.8422167565
1.8432167565
1.8442167565
1.8452167565
1.8462167565
1.8472167565
1.8482167565
1.8492167565
1.8502167565
1.8512167565
1.8522167565
1.8532167565
1.8542167565
1.8552167565
1.8562167565
1.8572167565
1.8582167565
1.8592167565
1.8602167565
1.8612167565
1.8622167565
1.8632167565
1.8642167565
1.8652167565
1.8662167565
1.8672167565
1.8682167565
1.8692167565
1.8702167565
1.8712167565
1.8722167565
1.8732167565
1.8742167565
1.8752167565
1.8762167565
1.8772167565
1.8782167565
1.8792167565
1.8802167565
1.8812167565
1.8822167565
1.8832167565
1.8842167565
1.8852167565
1.8862167565
1.8872167565
1.8882167565
1.8892167565
1.8902167565
1.8912167565
1.8922167565
1.8932167565
1.8942167565
1.8952167565
1.8962167565
1.8972167565
