# $W$ = 300 nm, $h$ = 300 nm, $s$ = 20 nm, $d/W = 5$, $E_{\rm e}$ = 200 keV
0.7186369193
0.7196369193
0.7206369193
0.7216369193
0.7226369193
0.7236369193
0.7246369193
0.7256369193
0.7266369193
0.7276369193
0.7286369193
0.7296369193
0.7306369193
0.7316369193
0.7326369193
0.7336369193
0.7346369193
0.7356369193
0.7366369193
0.7376369193
0.7386369193
0.7396369193
0.7406369193
0.7416369193
0.7426369193
0.7436369193
0.7446369193
0.7456369193
0.7466369193
0.7476369193
0.7486369193
0.7496369193
0.7506369193
0.7516369193
0.7526369193
0.7536369193
0.7546369193
0.7556369193
0.7566369193
0.7576369193
0.7586369193
0.7596369193
0.7606369193
0.7616369193
0.7626369193
0.7636369193
0.7646369193
0.7656369193
0.7666369193
0.7676369193
0.7686369193
0.7696369193
0.7706369193
0.7716369193
0.7726369193
0.7736369193
0.7746369193
0.7756369193
0.7766369193
0.7776369193
0.7786369193
0.7796369193
0.7806369193
