# $W$ = 300 nm, $h$ = 300 nm, $s$ = 20 nm, $d/W = 5$, $E_{\rm e}$ = 200 keV
1.2999063733
1.3009063733
1.3019063733
1.3029063733
1.3039063733
1.3049063733
1.3059063733
1.3069063733
1.3079063733
1.3089063733
1.3099063733
1.3109063733
1.3119063733
1.3129063733
1.3139063733
1.3149063733
1.3159063733
1.3169063733
1.3179063733
1.3189063733
1.3199063733
1.3209063733
1.3219063733
1.3229063733
1.3239063733
1.3249063733
1.3259063733
1.3269063733
1.3279063733
1.3289063733
1.3299063733
1.3309063733
1.3319063733
1.3329063733
1.3339063733
1.3349063733
1.3359063733
1.3369063733
1.3379063733
1.3389063733
1.3399063733
1.3409063733
1.3419063733
1.3429063733
1.3439063733
1.3449063733
1.3459063733
1.3469063733
1.3479063733
1.3489063733
1.3499063733
1.3509063733
1.3519063733
1.3529063733
1.3539063733
1.3549063733
1.3559063733
1.3569063733
1.3579063733
1.3589063733
1.3599063733
1.3609063733
1.3619063733
1.3629063733
1.3639063733
1.3649063733
1.3659063733
1.3669063733
1.3679063733
1.3689063733
1.3699063733
1.3709063733
1.3719063733
1.3729063733
1.3739063733
1.3749063733
1.3759063733
1.3769063733
1.3779063733
1.3789063733
1.3799063733
1.3809063733
1.3819063733
1.3829063733
1.3839063733
1.3849063733
1.3859063733
1.3869063733
1.3879063733
1.3889063733
1.3899063733
1.3909063733
1.3919063733
1.3929063733
1.3939063733
1.3949063733
1.3959063733
1.3969063733
1.3979063733
1.3989063733
1.3999063733
1.4009063733
1.4019063733
1.4029063733
1.4039063733
1.4049063733
