# $W$ = 300 nm, $h$ = 300 nm, $s$ = 20 nm, $d/W = 5$, $E_{\rm e}$ = 200 keV
0.7186286983
0.7196286983
0.7206286983
0.7216286983
0.7226286983
0.7236286983
0.7246286983
0.7256286983
0.7266286983
0.7276286983
0.7286286983
0.7296286983
0.7306286983
0.7316286983
0.7326286983
0.7336286983
0.7346286983
0.7356286983
0.7366286983
0.7376286983
0.7386286983
0.7396286983
0.7406286983
0.7416286983
0.7426286983
0.7436286983
0.7446286983
0.7456286983
0.7466286983
0.7476286983
0.7486286983
0.7496286983
0.7506286983
0.7516286983
0.7526286983
0.7536286983
0.7546286983
0.7556286983
0.7566286983
0.7576286983
0.7586286983
0.7596286983
0.7606286983
0.7616286983
0.7626286983
0.7636286983
0.7646286983
0.7656286983
0.7666286983
0.7676286983
0.7686286983
0.7696286983
0.7706286983
0.7716286983
0.7726286983
0.7736286983
0.7746286983
0.7756286983
0.7766286983
0.7776286983
0.7786286983
0.7796286983
0.7806286983
