# $W$ = 400 nm, $h$ = 300 nm, $s$ = 20 nm, $d/W = 5$, $E_{\rm e}$ = 200 keV
1.6405657520
1.6415657520
1.6425657520
1.6435657520
1.6445657520
1.6455657520
1.6465657520
1.6475657520
1.6485657520
1.6495657520
1.6505657520
1.6515657520
1.6525657520
1.6535657520
1.6545657520
1.6555657520
1.6565657520
1.6575657520
1.6585657520
1.6595657520
1.6605657520
1.6615657520
1.6625657520
1.6635657520
1.6645657520
1.6655657520
1.6665657520
1.6675657520
1.6685657520
1.6695657520
1.6705657520
1.6715657520
1.6725657520
1.6735657520
1.6745657520
1.6755657520
1.6765657520
1.6775657520
1.6785657520
1.6795657520
1.6805657520
1.6815657520
1.6825657520
1.6835657520
1.6845657520
1.6855657520
1.6865657520
1.6875657520
1.6885657520
1.6895657520
1.6905657520
1.6915657520
1.6925657520
1.6935657520
1.6945657520
1.6955657520
1.6965657520
1.6975657520
1.6985657520
1.6995657520
1.7005657520
1.7015657520
1.7025657520
1.7035657520
1.7045657520
1.7055657520
1.7065657520
1.7075657520
1.7085657520
1.7095657520
1.7105657520
1.7115657520
1.7125657520
1.7135657520
1.7145657520
1.7155657520
1.7165657520
1.7175657520
1.7185657520
1.7195657520
1.7205657520
1.7215657520
1.7225657520
1.7235657520
1.7245657520
1.7255657520
1.7265657520
1.7275657520
1.7285657520
1.7295657520
1.7305657520
1.7315657520
1.7325657520
1.7335657520
1.7345657520
1.7355657520
1.7365657520
1.7375657520
1.7385657520
1.7395657520
1.7405657520
1.7415657520
1.7425657520
1.7435657520
1.7445657520
1.7455657520
1.7465657520
1.7475657520
1.7485657520
1.7495657520
1.7505657520
1.7515657520
1.7525657520
1.7535657520
1.7545657520
1.7555657520
1.7565657520
1.7575657520
1.7585657520
1.7595657520
1.7605657520
1.7615657520
1.7625657520
1.7635657520
1.7645657520
1.7655657520
1.7665657520
1.7675657520
1.7685657520
1.7695657520
1.7705657520
1.7715657520
1.7725657520
1.7735657520
1.7745657520
1.7755657520
1.7765657520
1.7775657520
1.7785657520
1.7795657520
1.7805657520
1.7815657520
1.7825657520
1.7835657520
1.7845657520
1.7855657520
1.7865657520
1.7875657520
1.7885657520
1.7895657520
1.7905657520
1.7915657520
1.7925657520
1.7935657520
1.7945657520
1.7955657520
1.7965657520
1.7975657520
1.7985657520
1.7995657520
1.8005657520
1.8015657520
1.8025657520
1.8035657520
1.8045657520
1.8055657520
1.8065657520
1.8075657520
1.8085657520
1.8095657520
1.8105657520
1.8115657520
1.8125657520
1.8135657520
1.8145657520
1.8155657520
1.8165657520
1.8175657520
1.8185657520
1.8195657520
1.8205657520
1.8215657520
1.8225657520
1.8235657520
1.8245657520
1.8255657520
1.8265657520
1.8275657520
1.8285657520
1.8295657520
1.8305657520
1.8315657520
1.8325657520
1.8335657520
1.8345657520
1.8355657520
1.8365657520
1.8375657520
1.8385657520
1.8395657520
1.8405657520
1.8415657520
1.8425657520
1.8435657520
1.8445657520
1.8455657520
1.8465657520
1.8475657520
1.8485657520
1.8495657520
1.8505657520
1.8515657520
1.8525657520
1.8535657520
1.8545657520
1.8555657520
1.8565657520
1.8575657520
1.8585657520
1.8595657520
1.8605657520
1.8615657520
1.8625657520
1.8635657520
1.8645657520
