# $W$ = 400 nm, $h$ = 300 nm, $s$ = 20 nm, $d/W = 5$, $E_{\rm e}$ = 200 keV
1.6405258116
1.6415258116
1.6425258116
1.6435258116
1.6445258116
1.6455258116
1.6465258116
1.6475258116
1.6485258116
1.6495258116
1.6505258116
1.6515258116
1.6525258116
1.6535258116
1.6545258116
1.6555258116
1.6565258116
1.6575258116
1.6585258116
1.6595258116
1.6605258116
1.6615258116
1.6625258116
1.6635258116
1.6645258116
1.6655258116
1.6665258116
1.6675258116
1.6685258116
1.6695258116
1.6705258116
1.6715258116
1.6725258116
1.6735258116
1.6745258116
1.6755258116
1.6765258116
1.6775258116
1.6785258116
1.6795258116
1.6805258116
1.6815258116
1.6825258116
1.6835258116
1.6845258116
1.6855258116
1.6865258116
1.6875258116
1.6885258116
1.6895258116
1.6905258116
1.6915258116
1.6925258116
1.6935258116
1.6945258116
1.6955258116
1.6965258116
1.6975258116
1.6985258116
1.6995258116
1.7005258116
1.7015258116
1.7025258116
1.7035258116
1.7045258116
1.7055258116
1.7065258116
1.7075258116
1.7085258116
1.7095258116
1.7105258116
1.7115258116
1.7125258116
1.7135258116
1.7145258116
1.7155258116
1.7165258116
1.7175258116
1.7185258116
1.7195258116
1.7205258116
1.7215258116
1.7225258116
1.7235258116
1.7245258116
1.7255258116
1.7265258116
1.7275258116
1.7285258116
1.7295258116
1.7305258116
1.7315258116
1.7325258116
1.7335258116
1.7345258116
1.7355258116
1.7365258116
1.7375258116
1.7385258116
1.7395258116
1.7405258116
1.7415258116
1.7425258116
1.7435258116
1.7445258116
1.7455258116
1.7465258116
1.7475258116
1.7485258116
1.7495258116
1.7505258116
1.7515258116
1.7525258116
1.7535258116
1.7545258116
1.7555258116
1.7565258116
1.7575258116
1.7585258116
1.7595258116
1.7605258116
1.7615258116
1.7625258116
1.7635258116
1.7645258116
1.7655258116
1.7665258116
1.7675258116
1.7685258116
1.7695258116
1.7705258116
1.7715258116
1.7725258116
1.7735258116
1.7745258116
1.7755258116
1.7765258116
1.7775258116
1.7785258116
1.7795258116
1.7805258116
1.7815258116
1.7825258116
1.7835258116
1.7845258116
1.7855258116
1.7865258116
1.7875258116
1.7885258116
1.7895258116
1.7905258116
1.7915258116
1.7925258116
1.7935258116
1.7945258116
1.7955258116
1.7965258116
1.7975258116
1.7985258116
1.7995258116
1.8005258116
1.8015258116
1.8025258116
1.8035258116
1.8045258116
1.8055258116
1.8065258116
1.8075258116
1.8085258116
1.8095258116
1.8105258116
1.8115258116
1.8125258116
1.8135258116
1.8145258116
1.8155258116
1.8165258116
1.8175258116
1.8185258116
1.8195258116
1.8205258116
1.8215258116
1.8225258116
1.8235258116
1.8245258116
1.8255258116
1.8265258116
1.8275258116
1.8285258116
1.8295258116
1.8305258116
1.8315258116
1.8325258116
1.8335258116
1.8345258116
1.8355258116
1.8365258116
1.8375258116
1.8385258116
1.8395258116
1.8405258116
1.8415258116
1.8425258116
1.8435258116
1.8445258116
1.8455258116
1.8465258116
1.8475258116
1.8485258116
1.8495258116
1.8505258116
1.8515258116
1.8525258116
1.8535258116
1.8545258116
1.8555258116
1.8565258116
1.8575258116
1.8585258116
1.8595258116
1.8605258116
1.8615258116
1.8625258116
1.8635258116
1.8645258116
