# $W$ = 400 nm, $h$ = 300 nm, $s$ = 20 nm, $d/W = 5$, $E_{\rm e}$ = 200 keV
0.2638202111
0.2648202111
0.2658202111
0.2668202111
0.2678202111
0.2688202111
0.2698202111
0.2708202111
0.2718202111
0.2728202111
0.2738202111
0.2748202111
0.2758202111
0.2768202111
0.2778202111
0.2788202111
0.2798202111
0.2808202111
0.2818202111
0.2828202111
0.2838202111
0.2848202111
0.2858202111
0.2868202111
0.2878202111
0.2888202111
0.2898202111
0.2908202111
0.2918202111
0.2928202111
0.2938202111
0.2948202111
0.2958202111
0.2968202111
0.2978202111
0.2988202111
0.2998202111
0.3008202111
0.3018202111
0.3028202111
0.3038202111
0.3048202111
0.3058202111
0.3068202111
0.3078202111
0.3088202111
0.3098202111
0.3108202111
0.3118202111
0.3128202111
0.3138202111
0.3148202111
0.3158202111
0.3168202111
0.3178202111
0.3188202111
0.3198202111
0.3208202111
0.3218202111
0.3228202111
0.3238202111
0.3248202111
0.3258202111
0.3268202111
0.3278202111
0.3288202111
0.3298202111
0.3308202111
0.3318202111
0.3328202111
0.3338202111
0.3348202111
0.3358202111
0.3368202111
0.3378202111
0.3388202111
0.3398202111
0.3408202111
0.3418202111
0.3428202111
0.3438202111
0.3448202111
0.3458202111
0.3468202111
0.3478202111
0.3488202111
0.3498202111
0.3508202111
0.3518202111
0.3528202111
0.3538202111
0.3548202111
0.3558202111
0.3568202111
0.3578202111
0.3588202111
0.3598202111
0.3608202111
0.3618202111
0.3628202111
0.3638202111
0.3648202111
0.3658202111
0.3668202111
0.3678202111
0.3688202111
0.3698202111
0.3708202111
0.3718202111
0.3728202111
0.3738202111
0.3748202111
0.3758202111
0.3768202111
0.3778202111
0.3788202111
0.3798202111
0.3808202111
0.3818202111
0.3828202111
0.3838202111
0.3848202111
0.3858202111
0.3868202111
0.3878202111
0.3888202111
0.3898202111
0.3908202111
0.3918202111
0.3928202111
0.3938202111
0.3948202111
0.3958202111
0.3968202111
0.3978202111
0.3988202111
0.3998202111
0.4008202111
0.4018202111
0.4028202111
0.4038202111
0.4048202111
0.4058202111
0.4068202111
0.4078202111
0.4088202111
0.4098202111
0.4108202111
0.4118202111
0.4128202111
0.4138202111
0.4148202111
0.4158202111
0.4168202111
0.4178202111
0.4188202111
0.4198202111
0.4208202111
0.4218202111
0.4228202111
0.4238202111
0.4248202111
0.4258202111
0.4268202111
0.4278202111
0.4288202111
0.4298202111
0.4308202111
0.4318202111
0.4328202111
0.4338202111
0.4348202111
0.4358202111
0.4368202111
0.4378202111
0.4388202111
0.4398202111
0.4408202111
0.4418202111
0.4428202111
0.4438202111
0.4448202111
0.4458202111
0.4468202111
0.4478202111
0.4488202111
0.4498202111
0.4508202111
0.4518202111
0.4528202111
0.4538202111
0.4548202111
0.4558202111
0.4568202111
0.4578202111
0.4588202111
0.4598202111
0.4608202111
0.4618202111
0.4628202111
0.4638202111
0.4648202111
0.4658202111
0.4668202111
0.4678202111
0.4688202111
0.4698202111
0.4708202111
0.4718202111
0.4728202111
0.4738202111
0.4748202111
0.4758202111
0.4768202111
0.4778202111
0.4788202111
0.4798202111
0.4808202111
0.4818202111
0.4828202111
0.4838202111
0.4848202111
0.4858202111
0.4868202111
0.4878202111
0.4888202111
0.4898202111
0.4908202111
0.4918202111
0.4928202111
0.4938202111
0.4948202111
0.4958202111
0.4968202111
0.4978202111
0.4988202111
0.4998202111
0.5008202111
0.5018202111
0.5028202111
0.5038202111
0.5048202111
0.5058202111
0.5068202111
0.5078202111
0.5088202111
0.5098202111
0.5108202111
0.5118202111
0.5128202111
0.5138202111
0.5148202111
0.5158202111
0.5168202111
0.5178202111
0.5188202111
0.5198202111
0.5208202111
0.5218202111
0.5228202111
0.5238202111
0.5248202111
0.5258202111
0.5268202111
0.5278202111
0.5288202111
0.5298202111
0.5308202111
0.5318202111
0.5328202111
0.5338202111
0.5348202111
0.5358202111
0.5368202111
0.5378202111
0.5388202111
0.5398202111
0.5408202111
0.5418202111
0.5428202111
0.5438202111
0.5448202111
0.5458202111
0.5468202111
0.5478202111
0.5488202111
0.5498202111
0.5508202111
0.5518202111
0.5528202111
0.5538202111
0.5548202111
0.5558202111
0.5568202111
0.5578202111
0.5588202111
0.5598202111
0.5608202111
0.5618202111
0.5628202111
0.5638202111
0.5648202111
0.5658202111
0.5668202111
0.5678202111
0.5688202111
0.5698202111
0.5708202111
0.5718202111
0.5728202111
0.5738202111
0.5748202111
0.5758202111
0.5768202111
0.5778202111
0.5788202111
0.5798202111
0.5808202111
0.5818202111
0.5828202111
0.5838202111
0.5848202111
0.5858202111
0.5868202111
0.5878202111
0.5888202111
0.5898202111
0.5908202111
0.5918202111
0.5928202111
0.5938202111
0.5948202111
0.5958202111
0.5968202111
0.5978202111
0.5988202111
0.5998202111
0.6008202111
0.6018202111
0.6028202111
0.6038202111
0.6048202111
0.6058202111
0.6068202111
0.6078202111
0.6088202111
0.6098202111
0.6108202111
0.6118202111
0.6128202111
0.6138202111
0.6148202111
0.6158202111
0.6168202111
0.6178202111
0.6188202111
0.6198202111
0.6208202111
0.6218202111
0.6228202111
0.6238202111
0.6248202111
0.6258202111
0.6268202111
0.6278202111
0.6288202111
0.6298202111
0.6308202111
0.6318202111
0.6328202111
0.6338202111
0.6348202111
0.6358202111
0.6368202111
0.6378202111
0.6388202111
0.6398202111
0.6408202111
0.6418202111
0.6428202111
0.6438202111
0.6448202111
0.6458202111
0.6468202111
0.6478202111
0.6488202111
0.6498202111
0.6508202111
0.6518202111
0.6528202111
0.6538202111
0.6548202111
0.6558202111
0.6568202111
0.6578202111
0.6588202111
0.6598202111
0.6608202111
0.6618202111
0.6628202111
0.6638202111
0.6648202111
0.6658202111
0.6668202111
0.6678202111
0.6688202111
0.6698202111
0.6708202111
0.6718202111
0.6728202111
0.6738202111
0.6748202111
0.6758202111
0.6768202111
0.6778202111
0.6788202111
0.6798202111
0.6808202111
0.6818202111
0.6828202111
0.6838202111
0.6848202111
0.6858202111
0.6868202111
0.6878202111
0.6888202111
0.6898202111
0.6908202111
0.6918202111
0.6928202111
0.6938202111
0.6948202111
0.6958202111
0.6968202111
0.6978202111
0.6988202111
0.6998202111
0.7008202111
0.7018202111
0.7028202111
0.7038202111
0.7048202111
0.7058202111
0.7068202111
0.7078202111
0.7088202111
0.7098202111
0.7108202111
0.7118202111
0.7128202111
0.7138202111
0.7148202111
0.7158202111
0.7168202111
0.7178202111
0.7188202111
0.7198202111
0.7208202111
0.7218202111
0.7228202111
0.7238202111
0.7248202111
0.7258202111
0.7268202111
0.7278202111
0.7288202111
0.7298202111
0.7308202111
0.7318202111
0.7328202111
0.7338202111
0.7348202111
0.7358202111
0.7368202111
0.7378202111
0.7388202111
0.7398202111
0.7408202111
0.7418202111
0.7428202111
0.7438202111
0.7448202111
0.7458202111
0.7468202111
0.7478202111
0.7488202111
0.7498202111
0.7508202111
0.7518202111
0.7528202111
0.7538202111
0.7548202111
0.7558202111
0.7568202111
0.7578202111
0.7588202111
0.7598202111
0.7608202111
0.7618202111
0.7628202111
0.7638202111
0.7648202111
0.7658202111
0.7668202111
0.7678202111
0.7688202111
0.7698202111
0.7708202111
0.7718202111
0.7728202111
0.7738202111
0.7748202111
0.7758202111
0.7768202111
0.7778202111
0.7788202111
0.7798202111
0.7808202111
0.7818202111
0.7828202111
0.7838202111
0.7848202111
0.7858202111
0.7868202111
0.7878202111
0.7888202111
0.7898202111
0.7908202111
0.7918202111
0.7928202111
0.7938202111
0.7948202111
0.7958202111
0.7968202111
0.7978202111
0.7988202111
0.7998202111
0.8008202111
0.8018202111
0.8028202111
0.8038202111
0.8048202111
0.8058202111
0.8068202111
0.8078202111
0.8088202111
0.8098202111
0.8108202111
0.8118202111
0.8128202111
0.8138202111
0.8148202111
0.8158202111
0.8168202111
0.8178202111
0.8188202111
0.8198202111
0.8208202111
0.8218202111
0.8228202111
0.8238202111
0.8248202111
0.8258202111
0.8268202111
0.8278202111
0.8288202111
0.8298202111
0.8308202111
0.8318202111
0.8328202111
0.8338202111
0.8348202111
0.8358202111
0.8368202111
0.8378202111
0.8388202111
0.8398202111
0.8408202111
0.8418202111
0.8428202111
0.8438202111
0.8448202111
0.8458202111
0.8468202111
0.8478202111
0.8488202111
0.8498202111
0.8508202111
0.8518202111
0.8528202111
0.8538202111
0.8548202111
0.8558202111
0.8568202111
0.8578202111
0.8588202111
0.8598202111
0.8608202111
0.8618202111
0.8628202111
0.8638202111
0.8648202111
0.8658202111
0.8668202111
0.8678202111
0.8688202111
0.8698202111
0.8708202111
0.8718202111
0.8728202111
0.8738202111
0.8748202111
0.8758202111
0.8768202111
0.8778202111
0.8788202111
0.8798202111
0.8808202111
0.8818202111
0.8828202111
0.8838202111
0.8848202111
0.8858202111
0.8868202111
0.8878202111
0.8888202111
0.8898202111
0.8908202111
0.8918202111
0.8928202111
0.8938202111
0.8948202111
0.8958202111
0.8968202111
0.8978202111
0.8988202111
0.8998202111
0.9008202111
0.9018202111
0.9028202111
0.9038202111
0.9048202111
0.9058202111
0.9068202111
0.9078202111
0.9088202111
0.9098202111
0.9108202111
0.9118202111
0.9128202111
0.9138202111
0.9148202111
0.9158202111
0.9168202111
0.9178202111
0.9188202111
0.9198202111
0.9208202111
0.9218202111
0.9228202111
0.9238202111
0.9248202111
0.9258202111
0.9268202111
0.9278202111
0.9288202111
0.9298202111
0.9308202111
0.9318202111
0.9328202111
0.9338202111
0.9348202111
0.9358202111
0.9368202111
0.9378202111
0.9388202111
0.9398202111
0.9408202111
0.9418202111
0.9428202111
0.9438202111
0.9448202111
0.9458202111
0.9468202111
0.9478202111
0.9488202111
0.9498202111
0.9508202111
0.9518202111
0.9528202111
0.9538202111
0.9548202111
0.9558202111
0.9568202111
0.9578202111
0.9588202111
0.9598202111
0.9608202111
0.9618202111
0.9628202111
0.9638202111
0.9648202111
0.9658202111
0.9668202111
0.9678202111
0.9688202111
0.9698202111
0.9708202111
0.9718202111
0.9728202111
0.9738202111
0.9748202111
0.9758202111
0.9768202111
0.9778202111
0.9788202111
0.9798202111
0.9808202111
0.9818202111
0.9828202111
0.9838202111
0.9848202111
0.9858202111
0.9868202111
0.9878202111
0.9888202111
0.9898202111
0.9908202111
0.9918202111
0.9928202111
