# $W$ = 400 nm, $h$ = 300 nm, $s$ = 20 nm, $d/W = 5$, $E_{\rm e}$ = 200 keV
0.2636883879
0.2646883879
0.2656883879
0.2666883879
0.2676883879
0.2686883879
0.2696883879
0.2706883879
0.2716883879
0.2726883879
0.2736883879
0.2746883879
0.2756883879
0.2766883879
0.2776883879
0.2786883879
0.2796883879
0.2806883879
0.2816883879
0.2826883879
0.2836883879
0.2846883879
0.2856883879
0.2866883879
0.2876883879
0.2886883879
0.2896883879
0.2906883879
0.2916883879
0.2926883879
0.2936883879
0.2946883879
0.2956883879
0.2966883879
0.2976883879
0.2986883879
0.2996883879
0.3006883879
0.3016883879
0.3026883879
0.3036883879
0.3046883879
0.3056883879
0.3066883879
0.3076883879
0.3086883879
0.3096883879
0.3106883879
0.3116883879
0.3126883879
0.3136883879
0.3146883879
0.3156883879
0.3166883879
0.3176883879
0.3186883879
0.3196883879
0.3206883879
0.3216883879
0.3226883879
0.3236883879
0.3246883879
0.3256883879
0.3266883879
0.3276883879
0.3286883879
0.3296883879
0.3306883879
0.3316883879
0.3326883879
0.3336883879
0.3346883879
0.3356883879
0.3366883879
0.3376883879
0.3386883879
0.3396883879
0.3406883879
0.3416883879
0.3426883879
0.3436883879
0.3446883879
0.3456883879
0.3466883879
0.3476883879
0.3486883879
0.3496883879
0.3506883879
0.3516883879
0.3526883879
0.3536883879
0.3546883879
0.3556883879
0.3566883879
0.3576883879
0.3586883879
0.3596883879
0.3606883879
0.3616883879
0.3626883879
0.3636883879
0.3646883879
0.3656883879
0.3666883879
0.3676883879
0.3686883879
0.3696883879
0.3706883879
0.3716883879
0.3726883879
0.3736883879
0.3746883879
0.3756883879
0.3766883879
0.3776883879
0.3786883879
0.3796883879
0.3806883879
0.3816883879
0.3826883879
0.3836883879
0.3846883879
0.3856883879
0.3866883879
0.3876883879
0.3886883879
0.3896883879
0.3906883879
0.3916883879
0.3926883879
0.3936883879
0.3946883879
0.3956883879
0.3966883879
0.3976883879
0.3986883879
0.3996883879
0.4006883879
0.4016883879
0.4026883879
0.4036883879
0.4046883879
0.4056883879
0.4066883879
0.4076883879
0.4086883879
0.4096883879
0.4106883879
0.4116883879
0.4126883879
0.4136883879
0.4146883879
0.4156883879
0.4166883879
0.4176883879
0.4186883879
0.4196883879
0.4206883879
0.4216883879
0.4226883879
0.4236883879
0.4246883879
0.4256883879
0.4266883879
0.4276883879
0.4286883879
0.4296883879
0.4306883879
0.4316883879
0.4326883879
0.4336883879
0.4346883879
0.4356883879
0.4366883879
0.4376883879
0.4386883879
0.4396883879
0.4406883879
0.4416883879
0.4426883879
0.4436883879
0.4446883879
0.4456883879
0.4466883879
0.4476883879
0.4486883879
0.4496883879
0.4506883879
0.4516883879
0.4526883879
0.4536883879
0.4546883879
0.4556883879
0.4566883879
0.4576883879
0.4586883879
0.4596883879
0.4606883879
0.4616883879
0.4626883879
0.4636883879
0.4646883879
0.4656883879
0.4666883879
0.4676883879
0.4686883879
0.4696883879
0.4706883879
0.4716883879
0.4726883879
0.4736883879
0.4746883879
0.4756883879
0.4766883879
0.4776883879
0.4786883879
0.4796883879
0.4806883879
0.4816883879
0.4826883879
0.4836883879
0.4846883879
0.4856883879
0.4866883879
0.4876883879
0.4886883879
0.4896883879
0.4906883879
0.4916883879
0.4926883879
0.4936883879
0.4946883879
0.4956883879
0.4966883879
0.4976883879
0.4986883879
0.4996883879
0.5006883879
0.5016883879
0.5026883879
0.5036883879
0.5046883879
0.5056883879
0.5066883879
0.5076883879
0.5086883879
0.5096883879
0.5106883879
0.5116883879
0.5126883879
0.5136883879
0.5146883879
0.5156883879
0.5166883879
0.5176883879
0.5186883879
0.5196883879
0.5206883879
0.5216883879
0.5226883879
0.5236883879
0.5246883879
0.5256883879
0.5266883879
0.5276883879
0.5286883879
0.5296883879
0.5306883879
0.5316883879
0.5326883879
0.5336883879
0.5346883879
0.5356883879
0.5366883879
0.5376883879
0.5386883879
0.5396883879
0.5406883879
0.5416883879
0.5426883879
0.5436883879
0.5446883879
0.5456883879
0.5466883879
0.5476883879
0.5486883879
0.5496883879
0.5506883879
0.5516883879
0.5526883879
0.5536883879
0.5546883879
0.5556883879
0.5566883879
0.5576883879
0.5586883879
0.5596883879
0.5606883879
0.5616883879
0.5626883879
0.5636883879
0.5646883879
0.5656883879
0.5666883879
0.5676883879
0.5686883879
0.5696883879
0.5706883879
0.5716883879
0.5726883879
0.5736883879
0.5746883879
0.5756883879
0.5766883879
0.5776883879
0.5786883879
0.5796883879
0.5806883879
0.5816883879
0.5826883879
0.5836883879
0.5846883879
0.5856883879
0.5866883879
0.5876883879
0.5886883879
0.5896883879
0.5906883879
0.5916883879
0.5926883879
0.5936883879
0.5946883879
0.5956883879
0.5966883879
0.5976883879
0.5986883879
0.5996883879
0.6006883879
0.6016883879
0.6026883879
0.6036883879
0.6046883879
0.6056883879
0.6066883879
0.6076883879
0.6086883879
0.6096883879
0.6106883879
0.6116883879
0.6126883879
0.6136883879
0.6146883879
0.6156883879
0.6166883879
0.6176883879
0.6186883879
0.6196883879
0.6206883879
0.6216883879
0.6226883879
0.6236883879
0.6246883879
0.6256883879
0.6266883879
0.6276883879
0.6286883879
0.6296883879
0.6306883879
0.6316883879
0.6326883879
0.6336883879
0.6346883879
0.6356883879
0.6366883879
0.6376883879
0.6386883879
0.6396883879
0.6406883879
0.6416883879
0.6426883879
0.6436883879
0.6446883879
0.6456883879
0.6466883879
0.6476883879
0.6486883879
0.6496883879
0.6506883879
0.6516883879
0.6526883879
0.6536883879
0.6546883879
0.6556883879
0.6566883879
0.6576883879
0.6586883879
0.6596883879
0.6606883879
0.6616883879
0.6626883879
0.6636883879
0.6646883879
0.6656883879
0.6666883879
0.6676883879
0.6686883879
0.6696883879
0.6706883879
0.6716883879
0.6726883879
0.6736883879
0.6746883879
0.6756883879
0.6766883879
0.6776883879
0.6786883879
0.6796883879
0.6806883879
0.6816883879
0.6826883879
0.6836883879
0.6846883879
0.6856883879
0.6866883879
0.6876883879
0.6886883879
0.6896883879
0.6906883879
0.6916883879
0.6926883879
0.6936883879
0.6946883879
0.6956883879
0.6966883879
0.6976883879
0.6986883879
0.6996883879
0.7006883879
0.7016883879
0.7026883879
0.7036883879
0.7046883879
0.7056883879
0.7066883879
0.7076883879
0.7086883879
0.7096883879
0.7106883879
0.7116883879
0.7126883879
0.7136883879
0.7146883879
0.7156883879
0.7166883879
0.7176883879
0.7186883879
0.7196883879
0.7206883879
0.7216883879
0.7226883879
0.7236883879
0.7246883879
0.7256883879
0.7266883879
0.7276883879
0.7286883879
0.7296883879
0.7306883879
0.7316883879
0.7326883879
0.7336883879
0.7346883879
0.7356883879
0.7366883879
0.7376883879
0.7386883879
0.7396883879
0.7406883879
0.7416883879
0.7426883879
0.7436883879
0.7446883879
0.7456883879
0.7466883879
0.7476883879
0.7486883879
0.7496883879
0.7506883879
0.7516883879
0.7526883879
0.7536883879
0.7546883879
0.7556883879
0.7566883879
0.7576883879
0.7586883879
0.7596883879
0.7606883879
0.7616883879
0.7626883879
0.7636883879
0.7646883879
0.7656883879
0.7666883879
0.7676883879
0.7686883879
0.7696883879
0.7706883879
0.7716883879
0.7726883879
0.7736883879
0.7746883879
0.7756883879
0.7766883879
0.7776883879
0.7786883879
0.7796883879
0.7806883879
0.7816883879
0.7826883879
0.7836883879
0.7846883879
0.7856883879
0.7866883879
0.7876883879
0.7886883879
0.7896883879
0.7906883879
0.7916883879
0.7926883879
0.7936883879
0.7946883879
0.7956883879
0.7966883879
0.7976883879
0.7986883879
0.7996883879
0.8006883879
0.8016883879
0.8026883879
0.8036883879
0.8046883879
0.8056883879
0.8066883879
0.8076883879
0.8086883879
0.8096883879
0.8106883879
0.8116883879
0.8126883879
0.8136883879
0.8146883879
0.8156883879
0.8166883879
0.8176883879
0.8186883879
0.8196883879
0.8206883879
0.8216883879
0.8226883879
0.8236883879
0.8246883879
0.8256883879
0.8266883879
0.8276883879
0.8286883879
0.8296883879
0.8306883879
0.8316883879
0.8326883879
0.8336883879
0.8346883879
0.8356883879
0.8366883879
0.8376883879
0.8386883879
0.8396883879
0.8406883879
0.8416883879
0.8426883879
0.8436883879
0.8446883879
0.8456883879
0.8466883879
0.8476883879
0.8486883879
0.8496883879
0.8506883879
0.8516883879
0.8526883879
0.8536883879
0.8546883879
0.8556883879
0.8566883879
0.8576883879
0.8586883879
0.8596883879
0.8606883879
0.8616883879
0.8626883879
0.8636883879
0.8646883879
0.8656883879
0.8666883879
0.8676883879
0.8686883879
0.8696883879
0.8706883879
0.8716883879
0.8726883879
0.8736883879
0.8746883879
0.8756883879
0.8766883879
0.8776883879
0.8786883879
0.8796883879
0.8806883879
0.8816883879
0.8826883879
0.8836883879
0.8846883879
0.8856883879
0.8866883879
0.8876883879
0.8886883879
0.8896883879
0.8906883879
0.8916883879
0.8926883879
0.8936883879
0.8946883879
0.8956883879
0.8966883879
0.8976883879
0.8986883879
0.8996883879
0.9006883879
0.9016883879
0.9026883879
0.9036883879
0.9046883879
0.9056883879
0.9066883879
0.9076883879
0.9086883879
0.9096883879
0.9106883879
0.9116883879
0.9126883879
0.9136883879
0.9146883879
0.9156883879
0.9166883879
0.9176883879
0.9186883879
0.9196883879
0.9206883879
0.9216883879
0.9226883879
0.9236883879
0.9246883879
0.9256883879
0.9266883879
0.9276883879
0.9286883879
0.9296883879
0.9306883879
0.9316883879
0.9326883879
0.9336883879
0.9346883879
0.9356883879
0.9366883879
0.9376883879
0.9386883879
0.9396883879
0.9406883879
0.9416883879
0.9426883879
0.9436883879
0.9446883879
0.9456883879
0.9466883879
0.9476883879
0.9486883879
0.9496883879
0.9506883879
0.9516883879
0.9526883879
0.9536883879
0.9546883879
0.9556883879
0.9566883879
0.9576883879
0.9586883879
0.9596883879
0.9606883879
0.9616883879
0.9626883879
0.9636883879
0.9646883879
0.9656883879
0.9666883879
0.9676883879
0.9686883879
0.9696883879
0.9706883879
0.9716883879
0.9726883879
0.9736883879
0.9746883879
0.9756883879
0.9766883879
0.9776883879
0.9786883879
0.9796883879
0.9806883879
0.9816883879
0.9826883879
0.9836883879
0.9846883879
0.9856883879
0.9866883879
0.9876883879
0.9886883879
0.9896883879
0.9906883879
0.9916883879
0.9926883879
0.9936883879
