# $W$ = 300 nm, $h$ = 300 nm, $s$ = 20 nm, $d/W = 5$, $E_{\rm e}$ = 200 keV
0.7186319222
0.7196319222
0.7206319222
0.7216319222
0.7226319222
0.7236319222
0.7246319222
0.7256319222
0.7266319222
0.7276319222
0.7286319222
0.7296319222
0.7306319222
0.7316319222
0.7326319222
0.7336319222
0.7346319222
0.7356319222
0.7366319222
0.7376319222
0.7386319222
0.7396319222
0.7406319222
0.7416319222
0.7426319222
0.7436319222
0.7446319222
0.7456319222
0.7466319222
0.7476319222
0.7486319222
0.7496319222
0.7506319222
0.7516319222
0.7526319222
0.7536319222
0.7546319222
0.7556319222
0.7566319222
0.7576319222
0.7586319222
0.7596319222
0.7606319222
0.7616319222
0.7626319222
0.7636319222
0.7646319222
0.7656319222
0.7666319222
0.7676319222
0.7686319222
0.7696319222
0.7706319222
0.7716319222
0.7726319222
0.7736319222
0.7746319222
0.7756319222
0.7766319222
0.7776319222
0.7786319222
0.7796319222
0.7806319222
