# $W$ = 300 nm, $h$ = 300 nm, $s$ = 20 nm, $d/W = 5$, $E_{\rm e}$ = 200 keV
1.1707980235
1.1717980235
1.1727980235
1.1737980235
1.1747980235
1.1757980235
1.1767980235
1.1777980235
1.1787980235
1.1797980235
1.1807980235
1.1817980235
1.1827980235
1.1837980235
1.1847980235
1.1857980235
1.1867980235
1.1877980235
1.1887980235
1.1897980235
1.1907980235
1.1917980235
1.1927980235
1.1937980235
1.1947980235
1.1957980235
1.1967980235
1.1977980235
1.1987980235
1.1997980235
1.2007980235
1.2017980235
1.2027980235
1.2037980235
1.2047980235
1.2057980235
1.2067980235
1.2077980235
1.2087980235
1.2097980235
1.2107980235
1.2117980235
1.2127980235
1.2137980235
1.2147980235
1.2157980235
1.2167980235
1.2177980235
1.2187980235
1.2197980235
1.2207980235
1.2217980235
1.2227980235
1.2237980235
1.2247980235
1.2257980235
1.2267980235
1.2277980235
1.2287980235
1.2297980235
1.2307980235
1.2317980235
1.2327980235
1.2337980235
1.2347980235
1.2357980235
1.2367980235
1.2377980235
1.2387980235
1.2397980235
1.2407980235
1.2417980235
1.2427980235
1.2437980235
1.2447980235
1.2457980235
1.2467980235
1.2477980235
1.2487980235
1.2497980235
1.2507980235
1.2517980235
1.2527980235
1.2537980235
1.2547980235
1.2557980235
1.2567980235
1.2577980235
1.2587980235
1.2597980235
1.2607980235
1.2617980235
1.2627980235
1.2637980235
1.2647980235
1.2657980235
1.2667980235
1.2677980235
1.2687980235
1.2697980235
1.2707980235
1.2717980235
1.2727980235
1.2737980235
