# $W$ = 300 nm, $h$ = 300 nm, $s$ = 20 nm, $d/W = 5$, $E_{\rm e}$ = 200 keV
1.1707965049
1.1717965049
1.1727965049
1.1737965049
1.1747965049
1.1757965049
1.1767965049
1.1777965049
1.1787965049
1.1797965049
1.1807965049
1.1817965049
1.1827965049
1.1837965049
1.1847965049
1.1857965049
1.1867965049
1.1877965049
1.1887965049
1.1897965049
1.1907965049
1.1917965049
1.1927965049
1.1937965049
1.1947965049
1.1957965049
1.1967965049
1.1977965049
1.1987965049
1.1997965049
1.2007965049
1.2017965049
1.2027965049
1.2037965049
1.2047965049
1.2057965049
1.2067965049
1.2077965049
1.2087965049
1.2097965049
1.2107965049
1.2117965049
1.2127965049
1.2137965049
1.2147965049
1.2157965049
1.2167965049
1.2177965049
1.2187965049
1.2197965049
1.2207965049
1.2217965049
1.2227965049
1.2237965049
1.2247965049
1.2257965049
1.2267965049
1.2277965049
1.2287965049
1.2297965049
1.2307965049
1.2317965049
1.2327965049
1.2337965049
1.2347965049
1.2357965049
1.2367965049
1.2377965049
1.2387965049
1.2397965049
1.2407965049
1.2417965049
1.2427965049
1.2437965049
1.2447965049
1.2457965049
1.2467965049
1.2477965049
1.2487965049
1.2497965049
1.2507965049
1.2517965049
1.2527965049
1.2537965049
1.2547965049
1.2557965049
1.2567965049
1.2577965049
1.2587965049
1.2597965049
1.2607965049
1.2617965049
1.2627965049
1.2637965049
1.2647965049
1.2657965049
1.2667965049
1.2677965049
1.2687965049
1.2697965049
1.2707965049
1.2717965049
1.2727965049
1.2737965049
