# $W$ = 300 nm, $h$ = 300 nm, $s$ = 20 nm, $d/W = 5$, $E_{\rm e}$ = 200 keV
1.6842164241
1.6852164241
1.6862164241
1.6872164241
1.6882164241
1.6892164241
1.6902164241
1.6912164241
1.6922164241
1.6932164241
1.6942164241
1.6952164241
1.6962164241
1.6972164241
1.6982164241
1.6992164241
1.7002164241
1.7012164241
1.7022164241
1.7032164241
1.7042164241
1.7052164241
1.7062164241
1.7072164241
1.7082164241
1.7092164241
1.7102164241
1.7112164241
1.7122164241
1.7132164241
1.7142164241
1.7152164241
1.7162164241
1.7172164241
1.7182164241
1.7192164241
1.7202164241
1.7212164241
1.7222164241
1.7232164241
1.7242164241
1.7252164241
1.7262164241
1.7272164241
1.7282164241
1.7292164241
1.7302164241
1.7312164241
1.7322164241
1.7332164241
1.7342164241
1.7352164241
1.7362164241
1.7372164241
1.7382164241
1.7392164241
1.7402164241
1.7412164241
1.7422164241
1.7432164241
1.7442164241
1.7452164241
1.7462164241
1.7472164241
1.7482164241
1.7492164241
1.7502164241
1.7512164241
1.7522164241
1.7532164241
1.7542164241
1.7552164241
1.7562164241
1.7572164241
1.7582164241
1.7592164241
1.7602164241
1.7612164241
1.7622164241
1.7632164241
1.7642164241
1.7652164241
1.7662164241
1.7672164241
1.7682164241
1.7692164241
1.7702164241
1.7712164241
1.7722164241
1.7732164241
1.7742164241
1.7752164241
1.7762164241
1.7772164241
1.7782164241
1.7792164241
1.7802164241
1.7812164241
1.7822164241
1.7832164241
1.7842164241
1.7852164241
1.7862164241
1.7872164241
1.7882164241
1.7892164241
1.7902164241
1.7912164241
1.7922164241
1.7932164241
1.7942164241
1.7952164241
1.7962164241
1.7972164241
1.7982164241
1.7992164241
1.8002164241
1.8012164241
1.8022164241
1.8032164241
1.8042164241
1.8052164241
1.8062164241
1.8072164241
1.8082164241
1.8092164241
1.8102164241
1.8112164241
1.8122164241
1.8132164241
1.8142164241
1.8152164241
1.8162164241
1.8172164241
1.8182164241
1.8192164241
1.8202164241
1.8212164241
1.8222164241
1.8232164241
1.8242164241
1.8252164241
1.8262164241
1.8272164241
1.8282164241
1.8292164241
1.8302164241
1.8312164241
1.8322164241
1.8332164241
1.8342164241
1.8352164241
1.8362164241
1.8372164241
1.8382164241
1.8392164241
1.8402164241
1.8412164241
1.8422164241
1.8432164241
1.8442164241
1.8452164241
1.8462164241
1.8472164241
1.8482164241
1.8492164241
1.8502164241
1.8512164241
1.8522164241
1.8532164241
1.8542164241
1.8552164241
1.8562164241
1.8572164241
1.8582164241
1.8592164241
1.8602164241
1.8612164241
1.8622164241
1.8632164241
1.8642164241
1.8652164241
1.8662164241
1.8672164241
1.8682164241
1.8692164241
1.8702164241
1.8712164241
1.8722164241
1.8732164241
1.8742164241
1.8752164241
1.8762164241
1.8772164241
1.8782164241
1.8792164241
1.8802164241
1.8812164241
1.8822164241
1.8832164241
1.8842164241
1.8852164241
1.8862164241
1.8872164241
1.8882164241
1.8892164241
1.8902164241
1.8912164241
1.8922164241
1.8932164241
1.8942164241
1.8952164241
1.8962164241
1.8972164241
