# $W$ = 300 nm, $h$ = 300 nm, $s$ = 20 nm, $d/W = 5$, $E_{\rm e}$ = 200 keV
0.7186327560
0.7196327560
0.7206327560
0.7216327560
0.7226327560
0.7236327560
0.7246327560
0.7256327560
0.7266327560
0.7276327560
0.7286327560
0.7296327560
0.7306327560
0.7316327560
0.7326327560
0.7336327560
0.7346327560
0.7356327560
0.7366327560
0.7376327560
0.7386327560
0.7396327560
0.7406327560
0.7416327560
0.7426327560
0.7436327560
0.7446327560
0.7456327560
0.7466327560
0.7476327560
0.7486327560
0.7496327560
0.7506327560
0.7516327560
0.7526327560
0.7536327560
0.7546327560
0.7556327560
0.7566327560
0.7576327560
0.7586327560
0.7596327560
0.7606327560
0.7616327560
0.7626327560
0.7636327560
0.7646327560
0.7656327560
0.7666327560
0.7676327560
0.7686327560
0.7696327560
0.7706327560
0.7716327560
0.7726327560
0.7736327560
0.7746327560
0.7756327560
0.7766327560
0.7776327560
0.7786327560
0.7796327560
0.7806327560
