# $W$ = 400 nm, $h$ = 300 nm, $s$ = 20 nm, $d/W = 5$, $E_{\rm e}$ = 200 keV
1.6405735082
1.6415735082
1.6425735082
1.6435735082
1.6445735082
1.6455735082
1.6465735082
1.6475735082
1.6485735082
1.6495735082
1.6505735082
1.6515735082
1.6525735082
1.6535735082
1.6545735082
1.6555735082
1.6565735082
1.6575735082
1.6585735082
1.6595735082
1.6605735082
1.6615735082
1.6625735082
1.6635735082
1.6645735082
1.6655735082
1.6665735082
1.6675735082
1.6685735082
1.6695735082
1.6705735082
1.6715735082
1.6725735082
1.6735735082
1.6745735082
1.6755735082
1.6765735082
1.6775735082
1.6785735082
1.6795735082
1.6805735082
1.6815735082
1.6825735082
1.6835735082
1.6845735082
1.6855735082
1.6865735082
1.6875735082
1.6885735082
1.6895735082
1.6905735082
1.6915735082
1.6925735082
1.6935735082
1.6945735082
1.6955735082
1.6965735082
1.6975735082
1.6985735082
1.6995735082
1.7005735082
1.7015735082
1.7025735082
1.7035735082
1.7045735082
1.7055735082
1.7065735082
1.7075735082
1.7085735082
1.7095735082
1.7105735082
1.7115735082
1.7125735082
1.7135735082
1.7145735082
1.7155735082
1.7165735082
1.7175735082
1.7185735082
1.7195735082
1.7205735082
1.7215735082
1.7225735082
1.7235735082
1.7245735082
1.7255735082
1.7265735082
1.7275735082
1.7285735082
1.7295735082
1.7305735082
1.7315735082
1.7325735082
1.7335735082
1.7345735082
1.7355735082
1.7365735082
1.7375735082
1.7385735082
1.7395735082
1.7405735082
1.7415735082
1.7425735082
1.7435735082
1.7445735082
1.7455735082
1.7465735082
1.7475735082
1.7485735082
1.7495735082
1.7505735082
1.7515735082
1.7525735082
1.7535735082
1.7545735082
1.7555735082
1.7565735082
1.7575735082
1.7585735082
1.7595735082
1.7605735082
1.7615735082
1.7625735082
1.7635735082
1.7645735082
1.7655735082
1.7665735082
1.7675735082
1.7685735082
1.7695735082
1.7705735082
1.7715735082
1.7725735082
1.7735735082
1.7745735082
1.7755735082
1.7765735082
1.7775735082
1.7785735082
1.7795735082
1.7805735082
1.7815735082
1.7825735082
1.7835735082
1.7845735082
1.7855735082
1.7865735082
1.7875735082
1.7885735082
1.7895735082
1.7905735082
1.7915735082
1.7925735082
1.7935735082
1.7945735082
1.7955735082
1.7965735082
1.7975735082
1.7985735082
1.7995735082
1.8005735082
1.8015735082
1.8025735082
1.8035735082
1.8045735082
1.8055735082
1.8065735082
1.8075735082
1.8085735082
1.8095735082
1.8105735082
1.8115735082
1.8125735082
1.8135735082
1.8145735082
1.8155735082
1.8165735082
1.8175735082
1.8185735082
1.8195735082
1.8205735082
1.8215735082
1.8225735082
1.8235735082
1.8245735082
1.8255735082
1.8265735082
1.8275735082
1.8285735082
1.8295735082
1.8305735082
1.8315735082
1.8325735082
1.8335735082
1.8345735082
1.8355735082
1.8365735082
1.8375735082
1.8385735082
1.8395735082
1.8405735082
1.8415735082
1.8425735082
1.8435735082
1.8445735082
1.8455735082
1.8465735082
1.8475735082
1.8485735082
1.8495735082
1.8505735082
1.8515735082
1.8525735082
1.8535735082
1.8545735082
1.8555735082
1.8565735082
1.8575735082
1.8585735082
1.8595735082
1.8605735082
1.8615735082
1.8625735082
1.8635735082
1.8645735082
