# $W$ = 400 nm, $h$ = 300 nm, $s$ = 20 nm, $d/W = 5$, $E_{\rm e}$ = 200 keV
1.2089344339
1.2099344339
1.2109344339
1.2119344339
1.2129344339
1.2139344339
1.2149344339
1.2159344339
1.2169344339
1.2179344339
1.2189344339
1.2199344339
1.2209344339
1.2219344339
1.2229344339
1.2239344339
1.2249344339
1.2259344339
1.2269344339
1.2279344339
1.2289344339
1.2299344339
1.2309344339
1.2319344339
1.2329344339
1.2339344339
1.2349344339
1.2359344339
1.2369344339
1.2379344339
1.2389344339
1.2399344339
1.2409344339
1.2419344339
1.2429344339
1.2439344339
1.2449344339
1.2459344339
1.2469344339
1.2479344339
1.2489344339
1.2499344339
1.2509344339
1.2519344339
1.2529344339
1.2539344339
1.2549344339
1.2559344339
1.2569344339
1.2579344339
1.2589344339
1.2599344339
1.2609344339
1.2619344339
1.2629344339
1.2639344339
1.2649344339
1.2659344339
1.2669344339
1.2679344339
1.2689344339
1.2699344339
1.2709344339
1.2719344339
1.2729344339
1.2739344339
1.2749344339
1.2759344339
1.2769344339
1.2779344339
1.2789344339
1.2799344339
1.2809344339
1.2819344339
1.2829344339
1.2839344339
1.2849344339
1.2859344339
1.2869344339
1.2879344339
1.2889344339
1.2899344339
1.2909344339
1.2919344339
1.2929344339
1.2939344339
1.2949344339
1.2959344339
1.2969344339
1.2979344339
1.2989344339
1.2999344339
1.3009344339
1.3019344339
1.3029344339
1.3039344339
1.3049344339
1.3059344339
1.3069344339
1.3079344339
1.3089344339
1.3099344339
1.3109344339
1.3119344339
1.3129344339
1.3139344339
1.3149344339
1.3159344339
1.3169344339
