# $W$ = 300 nm, $h$ = 300 nm, $s$ = 20 nm, $d/W = 5$, $E_{\rm e}$ = 200 keV
0.7186286773
0.7196286773
0.7206286773
0.7216286773
0.7226286773
0.7236286773
0.7246286773
0.7256286773
0.7266286773
0.7276286773
0.7286286773
0.7296286773
0.7306286773
0.7316286773
0.7326286773
0.7336286773
0.7346286773
0.7356286773
0.7366286773
0.7376286773
0.7386286773
0.7396286773
0.7406286773
0.7416286773
0.7426286773
0.7436286773
0.7446286773
0.7456286773
0.7466286773
0.7476286773
0.7486286773
0.7496286773
0.7506286773
0.7516286773
0.7526286773
0.7536286773
0.7546286773
0.7556286773
0.7566286773
0.7576286773
0.7586286773
0.7596286773
0.7606286773
0.7616286773
0.7626286773
0.7636286773
0.7646286773
0.7656286773
0.7666286773
0.7676286773
0.7686286773
0.7696286773
0.7706286773
0.7716286773
0.7726286773
0.7736286773
0.7746286773
0.7756286773
0.7766286773
0.7776286773
0.7786286773
0.7796286773
0.7806286773
