# $W$ = 300 nm, $h$ = 300 nm, $s$ = 20 nm, $d/W = 5$, $E_{\rm e}$ = 200 keV
1.2981859421
1.2991859421
1.3001859421
1.3011859421
1.3021859421
1.3031859421
1.3041859421
1.3051859421
1.3061859421
1.3071859421
1.3081859421
1.3091859421
1.3101859421
1.3111859421
1.3121859421
1.3131859421
1.3141859421
1.3151859421
1.3161859421
1.3171859421
1.3181859421
1.3191859421
1.3201859421
1.3211859421
1.3221859421
1.3231859421
1.3241859421
1.3251859421
1.3261859421
1.3271859421
1.3281859421
1.3291859421
1.3301859421
1.3311859421
1.3321859421
1.3331859421
1.3341859421
1.3351859421
1.3361859421
1.3371859421
1.3381859421
1.3391859421
1.3401859421
1.3411859421
1.3421859421
1.3431859421
1.3441859421
1.3451859421
1.3461859421
1.3471859421
1.3481859421
1.3491859421
1.3501859421
1.3511859421
1.3521859421
1.3531859421
1.3541859421
1.3551859421
1.3561859421
1.3571859421
1.3581859421
1.3591859421
1.3601859421
1.3611859421
1.3621859421
1.3631859421
1.3641859421
1.3651859421
1.3661859421
1.3671859421
1.3681859421
1.3691859421
1.3701859421
1.3711859421
1.3721859421
1.3731859421
1.3741859421
1.3751859421
1.3761859421
1.3771859421
1.3781859421
1.3791859421
1.3801859421
1.3811859421
1.3821859421
1.3831859421
1.3841859421
1.3851859421
1.3861859421
1.3871859421
1.3881859421
1.3891859421
1.3901859421
1.3911859421
1.3921859421
1.3931859421
1.3941859421
1.3951859421
1.3961859421
1.3971859421
1.3981859421
1.3991859421
1.4001859421
1.4011859421
1.4021859421
1.4031859421
1.4041859421
1.4051859421
1.4061859421
1.4071859421
