# $W$ = 300 nm, $h$ = 300 nm, $s$ = 20 nm, $d/W = 5$, $E_{\rm e}$ = 200 keV
1.2998213561
1.3008213561
1.3018213561
1.3028213561
1.3038213561
1.3048213561
1.3058213561
1.3068213561
1.3078213561
1.3088213561
1.3098213561
1.3108213561
1.3118213561
1.3128213561
1.3138213561
1.3148213561
1.3158213561
1.3168213561
1.3178213561
1.3188213561
1.3198213561
1.3208213561
1.3218213561
1.3228213561
1.3238213561
1.3248213561
1.3258213561
1.3268213561
1.3278213561
1.3288213561
1.3298213561
1.3308213561
1.3318213561
1.3328213561
1.3338213561
1.3348213561
1.3358213561
1.3368213561
1.3378213561
1.3388213561
1.3398213561
1.3408213561
1.3418213561
1.3428213561
1.3438213561
1.3448213561
1.3458213561
1.3468213561
1.3478213561
1.3488213561
1.3498213561
1.3508213561
1.3518213561
1.3528213561
1.3538213561
1.3548213561
1.3558213561
1.3568213561
1.3578213561
1.3588213561
1.3598213561
1.3608213561
1.3618213561
1.3628213561
1.3638213561
1.3648213561
1.3658213561
1.3668213561
1.3678213561
1.3688213561
1.3698213561
1.3708213561
1.3718213561
1.3728213561
1.3738213561
1.3748213561
1.3758213561
1.3768213561
1.3778213561
1.3788213561
1.3798213561
1.3808213561
1.3818213561
1.3828213561
1.3838213561
1.3848213561
1.3858213561
1.3868213561
1.3878213561
1.3888213561
1.3898213561
1.3908213561
1.3918213561
1.3928213561
1.3938213561
1.3948213561
1.3958213561
1.3968213561
1.3978213561
1.3988213561
1.3998213561
1.4008213561
1.4018213561
1.4028213561
1.4038213561
1.4048213561
