# $W$ = 400 nm, $h$ = 300 nm, $s$ = 20 nm, $d/W = 5$, $E_{\rm e}$ = 200 keV
1.6405709133
1.6415709133
1.6425709133
1.6435709133
1.6445709133
1.6455709133
1.6465709133
1.6475709133
1.6485709133
1.6495709133
1.6505709133
1.6515709133
1.6525709133
1.6535709133
1.6545709133
1.6555709133
1.6565709133
1.6575709133
1.6585709133
1.6595709133
1.6605709133
1.6615709133
1.6625709133
1.6635709133
1.6645709133
1.6655709133
1.6665709133
1.6675709133
1.6685709133
1.6695709133
1.6705709133
1.6715709133
1.6725709133
1.6735709133
1.6745709133
1.6755709133
1.6765709133
1.6775709133
1.6785709133
1.6795709133
1.6805709133
1.6815709133
1.6825709133
1.6835709133
1.6845709133
1.6855709133
1.6865709133
1.6875709133
1.6885709133
1.6895709133
1.6905709133
1.6915709133
1.6925709133
1.6935709133
1.6945709133
1.6955709133
1.6965709133
1.6975709133
1.6985709133
1.6995709133
1.7005709133
1.7015709133
1.7025709133
1.7035709133
1.7045709133
1.7055709133
1.7065709133
1.7075709133
1.7085709133
1.7095709133
1.7105709133
1.7115709133
1.7125709133
1.7135709133
1.7145709133
1.7155709133
1.7165709133
1.7175709133
1.7185709133
1.7195709133
1.7205709133
1.7215709133
1.7225709133
1.7235709133
1.7245709133
1.7255709133
1.7265709133
1.7275709133
1.7285709133
1.7295709133
1.7305709133
1.7315709133
1.7325709133
1.7335709133
1.7345709133
1.7355709133
1.7365709133
1.7375709133
1.7385709133
1.7395709133
1.7405709133
1.7415709133
1.7425709133
1.7435709133
1.7445709133
1.7455709133
1.7465709133
1.7475709133
1.7485709133
1.7495709133
1.7505709133
1.7515709133
1.7525709133
1.7535709133
1.7545709133
1.7555709133
1.7565709133
1.7575709133
1.7585709133
1.7595709133
1.7605709133
1.7615709133
1.7625709133
1.7635709133
1.7645709133
1.7655709133
1.7665709133
1.7675709133
1.7685709133
1.7695709133
1.7705709133
1.7715709133
1.7725709133
1.7735709133
1.7745709133
1.7755709133
1.7765709133
1.7775709133
1.7785709133
1.7795709133
1.7805709133
1.7815709133
1.7825709133
1.7835709133
1.7845709133
1.7855709133
1.7865709133
1.7875709133
1.7885709133
1.7895709133
1.7905709133
1.7915709133
1.7925709133
1.7935709133
1.7945709133
1.7955709133
1.7965709133
1.7975709133
1.7985709133
1.7995709133
1.8005709133
1.8015709133
1.8025709133
1.8035709133
1.8045709133
1.8055709133
1.8065709133
1.8075709133
1.8085709133
1.8095709133
1.8105709133
1.8115709133
1.8125709133
1.8135709133
1.8145709133
1.8155709133
1.8165709133
1.8175709133
1.8185709133
1.8195709133
1.8205709133
1.8215709133
1.8225709133
1.8235709133
1.8245709133
1.8255709133
1.8265709133
1.8275709133
1.8285709133
1.8295709133
1.8305709133
1.8315709133
1.8325709133
1.8335709133
1.8345709133
1.8355709133
1.8365709133
1.8375709133
1.8385709133
1.8395709133
1.8405709133
1.8415709133
1.8425709133
1.8435709133
1.8445709133
1.8455709133
1.8465709133
1.8475709133
1.8485709133
1.8495709133
1.8505709133
1.8515709133
1.8525709133
1.8535709133
1.8545709133
1.8555709133
1.8565709133
1.8575709133
1.8585709133
1.8595709133
1.8605709133
1.8615709133
1.8625709133
1.8635709133
1.8645709133
