# $W$ = 300 nm, $h$ = 300 nm, $s$ = 20 nm, $d/W = 5$, $E_{\rm e}$ = 200 keV
1.6842168751
1.6852168751
1.6862168751
1.6872168751
1.6882168751
1.6892168751
1.6902168751
1.6912168751
1.6922168751
1.6932168751
1.6942168751
1.6952168751
1.6962168751
1.6972168751
1.6982168751
1.6992168751
1.7002168751
1.7012168751
1.7022168751
1.7032168751
1.7042168751
1.7052168751
1.7062168751
1.7072168751
1.7082168751
1.7092168751
1.7102168751
1.7112168751
1.7122168751
1.7132168751
1.7142168751
1.7152168751
1.7162168751
1.7172168751
1.7182168751
1.7192168751
1.7202168751
1.7212168751
1.7222168751
1.7232168751
1.7242168751
1.7252168751
1.7262168751
1.7272168751
1.7282168751
1.7292168751
1.7302168751
1.7312168751
1.7322168751
1.7332168751
1.7342168751
1.7352168751
1.7362168751
1.7372168751
1.7382168751
1.7392168751
1.7402168751
1.7412168751
1.7422168751
1.7432168751
1.7442168751
1.7452168751
1.7462168751
1.7472168751
1.7482168751
1.7492168751
1.7502168751
1.7512168751
1.7522168751
1.7532168751
1.7542168751
1.7552168751
1.7562168751
1.7572168751
1.7582168751
1.7592168751
1.7602168751
1.7612168751
1.7622168751
1.7632168751
1.7642168751
1.7652168751
1.7662168751
1.7672168751
1.7682168751
1.7692168751
1.7702168751
1.7712168751
1.7722168751
1.7732168751
1.7742168751
1.7752168751
1.7762168751
1.7772168751
1.7782168751
1.7792168751
1.7802168751
1.7812168751
1.7822168751
1.7832168751
1.7842168751
1.7852168751
1.7862168751
1.7872168751
1.7882168751
1.7892168751
1.7902168751
1.7912168751
1.7922168751
1.7932168751
1.7942168751
1.7952168751
1.7962168751
1.7972168751
1.7982168751
1.7992168751
1.8002168751
1.8012168751
1.8022168751
1.8032168751
1.8042168751
1.8052168751
1.8062168751
1.8072168751
1.8082168751
1.8092168751
1.8102168751
1.8112168751
1.8122168751
1.8132168751
1.8142168751
1.8152168751
1.8162168751
1.8172168751
1.8182168751
1.8192168751
1.8202168751
1.8212168751
1.8222168751
1.8232168751
1.8242168751
1.8252168751
1.8262168751
1.8272168751
1.8282168751
1.8292168751
1.8302168751
1.8312168751
1.8322168751
1.8332168751
1.8342168751
1.8352168751
1.8362168751
1.8372168751
1.8382168751
1.8392168751
1.8402168751
1.8412168751
1.8422168751
1.8432168751
1.8442168751
1.8452168751
1.8462168751
1.8472168751
1.8482168751
1.8492168751
1.8502168751
1.8512168751
1.8522168751
1.8532168751
1.8542168751
1.8552168751
1.8562168751
1.8572168751
1.8582168751
1.8592168751
1.8602168751
1.8612168751
1.8622168751
1.8632168751
1.8642168751
1.8652168751
1.8662168751
1.8672168751
1.8682168751
1.8692168751
1.8702168751
1.8712168751
1.8722168751
1.8732168751
1.8742168751
1.8752168751
1.8762168751
1.8772168751
1.8782168751
1.8792168751
1.8802168751
1.8812168751
1.8822168751
1.8832168751
1.8842168751
1.8852168751
1.8862168751
1.8872168751
1.8882168751
1.8892168751
1.8902168751
1.8912168751
1.8922168751
1.8932168751
1.8942168751
1.8952168751
1.8962168751
1.8972168751
