# $W$ = 400 nm, $h$ = 300 nm, $s$ = 20 nm, $d/W = 5$, $E_{\rm e}$ = 200 keV
1.2089327402
1.2099327402
1.2109327402
1.2119327402
1.2129327402
1.2139327402
1.2149327402
1.2159327402
1.2169327402
1.2179327402
1.2189327402
1.2199327402
1.2209327402
1.2219327402
1.2229327402
1.2239327402
1.2249327402
1.2259327402
1.2269327402
1.2279327402
1.2289327402
1.2299327402
1.2309327402
1.2319327402
1.2329327402
1.2339327402
1.2349327402
1.2359327402
1.2369327402
1.2379327402
1.2389327402
1.2399327402
1.2409327402
1.2419327402
1.2429327402
1.2439327402
1.2449327402
1.2459327402
1.2469327402
1.2479327402
1.2489327402
1.2499327402
1.2509327402
1.2519327402
1.2529327402
1.2539327402
1.2549327402
1.2559327402
1.2569327402
1.2579327402
1.2589327402
1.2599327402
1.2609327402
1.2619327402
1.2629327402
1.2639327402
1.2649327402
1.2659327402
1.2669327402
1.2679327402
1.2689327402
1.2699327402
1.2709327402
1.2719327402
1.2729327402
1.2739327402
1.2749327402
1.2759327402
1.2769327402
1.2779327402
1.2789327402
1.2799327402
1.2809327402
1.2819327402
1.2829327402
1.2839327402
1.2849327402
1.2859327402
1.2869327402
1.2879327402
1.2889327402
1.2899327402
1.2909327402
1.2919327402
1.2929327402
1.2939327402
1.2949327402
1.2959327402
1.2969327402
1.2979327402
1.2989327402
1.2999327402
1.3009327402
1.3019327402
1.3029327402
1.3039327402
1.3049327402
1.3059327402
1.3069327402
1.3079327402
1.3089327402
1.3099327402
1.3109327402
1.3119327402
1.3129327402
1.3139327402
1.3149327402
1.3159327402
1.3169327402
