# $W$ = 300 nm, $h$ = 300 nm, $s$ = 20 nm, $d/W = 5$, $E_{\rm e}$ = 200 keV
0.7186370833
0.7196370833
0.7206370833
0.7216370833
0.7226370833
0.7236370833
0.7246370833
0.7256370833
0.7266370833
0.7276370833
0.7286370833
0.7296370833
0.7306370833
0.7316370833
0.7326370833
0.7336370833
0.7346370833
0.7356370833
0.7366370833
0.7376370833
0.7386370833
0.7396370833
0.7406370833
0.7416370833
0.7426370833
0.7436370833
0.7446370833
0.7456370833
0.7466370833
0.7476370833
0.7486370833
0.7496370833
0.7506370833
0.7516370833
0.7526370833
0.7536370833
0.7546370833
0.7556370833
0.7566370833
0.7576370833
0.7586370833
0.7596370833
0.7606370833
0.7616370833
0.7626370833
0.7636370833
0.7646370833
0.7656370833
0.7666370833
0.7676370833
0.7686370833
0.7696370833
0.7706370833
0.7716370833
0.7726370833
0.7736370833
0.7746370833
0.7756370833
0.7766370833
0.7776370833
0.7786370833
0.7796370833
0.7806370833
