# $W$ = 400 nm, $h$ = 300 nm, $s$ = 20 nm, $d/W = 5$, $E_{\rm e}$ = 200 keV
1.2089344222
1.2099344222
1.2109344222
1.2119344222
1.2129344222
1.2139344222
1.2149344222
1.2159344222
1.2169344222
1.2179344222
1.2189344222
1.2199344222
1.2209344222
1.2219344222
1.2229344222
1.2239344222
1.2249344222
1.2259344222
1.2269344222
1.2279344222
1.2289344222
1.2299344222
1.2309344222
1.2319344222
1.2329344222
1.2339344222
1.2349344222
1.2359344222
1.2369344222
1.2379344222
1.2389344222
1.2399344222
1.2409344222
1.2419344222
1.2429344222
1.2439344222
1.2449344222
1.2459344222
1.2469344222
1.2479344222
1.2489344222
1.2499344222
1.2509344222
1.2519344222
1.2529344222
1.2539344222
1.2549344222
1.2559344222
1.2569344222
1.2579344222
1.2589344222
1.2599344222
1.2609344222
1.2619344222
1.2629344222
1.2639344222
1.2649344222
1.2659344222
1.2669344222
1.2679344222
1.2689344222
1.2699344222
1.2709344222
1.2719344222
1.2729344222
1.2739344222
1.2749344222
1.2759344222
1.2769344222
1.2779344222
1.2789344222
1.2799344222
1.2809344222
1.2819344222
1.2829344222
1.2839344222
1.2849344222
1.2859344222
1.2869344222
1.2879344222
1.2889344222
1.2899344222
1.2909344222
1.2919344222
1.2929344222
1.2939344222
1.2949344222
1.2959344222
1.2969344222
1.2979344222
1.2989344222
1.2999344222
1.3009344222
1.3019344222
1.3029344222
1.3039344222
1.3049344222
1.3059344222
1.3069344222
1.3079344222
1.3089344222
1.3099344222
1.3109344222
1.3119344222
1.3129344222
1.3139344222
1.3149344222
1.3159344222
1.3169344222
