# $W$ = 300 nm, $h$ = 300 nm, $s$ = 20 nm, $d/W = 5$, $E_{\rm e}$ = 200 keV
1.2981939874
1.2991939874
1.3001939874
1.3011939874
1.3021939874
1.3031939874
1.3041939874
1.3051939874
1.3061939874
1.3071939874
1.3081939874
1.3091939874
1.3101939874
1.3111939874
1.3121939874
1.3131939874
1.3141939874
1.3151939874
1.3161939874
1.3171939874
1.3181939874
1.3191939874
1.3201939874
1.3211939874
1.3221939874
1.3231939874
1.3241939874
1.3251939874
1.3261939874
1.3271939874
1.3281939874
1.3291939874
1.3301939874
1.3311939874
1.3321939874
1.3331939874
1.3341939874
1.3351939874
1.3361939874
1.3371939874
1.3381939874
1.3391939874
1.3401939874
1.3411939874
1.3421939874
1.3431939874
1.3441939874
1.3451939874
1.3461939874
1.3471939874
1.3481939874
1.3491939874
1.3501939874
1.3511939874
1.3521939874
1.3531939874
1.3541939874
1.3551939874
1.3561939874
1.3571939874
1.3581939874
1.3591939874
1.3601939874
1.3611939874
1.3621939874
1.3631939874
1.3641939874
1.3651939874
1.3661939874
1.3671939874
1.3681939874
1.3691939874
1.3701939874
1.3711939874
1.3721939874
1.3731939874
1.3741939874
1.3751939874
1.3761939874
1.3771939874
1.3781939874
1.3791939874
1.3801939874
1.3811939874
1.3821939874
1.3831939874
1.3841939874
1.3851939874
1.3861939874
1.3871939874
1.3881939874
1.3891939874
1.3901939874
1.3911939874
1.3921939874
1.3931939874
1.3941939874
1.3951939874
1.3961939874
1.3971939874
1.3981939874
1.3991939874
1.4001939874
1.4011939874
1.4021939874
1.4031939874
1.4041939874
1.4051939874
1.4061939874
1.4071939874
