# $W$ = 300 nm, $h$ = 300 nm, $s$ = 20 nm, $d/W = 5$, $E_{\rm e}$ = 200 keV
1.2999077122
1.3009077122
1.3019077122
1.3029077122
1.3039077122
1.3049077122
1.3059077122
1.3069077122
1.3079077122
1.3089077122
1.3099077122
1.3109077122
1.3119077122
1.3129077122
1.3139077122
1.3149077122
1.3159077122
1.3169077122
1.3179077122
1.3189077122
1.3199077122
1.3209077122
1.3219077122
1.3229077122
1.3239077122
1.3249077122
1.3259077122
1.3269077122
1.3279077122
1.3289077122
1.3299077122
1.3309077122
1.3319077122
1.3329077122
1.3339077122
1.3349077122
1.3359077122
1.3369077122
1.3379077122
1.3389077122
1.3399077122
1.3409077122
1.3419077122
1.3429077122
1.3439077122
1.3449077122
1.3459077122
1.3469077122
1.3479077122
1.3489077122
1.3499077122
1.3509077122
1.3519077122
1.3529077122
1.3539077122
1.3549077122
1.3559077122
1.3569077122
1.3579077122
1.3589077122
1.3599077122
1.3609077122
1.3619077122
1.3629077122
1.3639077122
1.3649077122
1.3659077122
1.3669077122
1.3679077122
1.3689077122
1.3699077122
1.3709077122
1.3719077122
1.3729077122
1.3739077122
1.3749077122
1.3759077122
1.3769077122
1.3779077122
1.3789077122
1.3799077122
1.3809077122
1.3819077122
1.3829077122
1.3839077122
1.3849077122
1.3859077122
1.3869077122
1.3879077122
1.3889077122
1.3899077122
1.3909077122
1.3919077122
1.3929077122
1.3939077122
1.3949077122
1.3959077122
1.3969077122
1.3979077122
1.3989077122
1.3999077122
1.4009077122
1.4019077122
1.4029077122
1.4039077122
1.4049077122
