# $W$ = 400 nm, $h$ = 300 nm, $s$ = 20 nm, $d/W = 5$, $E_{\rm e}$ = 200 keV
1.2089344346
1.2099344346
1.2109344346
1.2119344346
1.2129344346
1.2139344346
1.2149344346
1.2159344346
1.2169344346
1.2179344346
1.2189344346
1.2199344346
1.2209344346
1.2219344346
1.2229344346
1.2239344346
1.2249344346
1.2259344346
1.2269344346
1.2279344346
1.2289344346
1.2299344346
1.2309344346
1.2319344346
1.2329344346
1.2339344346
1.2349344346
1.2359344346
1.2369344346
1.2379344346
1.2389344346
1.2399344346
1.2409344346
1.2419344346
1.2429344346
1.2439344346
1.2449344346
1.2459344346
1.2469344346
1.2479344346
1.2489344346
1.2499344346
1.2509344346
1.2519344346
1.2529344346
1.2539344346
1.2549344346
1.2559344346
1.2569344346
1.2579344346
1.2589344346
1.2599344346
1.2609344346
1.2619344346
1.2629344346
1.2639344346
1.2649344346
1.2659344346
1.2669344346
1.2679344346
1.2689344346
1.2699344346
1.2709344346
1.2719344346
1.2729344346
1.2739344346
1.2749344346
1.2759344346
1.2769344346
1.2779344346
1.2789344346
1.2799344346
1.2809344346
1.2819344346
1.2829344346
1.2839344346
1.2849344346
1.2859344346
1.2869344346
1.2879344346
1.2889344346
1.2899344346
1.2909344346
1.2919344346
1.2929344346
1.2939344346
1.2949344346
1.2959344346
1.2969344346
1.2979344346
1.2989344346
1.2999344346
1.3009344346
1.3019344346
1.3029344346
1.3039344346
1.3049344346
1.3059344346
1.3069344346
1.3079344346
1.3089344346
1.3099344346
1.3109344346
1.3119344346
1.3129344346
1.3139344346
1.3149344346
1.3159344346
1.3169344346
