# $W$ = 300 nm, $h$ = 300 nm, $s$ = 20 nm, $d/W = 5$, $E_{\rm e}$ = 200 keV
0.7186286671
0.7196286671
0.7206286671
0.7216286671
0.7226286671
0.7236286671
0.7246286671
0.7256286671
0.7266286671
0.7276286671
0.7286286671
0.7296286671
0.7306286671
0.7316286671
0.7326286671
0.7336286671
0.7346286671
0.7356286671
0.7366286671
0.7376286671
0.7386286671
0.7396286671
0.7406286671
0.7416286671
0.7426286671
0.7436286671
0.7446286671
0.7456286671
0.7466286671
0.7476286671
0.7486286671
0.7496286671
0.7506286671
0.7516286671
0.7526286671
0.7536286671
0.7546286671
0.7556286671
0.7566286671
0.7576286671
0.7586286671
0.7596286671
0.7606286671
0.7616286671
0.7626286671
0.7636286671
0.7646286671
0.7656286671
0.7666286671
0.7676286671
0.7686286671
0.7696286671
0.7706286671
0.7716286671
0.7726286671
0.7736286671
0.7746286671
0.7756286671
0.7766286671
0.7776286671
0.7786286671
0.7796286671
0.7806286671
