# $W$ = 400 nm, $h$ = 300 nm, $s$ = 20 nm, $d/W = 5$, $E_{\rm e}$ = 200 keV
1.2089344473
1.2099344473
1.2109344473
1.2119344473
1.2129344473
1.2139344473
1.2149344473
1.2159344473
1.2169344473
1.2179344473
1.2189344473
1.2199344473
1.2209344473
1.2219344473
1.2229344473
1.2239344473
1.2249344473
1.2259344473
1.2269344473
1.2279344473
1.2289344473
1.2299344473
1.2309344473
1.2319344473
1.2329344473
1.2339344473
1.2349344473
1.2359344473
1.2369344473
1.2379344473
1.2389344473
1.2399344473
1.2409344473
1.2419344473
1.2429344473
1.2439344473
1.2449344473
1.2459344473
1.2469344473
1.2479344473
1.2489344473
1.2499344473
1.2509344473
1.2519344473
1.2529344473
1.2539344473
1.2549344473
1.2559344473
1.2569344473
1.2579344473
1.2589344473
1.2599344473
1.2609344473
1.2619344473
1.2629344473
1.2639344473
1.2649344473
1.2659344473
1.2669344473
1.2679344473
1.2689344473
1.2699344473
1.2709344473
1.2719344473
1.2729344473
1.2739344473
1.2749344473
1.2759344473
1.2769344473
1.2779344473
1.2789344473
1.2799344473
1.2809344473
1.2819344473
1.2829344473
1.2839344473
1.2849344473
1.2859344473
1.2869344473
1.2879344473
1.2889344473
1.2899344473
1.2909344473
1.2919344473
1.2929344473
1.2939344473
1.2949344473
1.2959344473
1.2969344473
1.2979344473
1.2989344473
1.2999344473
1.3009344473
1.3019344473
1.3029344473
1.3039344473
1.3049344473
1.3059344473
1.3069344473
1.3079344473
1.3089344473
1.3099344473
1.3109344473
1.3119344473
1.3129344473
1.3139344473
1.3149344473
1.3159344473
1.3169344473
