# $W$ = 400 nm, $h$ = 300 nm, $s$ = 20 nm, $d/W = 5$, $E_{\rm e}$ = 200 keV
1.2089344133
1.2099344133
1.2109344133
1.2119344133
1.2129344133
1.2139344133
1.2149344133
1.2159344133
1.2169344133
1.2179344133
1.2189344133
1.2199344133
1.2209344133
1.2219344133
1.2229344133
1.2239344133
1.2249344133
1.2259344133
1.2269344133
1.2279344133
1.2289344133
1.2299344133
1.2309344133
1.2319344133
1.2329344133
1.2339344133
1.2349344133
1.2359344133
1.2369344133
1.2379344133
1.2389344133
1.2399344133
1.2409344133
1.2419344133
1.2429344133
1.2439344133
1.2449344133
1.2459344133
1.2469344133
1.2479344133
1.2489344133
1.2499344133
1.2509344133
1.2519344133
1.2529344133
1.2539344133
1.2549344133
1.2559344133
1.2569344133
1.2579344133
1.2589344133
1.2599344133
1.2609344133
1.2619344133
1.2629344133
1.2639344133
1.2649344133
1.2659344133
1.2669344133
1.2679344133
1.2689344133
1.2699344133
1.2709344133
1.2719344133
1.2729344133
1.2739344133
1.2749344133
1.2759344133
1.2769344133
1.2779344133
1.2789344133
1.2799344133
1.2809344133
1.2819344133
1.2829344133
1.2839344133
1.2849344133
1.2859344133
1.2869344133
1.2879344133
1.2889344133
1.2899344133
1.2909344133
1.2919344133
1.2929344133
1.2939344133
1.2949344133
1.2959344133
1.2969344133
1.2979344133
1.2989344133
1.2999344133
1.3009344133
1.3019344133
1.3029344133
1.3039344133
1.3049344133
1.3059344133
1.3069344133
1.3079344133
1.3089344133
1.3099344133
1.3109344133
1.3119344133
1.3129344133
1.3139344133
1.3149344133
1.3159344133
1.3169344133
