# $W$ = 300 nm, $h$ = 300 nm, $s$ = 20 nm, $d/W = 5$, $E_{\rm e}$ = 200 keV
1.1707984581
1.1717984581
1.1727984581
1.1737984581
1.1747984581
1.1757984581
1.1767984581
1.1777984581
1.1787984581
1.1797984581
1.1807984581
1.1817984581
1.1827984581
1.1837984581
1.1847984581
1.1857984581
1.1867984581
1.1877984581
1.1887984581
1.1897984581
1.1907984581
1.1917984581
1.1927984581
1.1937984581
1.1947984581
1.1957984581
1.1967984581
1.1977984581
1.1987984581
1.1997984581
1.2007984581
1.2017984581
1.2027984581
1.2037984581
1.2047984581
1.2057984581
1.2067984581
1.2077984581
1.2087984581
1.2097984581
1.2107984581
1.2117984581
1.2127984581
1.2137984581
1.2147984581
1.2157984581
1.2167984581
1.2177984581
1.2187984581
1.2197984581
1.2207984581
1.2217984581
1.2227984581
1.2237984581
1.2247984581
1.2257984581
1.2267984581
1.2277984581
1.2287984581
1.2297984581
1.2307984581
1.2317984581
1.2327984581
1.2337984581
1.2347984581
1.2357984581
1.2367984581
1.2377984581
1.2387984581
1.2397984581
1.2407984581
1.2417984581
1.2427984581
1.2437984581
1.2447984581
1.2457984581
1.2467984581
1.2477984581
1.2487984581
1.2497984581
1.2507984581
1.2517984581
1.2527984581
1.2537984581
1.2547984581
1.2557984581
1.2567984581
1.2577984581
1.2587984581
1.2597984581
1.2607984581
1.2617984581
1.2627984581
1.2637984581
1.2647984581
1.2657984581
1.2667984581
1.2677984581
1.2687984581
1.2697984581
1.2707984581
1.2717984581
1.2727984581
1.2737984581
