# $W$ = 300 nm, $h$ = 300 nm, $s$ = 20 nm, $d/W = 5$, $E_{\rm e}$ = 200 keV
0.7186368755
0.7196368755
0.7206368755
0.7216368755
0.7226368755
0.7236368755
0.7246368755
0.7256368755
0.7266368755
0.7276368755
0.7286368755
0.7296368755
0.7306368755
0.7316368755
0.7326368755
0.7336368755
0.7346368755
0.7356368755
0.7366368755
0.7376368755
0.7386368755
0.7396368755
0.7406368755
0.7416368755
0.7426368755
0.7436368755
0.7446368755
0.7456368755
0.7466368755
0.7476368755
0.7486368755
0.7496368755
0.7506368755
0.7516368755
0.7526368755
0.7536368755
0.7546368755
0.7556368755
0.7566368755
0.7576368755
0.7586368755
0.7596368755
0.7606368755
0.7616368755
0.7626368755
0.7636368755
0.7646368755
0.7656368755
0.7666368755
0.7676368755
0.7686368755
0.7696368755
0.7706368755
0.7716368755
0.7726368755
0.7736368755
0.7746368755
0.7756368755
0.7766368755
0.7776368755
0.7786368755
0.7796368755
0.7806368755
