# $W$ = 300 nm, $h$ = 300 nm, $s$ = 20 nm, $d/W = 5$, $E_{\rm e}$ = 200 keV
1.2981946949
1.2991946949
1.3001946949
1.3011946949
1.3021946949
1.3031946949
1.3041946949
1.3051946949
1.3061946949
1.3071946949
1.3081946949
1.3091946949
1.3101946949
1.3111946949
1.3121946949
1.3131946949
1.3141946949
1.3151946949
1.3161946949
1.3171946949
1.3181946949
1.3191946949
1.3201946949
1.3211946949
1.3221946949
1.3231946949
1.3241946949
1.3251946949
1.3261946949
1.3271946949
1.3281946949
1.3291946949
1.3301946949
1.3311946949
1.3321946949
1.3331946949
1.3341946949
1.3351946949
1.3361946949
1.3371946949
1.3381946949
1.3391946949
1.3401946949
1.3411946949
1.3421946949
1.3431946949
1.3441946949
1.3451946949
1.3461946949
1.3471946949
1.3481946949
1.3491946949
1.3501946949
1.3511946949
1.3521946949
1.3531946949
1.3541946949
1.3551946949
1.3561946949
1.3571946949
1.3581946949
1.3591946949
1.3601946949
1.3611946949
1.3621946949
1.3631946949
1.3641946949
1.3651946949
1.3661946949
1.3671946949
1.3681946949
1.3691946949
1.3701946949
1.3711946949
1.3721946949
1.3731946949
1.3741946949
1.3751946949
1.3761946949
1.3771946949
1.3781946949
1.3791946949
1.3801946949
1.3811946949
1.3821946949
1.3831946949
1.3841946949
1.3851946949
1.3861946949
1.3871946949
1.3881946949
1.3891946949
1.3901946949
1.3911946949
1.3921946949
1.3931946949
1.3941946949
1.3951946949
1.3961946949
1.3971946949
1.3981946949
1.3991946949
1.4001946949
1.4011946949
1.4021946949
1.4031946949
1.4041946949
1.4051946949
1.4061946949
1.4071946949
