# $W$ = 300 nm, $h$ = 300 nm, $s$ = 20 nm, $d/W = 5$, $E_{\rm e}$ = 200 keV
1.1708002184
1.1718002184
1.1728002184
1.1738002184
1.1748002184
1.1758002184
1.1768002184
1.1778002184
1.1788002184
1.1798002184
1.1808002184
1.1818002184
1.1828002184
1.1838002184
1.1848002184
1.1858002184
1.1868002184
1.1878002184
1.1888002184
1.1898002184
1.1908002184
1.1918002184
1.1928002184
1.1938002184
1.1948002184
1.1958002184
1.1968002184
1.1978002184
1.1988002184
1.1998002184
1.2008002184
1.2018002184
1.2028002184
1.2038002184
1.2048002184
1.2058002184
1.2068002184
1.2078002184
1.2088002184
1.2098002184
1.2108002184
1.2118002184
1.2128002184
1.2138002184
1.2148002184
1.2158002184
1.2168002184
1.2178002184
1.2188002184
1.2198002184
1.2208002184
1.2218002184
1.2228002184
1.2238002184
1.2248002184
1.2258002184
1.2268002184
1.2278002184
1.2288002184
1.2298002184
1.2308002184
1.2318002184
1.2328002184
1.2338002184
1.2348002184
1.2358002184
1.2368002184
1.2378002184
1.2388002184
1.2398002184
1.2408002184
1.2418002184
1.2428002184
1.2438002184
1.2448002184
1.2458002184
1.2468002184
1.2478002184
1.2488002184
1.2498002184
1.2508002184
1.2518002184
1.2528002184
1.2538002184
1.2548002184
1.2558002184
1.2568002184
1.2578002184
1.2588002184
1.2598002184
1.2608002184
1.2618002184
1.2628002184
1.2638002184
1.2648002184
1.2658002184
1.2668002184
1.2678002184
1.2688002184
1.2698002184
1.2708002184
1.2718002184
1.2728002184
1.2738002184
