# $W$ = 400 nm, $h$ = 300 nm, $s$ = 20 nm, $d/W = 5$, $E_{\rm e}$ = 200 keV
1.6405736895
1.6415736895
1.6425736895
1.6435736895
1.6445736895
1.6455736895
1.6465736895
1.6475736895
1.6485736895
1.6495736895
1.6505736895
1.6515736895
1.6525736895
1.6535736895
1.6545736895
1.6555736895
1.6565736895
1.6575736895
1.6585736895
1.6595736895
1.6605736895
1.6615736895
1.6625736895
1.6635736895
1.6645736895
1.6655736895
1.6665736895
1.6675736895
1.6685736895
1.6695736895
1.6705736895
1.6715736895
1.6725736895
1.6735736895
1.6745736895
1.6755736895
1.6765736895
1.6775736895
1.6785736895
1.6795736895
1.6805736895
1.6815736895
1.6825736895
1.6835736895
1.6845736895
1.6855736895
1.6865736895
1.6875736895
1.6885736895
1.6895736895
1.6905736895
1.6915736895
1.6925736895
1.6935736895
1.6945736895
1.6955736895
1.6965736895
1.6975736895
1.6985736895
1.6995736895
1.7005736895
1.7015736895
1.7025736895
1.7035736895
1.7045736895
1.7055736895
1.7065736895
1.7075736895
1.7085736895
1.7095736895
1.7105736895
1.7115736895
1.7125736895
1.7135736895
1.7145736895
1.7155736895
1.7165736895
1.7175736895
1.7185736895
1.7195736895
1.7205736895
1.7215736895
1.7225736895
1.7235736895
1.7245736895
1.7255736895
1.7265736895
1.7275736895
1.7285736895
1.7295736895
1.7305736895
1.7315736895
1.7325736895
1.7335736895
1.7345736895
1.7355736895
1.7365736895
1.7375736895
1.7385736895
1.7395736895
1.7405736895
1.7415736895
1.7425736895
1.7435736895
1.7445736895
1.7455736895
1.7465736895
1.7475736895
1.7485736895
1.7495736895
1.7505736895
1.7515736895
1.7525736895
1.7535736895
1.7545736895
1.7555736895
1.7565736895
1.7575736895
1.7585736895
1.7595736895
1.7605736895
1.7615736895
1.7625736895
1.7635736895
1.7645736895
1.7655736895
1.7665736895
1.7675736895
1.7685736895
1.7695736895
1.7705736895
1.7715736895
1.7725736895
1.7735736895
1.7745736895
1.7755736895
1.7765736895
1.7775736895
1.7785736895
1.7795736895
1.7805736895
1.7815736895
1.7825736895
1.7835736895
1.7845736895
1.7855736895
1.7865736895
1.7875736895
1.7885736895
1.7895736895
1.7905736895
1.7915736895
1.7925736895
1.7935736895
1.7945736895
1.7955736895
1.7965736895
1.7975736895
1.7985736895
1.7995736895
1.8005736895
1.8015736895
1.8025736895
1.8035736895
1.8045736895
1.8055736895
1.8065736895
1.8075736895
1.8085736895
1.8095736895
1.8105736895
1.8115736895
1.8125736895
1.8135736895
1.8145736895
1.8155736895
1.8165736895
1.8175736895
1.8185736895
1.8195736895
1.8205736895
1.8215736895
1.8225736895
1.8235736895
1.8245736895
1.8255736895
1.8265736895
1.8275736895
1.8285736895
1.8295736895
1.8305736895
1.8315736895
1.8325736895
1.8335736895
1.8345736895
1.8355736895
1.8365736895
1.8375736895
1.8385736895
1.8395736895
1.8405736895
1.8415736895
1.8425736895
1.8435736895
1.8445736895
1.8455736895
1.8465736895
1.8475736895
1.8485736895
1.8495736895
1.8505736895
1.8515736895
1.8525736895
1.8535736895
1.8545736895
1.8555736895
1.8565736895
1.8575736895
1.8585736895
1.8595736895
1.8605736895
1.8615736895
1.8625736895
1.8635736895
1.8645736895
