# $W$ = 300 nm, $h$ = 300 nm, $s$ = 20 nm, $d/W = 5$, $E_{\rm e}$ = 200 keV
1.3018918572
1.3028918572
1.3038918572
1.3048918572
1.3058918572
1.3068918572
1.3078918572
1.3088918572
1.3098918572
1.3108918572
1.3118918572
1.3128918572
1.3138918572
1.3148918572
1.3158918572
1.3168918572
1.3178918572
1.3188918572
1.3198918572
1.3208918572
1.3218918572
1.3228918572
1.3238918572
1.3248918572
1.3258918572
1.3268918572
1.3278918572
1.3288918572
1.3298918572
1.3308918572
1.3318918572
1.3328918572
1.3338918572
1.3348918572
1.3358918572
1.3368918572
1.3378918572
1.3388918572
1.3398918572
1.3408918572
1.3418918572
1.3428918572
1.3438918572
1.3448918572
1.3458918572
1.3468918572
1.3478918572
1.3488918572
1.3498918572
1.3508918572
1.3518918572
1.3528918572
1.3538918572
1.3548918572
1.3558918572
1.3568918572
1.3578918572
1.3588918572
1.3598918572
1.3608918572
1.3618918572
1.3628918572
1.3638918572
1.3648918572
1.3658918572
1.3668918572
1.3678918572
1.3688918572
1.3698918572
1.3708918572
1.3718918572
1.3728918572
1.3738918572
1.3748918572
1.3758918572
1.3768918572
1.3778918572
1.3788918572
1.3798918572
1.3808918572
1.3818918572
1.3828918572
1.3838918572
1.3848918572
1.3858918572
1.3868918572
1.3878918572
1.3888918572
1.3898918572
1.3908918572
1.3918918572
1.3928918572
1.3938918572
1.3948918572
1.3958918572
1.3968918572
1.3978918572
1.3988918572
1.3998918572
1.4008918572
1.4018918572
1.4028918572
