# $W$ = 300 nm, $h$ = 300 nm, $s$ = 20 nm, $d/W = 5$, $E_{\rm e}$ = 200 keV
1.6842134612
1.6852134612
1.6862134612
1.6872134612
1.6882134612
1.6892134612
1.6902134612
1.6912134612
1.6922134612
1.6932134612
1.6942134612
1.6952134612
1.6962134612
1.6972134612
1.6982134612
1.6992134612
1.7002134612
1.7012134612
1.7022134612
1.7032134612
1.7042134612
1.7052134612
1.7062134612
1.7072134612
1.7082134612
1.7092134612
1.7102134612
1.7112134612
1.7122134612
1.7132134612
1.7142134612
1.7152134612
1.7162134612
1.7172134612
1.7182134612
1.7192134612
1.7202134612
1.7212134612
1.7222134612
1.7232134612
1.7242134612
1.7252134612
1.7262134612
1.7272134612
1.7282134612
1.7292134612
1.7302134612
1.7312134612
1.7322134612
1.7332134612
1.7342134612
1.7352134612
1.7362134612
1.7372134612
1.7382134612
1.7392134612
1.7402134612
1.7412134612
1.7422134612
1.7432134612
1.7442134612
1.7452134612
1.7462134612
1.7472134612
1.7482134612
1.7492134612
1.7502134612
1.7512134612
1.7522134612
1.7532134612
1.7542134612
1.7552134612
1.7562134612
1.7572134612
1.7582134612
1.7592134612
1.7602134612
1.7612134612
1.7622134612
1.7632134612
1.7642134612
1.7652134612
1.7662134612
1.7672134612
1.7682134612
1.7692134612
1.7702134612
1.7712134612
1.7722134612
1.7732134612
1.7742134612
1.7752134612
1.7762134612
1.7772134612
1.7782134612
1.7792134612
1.7802134612
1.7812134612
1.7822134612
1.7832134612
1.7842134612
1.7852134612
1.7862134612
1.7872134612
1.7882134612
1.7892134612
1.7902134612
1.7912134612
1.7922134612
1.7932134612
1.7942134612
1.7952134612
1.7962134612
1.7972134612
1.7982134612
1.7992134612
1.8002134612
1.8012134612
1.8022134612
1.8032134612
1.8042134612
1.8052134612
1.8062134612
1.8072134612
1.8082134612
1.8092134612
1.8102134612
1.8112134612
1.8122134612
1.8132134612
1.8142134612
1.8152134612
1.8162134612
1.8172134612
1.8182134612
1.8192134612
1.8202134612
1.8212134612
1.8222134612
1.8232134612
1.8242134612
1.8252134612
1.8262134612
1.8272134612
1.8282134612
1.8292134612
1.8302134612
1.8312134612
1.8322134612
1.8332134612
1.8342134612
1.8352134612
1.8362134612
1.8372134612
1.8382134612
1.8392134612
1.8402134612
1.8412134612
1.8422134612
1.8432134612
1.8442134612
1.8452134612
1.8462134612
1.8472134612
1.8482134612
1.8492134612
1.8502134612
1.8512134612
1.8522134612
1.8532134612
1.8542134612
1.8552134612
1.8562134612
1.8572134612
1.8582134612
1.8592134612
1.8602134612
1.8612134612
1.8622134612
1.8632134612
1.8642134612
1.8652134612
1.8662134612
1.8672134612
1.8682134612
1.8692134612
1.8702134612
1.8712134612
1.8722134612
1.8732134612
1.8742134612
1.8752134612
1.8762134612
1.8772134612
1.8782134612
1.8792134612
1.8802134612
1.8812134612
1.8822134612
1.8832134612
1.8842134612
1.8852134612
1.8862134612
1.8872134612
1.8882134612
1.8892134612
1.8902134612
1.8912134612
1.8922134612
1.8932134612
1.8942134612
1.8952134612
1.8962134612
1.8972134612
