# $W$ = 300 nm, $h$ = 300 nm, $s$ = 20 nm, $d/W = 5$, $E_{\rm e}$ = 200 keV
1.1707434831
1.1717434831
1.1727434831
1.1737434831
1.1747434831
1.1757434831
1.1767434831
1.1777434831
1.1787434831
1.1797434831
1.1807434831
1.1817434831
1.1827434831
1.1837434831
1.1847434831
1.1857434831
1.1867434831
1.1877434831
1.1887434831
1.1897434831
1.1907434831
1.1917434831
1.1927434831
1.1937434831
1.1947434831
1.1957434831
1.1967434831
1.1977434831
1.1987434831
1.1997434831
1.2007434831
1.2017434831
1.2027434831
1.2037434831
1.2047434831
1.2057434831
1.2067434831
1.2077434831
1.2087434831
1.2097434831
1.2107434831
1.2117434831
1.2127434831
1.2137434831
1.2147434831
1.2157434831
1.2167434831
1.2177434831
1.2187434831
1.2197434831
1.2207434831
1.2217434831
1.2227434831
1.2237434831
1.2247434831
1.2257434831
1.2267434831
1.2277434831
1.2287434831
1.2297434831
1.2307434831
1.2317434831
1.2327434831
1.2337434831
1.2347434831
1.2357434831
1.2367434831
1.2377434831
1.2387434831
1.2397434831
1.2407434831
1.2417434831
1.2427434831
1.2437434831
1.2447434831
1.2457434831
1.2467434831
1.2477434831
1.2487434831
1.2497434831
1.2507434831
1.2517434831
1.2527434831
1.2537434831
1.2547434831
1.2557434831
1.2567434831
1.2577434831
1.2587434831
1.2597434831
1.2607434831
1.2617434831
1.2627434831
1.2637434831
1.2647434831
1.2657434831
1.2667434831
1.2677434831
1.2687434831
1.2697434831
1.2707434831
1.2717434831
1.2727434831
1.2737434831
