# $W$ = 300 nm, $h$ = 300 nm, $s$ = 20 nm, $d/W = 5$, $E_{\rm e}$ = 200 keV
0.7186325869
0.7196325869
0.7206325869
0.7216325869
0.7226325869
0.7236325869
0.7246325869
0.7256325869
0.7266325869
0.7276325869
0.7286325869
0.7296325869
0.7306325869
0.7316325869
0.7326325869
0.7336325869
0.7346325869
0.7356325869
0.7366325869
0.7376325869
0.7386325869
0.7396325869
0.7406325869
0.7416325869
0.7426325869
0.7436325869
0.7446325869
0.7456325869
0.7466325869
0.7476325869
0.7486325869
0.7496325869
0.7506325869
0.7516325869
0.7526325869
0.7536325869
0.7546325869
0.7556325869
0.7566325869
0.7576325869
0.7586325869
0.7596325869
0.7606325869
0.7616325869
0.7626325869
0.7636325869
0.7646325869
0.7656325869
0.7666325869
0.7676325869
0.7686325869
0.7696325869
0.7706325869
0.7716325869
0.7726325869
0.7736325869
0.7746325869
0.7756325869
0.7766325869
0.7776325869
0.7786325869
0.7796325869
0.7806325869
