# $W$ = 300 nm, $h$ = 300 nm, $s$ = 20 nm, $d/W = 5$, $E_{\rm e}$ = 200 keV
1.6842151726
1.6852151726
1.6862151726
1.6872151726
1.6882151726
1.6892151726
1.6902151726
1.6912151726
1.6922151726
1.6932151726
1.6942151726
1.6952151726
1.6962151726
1.6972151726
1.6982151726
1.6992151726
1.7002151726
1.7012151726
1.7022151726
1.7032151726
1.7042151726
1.7052151726
1.7062151726
1.7072151726
1.7082151726
1.7092151726
1.7102151726
1.7112151726
1.7122151726
1.7132151726
1.7142151726
1.7152151726
1.7162151726
1.7172151726
1.7182151726
1.7192151726
1.7202151726
1.7212151726
1.7222151726
1.7232151726
1.7242151726
1.7252151726
1.7262151726
1.7272151726
1.7282151726
1.7292151726
1.7302151726
1.7312151726
1.7322151726
1.7332151726
1.7342151726
1.7352151726
1.7362151726
1.7372151726
1.7382151726
1.7392151726
1.7402151726
1.7412151726
1.7422151726
1.7432151726
1.7442151726
1.7452151726
1.7462151726
1.7472151726
1.7482151726
1.7492151726
1.7502151726
1.7512151726
1.7522151726
1.7532151726
1.7542151726
1.7552151726
1.7562151726
1.7572151726
1.7582151726
1.7592151726
1.7602151726
1.7612151726
1.7622151726
1.7632151726
1.7642151726
1.7652151726
1.7662151726
1.7672151726
1.7682151726
1.7692151726
1.7702151726
1.7712151726
1.7722151726
1.7732151726
1.7742151726
1.7752151726
1.7762151726
1.7772151726
1.7782151726
1.7792151726
1.7802151726
1.7812151726
1.7822151726
1.7832151726
1.7842151726
1.7852151726
1.7862151726
1.7872151726
1.7882151726
1.7892151726
1.7902151726
1.7912151726
1.7922151726
1.7932151726
1.7942151726
1.7952151726
1.7962151726
1.7972151726
1.7982151726
1.7992151726
1.8002151726
1.8012151726
1.8022151726
1.8032151726
1.8042151726
1.8052151726
1.8062151726
1.8072151726
1.8082151726
1.8092151726
1.8102151726
1.8112151726
1.8122151726
1.8132151726
1.8142151726
1.8152151726
1.8162151726
1.8172151726
1.8182151726
1.8192151726
1.8202151726
1.8212151726
1.8222151726
1.8232151726
1.8242151726
1.8252151726
1.8262151726
1.8272151726
1.8282151726
1.8292151726
1.8302151726
1.8312151726
1.8322151726
1.8332151726
1.8342151726
1.8352151726
1.8362151726
1.8372151726
1.8382151726
1.8392151726
1.8402151726
1.8412151726
1.8422151726
1.8432151726
1.8442151726
1.8452151726
1.8462151726
1.8472151726
1.8482151726
1.8492151726
1.8502151726
1.8512151726
1.8522151726
1.8532151726
1.8542151726
1.8552151726
1.8562151726
1.8572151726
1.8582151726
1.8592151726
1.8602151726
1.8612151726
1.8622151726
1.8632151726
1.8642151726
1.8652151726
1.8662151726
1.8672151726
1.8682151726
1.8692151726
1.8702151726
1.8712151726
1.8722151726
1.8732151726
1.8742151726
1.8752151726
1.8762151726
1.8772151726
1.8782151726
1.8792151726
1.8802151726
1.8812151726
1.8822151726
1.8832151726
1.8842151726
1.8852151726
1.8862151726
1.8872151726
1.8882151726
1.8892151726
1.8902151726
1.8912151726
1.8922151726
1.8932151726
1.8942151726
1.8952151726
1.8962151726
1.8972151726
