# $W$ = 300 nm, $h$ = 300 nm, $s$ = 20 nm, $d/W = 5$, $E_{\rm e}$ = 200 keV
1.2999842642
1.3009842642
1.3019842642
1.3029842642
1.3039842642
1.3049842642
1.3059842642
1.3069842642
1.3079842642
1.3089842642
1.3099842642
1.3109842642
1.3119842642
1.3129842642
1.3139842642
1.3149842642
1.3159842642
1.3169842642
1.3179842642
1.3189842642
1.3199842642
1.3209842642
1.3219842642
1.3229842642
1.3239842642
1.3249842642
1.3259842642
1.3269842642
1.3279842642
1.3289842642
1.3299842642
1.3309842642
1.3319842642
1.3329842642
1.3339842642
1.3349842642
1.3359842642
1.3369842642
1.3379842642
1.3389842642
1.3399842642
1.3409842642
1.3419842642
1.3429842642
1.3439842642
1.3449842642
1.3459842642
1.3469842642
1.3479842642
1.3489842642
1.3499842642
1.3509842642
1.3519842642
1.3529842642
1.3539842642
1.3549842642
1.3559842642
1.3569842642
1.3579842642
1.3589842642
1.3599842642
1.3609842642
1.3619842642
1.3629842642
1.3639842642
1.3649842642
1.3659842642
1.3669842642
1.3679842642
1.3689842642
1.3699842642
1.3709842642
1.3719842642
1.3729842642
1.3739842642
1.3749842642
1.3759842642
1.3769842642
1.3779842642
1.3789842642
1.3799842642
1.3809842642
1.3819842642
1.3829842642
1.3839842642
1.3849842642
1.3859842642
1.3869842642
1.3879842642
1.3889842642
1.3899842642
1.3909842642
1.3919842642
1.3929842642
1.3939842642
1.3949842642
1.3959842642
1.3969842642
1.3979842642
1.3989842642
1.3999842642
1.4009842642
1.4019842642
1.4029842642
1.4039842642
1.4049842642
