# $W$ = 400 nm, $h$ = 300 nm, $s$ = 20 nm, $d/W = 5$, $E_{\rm e}$ = 200 keV
1.2089344155
1.2099344155
1.2109344155
1.2119344155
1.2129344155
1.2139344155
1.2149344155
1.2159344155
1.2169344155
1.2179344155
1.2189344155
1.2199344155
1.2209344155
1.2219344155
1.2229344155
1.2239344155
1.2249344155
1.2259344155
1.2269344155
1.2279344155
1.2289344155
1.2299344155
1.2309344155
1.2319344155
1.2329344155
1.2339344155
1.2349344155
1.2359344155
1.2369344155
1.2379344155
1.2389344155
1.2399344155
1.2409344155
1.2419344155
1.2429344155
1.2439344155
1.2449344155
1.2459344155
1.2469344155
1.2479344155
1.2489344155
1.2499344155
1.2509344155
1.2519344155
1.2529344155
1.2539344155
1.2549344155
1.2559344155
1.2569344155
1.2579344155
1.2589344155
1.2599344155
1.2609344155
1.2619344155
1.2629344155
1.2639344155
1.2649344155
1.2659344155
1.2669344155
1.2679344155
1.2689344155
1.2699344155
1.2709344155
1.2719344155
1.2729344155
1.2739344155
1.2749344155
1.2759344155
1.2769344155
1.2779344155
1.2789344155
1.2799344155
1.2809344155
1.2819344155
1.2829344155
1.2839344155
1.2849344155
1.2859344155
1.2869344155
1.2879344155
1.2889344155
1.2899344155
1.2909344155
1.2919344155
1.2929344155
1.2939344155
1.2949344155
1.2959344155
1.2969344155
1.2979344155
1.2989344155
1.2999344155
1.3009344155
1.3019344155
1.3029344155
1.3039344155
1.3049344155
1.3059344155
1.3069344155
1.3079344155
1.3089344155
1.3099344155
1.3109344155
1.3119344155
1.3129344155
1.3139344155
1.3149344155
1.3159344155
1.3169344155
