# $W$ = 300 nm, $h$ = 300 nm, $s$ = 20 nm, $d/W = 5$, $E_{\rm e}$ = 200 keV
1.1707980119
1.1717980119
1.1727980119
1.1737980119
1.1747980119
1.1757980119
1.1767980119
1.1777980119
1.1787980119
1.1797980119
1.1807980119
1.1817980119
1.1827980119
1.1837980119
1.1847980119
1.1857980119
1.1867980119
1.1877980119
1.1887980119
1.1897980119
1.1907980119
1.1917980119
1.1927980119
1.1937980119
1.1947980119
1.1957980119
1.1967980119
1.1977980119
1.1987980119
1.1997980119
1.2007980119
1.2017980119
1.2027980119
1.2037980119
1.2047980119
1.2057980119
1.2067980119
1.2077980119
1.2087980119
1.2097980119
1.2107980119
1.2117980119
1.2127980119
1.2137980119
1.2147980119
1.2157980119
1.2167980119
1.2177980119
1.2187980119
1.2197980119
1.2207980119
1.2217980119
1.2227980119
1.2237980119
1.2247980119
1.2257980119
1.2267980119
1.2277980119
1.2287980119
1.2297980119
1.2307980119
1.2317980119
1.2327980119
1.2337980119
1.2347980119
1.2357980119
1.2367980119
1.2377980119
1.2387980119
1.2397980119
1.2407980119
1.2417980119
1.2427980119
1.2437980119
1.2447980119
1.2457980119
1.2467980119
1.2477980119
1.2487980119
1.2497980119
1.2507980119
1.2517980119
1.2527980119
1.2537980119
1.2547980119
1.2557980119
1.2567980119
1.2577980119
1.2587980119
1.2597980119
1.2607980119
1.2617980119
1.2627980119
1.2637980119
1.2647980119
1.2657980119
1.2667980119
1.2677980119
1.2687980119
1.2697980119
1.2707980119
1.2717980119
1.2727980119
1.2737980119
