# $W$ = 300 nm, $h$ = 300 nm, $s$ = 20 nm, $d/W = 5$, $E_{\rm e}$ = 200 keV
0.7186369211
0.7196369211
0.7206369211
0.7216369211
0.7226369211
0.7236369211
0.7246369211
0.7256369211
0.7266369211
0.7276369211
0.7286369211
0.7296369211
0.7306369211
0.7316369211
0.7326369211
0.7336369211
0.7346369211
0.7356369211
0.7366369211
0.7376369211
0.7386369211
0.7396369211
0.7406369211
0.7416369211
0.7426369211
0.7436369211
0.7446369211
0.7456369211
0.7466369211
0.7476369211
0.7486369211
0.7496369211
0.7506369211
0.7516369211
0.7526369211
0.7536369211
0.7546369211
0.7556369211
0.7566369211
0.7576369211
0.7586369211
0.7596369211
0.7606369211
0.7616369211
0.7626369211
0.7636369211
0.7646369211
0.7656369211
0.7666369211
0.7676369211
0.7686369211
0.7696369211
0.7706369211
0.7716369211
0.7726369211
0.7736369211
0.7746369211
0.7756369211
0.7766369211
0.7776369211
0.7786369211
0.7796369211
0.7806369211
