# $W$ = 300 nm, $h$ = 300 nm, $s$ = 20 nm, $d/W = 5$, $E_{\rm e}$ = 200 keV
1.2981812477
1.2991812477
1.3001812477
1.3011812477
1.3021812477
1.3031812477
1.3041812477
1.3051812477
1.3061812477
1.3071812477
1.3081812477
1.3091812477
1.3101812477
1.3111812477
1.3121812477
1.3131812477
1.3141812477
1.3151812477
1.3161812477
1.3171812477
1.3181812477
1.3191812477
1.3201812477
1.3211812477
1.3221812477
1.3231812477
1.3241812477
1.3251812477
1.3261812477
1.3271812477
1.3281812477
1.3291812477
1.3301812477
1.3311812477
1.3321812477
1.3331812477
1.3341812477
1.3351812477
1.3361812477
1.3371812477
1.3381812477
1.3391812477
1.3401812477
1.3411812477
1.3421812477
1.3431812477
1.3441812477
1.3451812477
1.3461812477
1.3471812477
1.3481812477
1.3491812477
1.3501812477
1.3511812477
1.3521812477
1.3531812477
1.3541812477
1.3551812477
1.3561812477
1.3571812477
1.3581812477
1.3591812477
1.3601812477
1.3611812477
1.3621812477
1.3631812477
1.3641812477
1.3651812477
1.3661812477
1.3671812477
1.3681812477
1.3691812477
1.3701812477
1.3711812477
1.3721812477
1.3731812477
1.3741812477
1.3751812477
1.3761812477
1.3771812477
1.3781812477
1.3791812477
1.3801812477
1.3811812477
1.3821812477
1.3831812477
1.3841812477
1.3851812477
1.3861812477
1.3871812477
1.3881812477
1.3891812477
1.3901812477
1.3911812477
1.3921812477
1.3931812477
1.3941812477
1.3951812477
1.3961812477
1.3971812477
1.3981812477
1.3991812477
1.4001812477
1.4011812477
1.4021812477
1.4031812477
1.4041812477
1.4051812477
1.4061812477
1.4071812477
