# $W$ = 300 nm, $h$ = 300 nm, $s$ = 20 nm, $d/W = 5$, $E_{\rm e}$ = 200 keV
1.2981888930
1.2991888930
1.3001888930
1.3011888930
1.3021888930
1.3031888930
1.3041888930
1.3051888930
1.3061888930
1.3071888930
1.3081888930
1.3091888930
1.3101888930
1.3111888930
1.3121888930
1.3131888930
1.3141888930
1.3151888930
1.3161888930
1.3171888930
1.3181888930
1.3191888930
1.3201888930
1.3211888930
1.3221888930
1.3231888930
1.3241888930
1.3251888930
1.3261888930
1.3271888930
1.3281888930
1.3291888930
1.3301888930
1.3311888930
1.3321888930
1.3331888930
1.3341888930
1.3351888930
1.3361888930
1.3371888930
1.3381888930
1.3391888930
1.3401888930
1.3411888930
1.3421888930
1.3431888930
1.3441888930
1.3451888930
1.3461888930
1.3471888930
1.3481888930
1.3491888930
1.3501888930
1.3511888930
1.3521888930
1.3531888930
1.3541888930
1.3551888930
1.3561888930
1.3571888930
1.3581888930
1.3591888930
1.3601888930
1.3611888930
1.3621888930
1.3631888930
1.3641888930
1.3651888930
1.3661888929
1.3671888929
1.3681888929
1.3691888929
1.3701888929
1.3711888929
1.3721888929
1.3731888929
1.3741888929
1.3751888929
1.3761888929
1.3771888929
1.3781888929
1.3791888929
1.3801888929
1.3811888929
1.3821888929
1.3831888929
1.3841888929
1.3851888929
1.3861888929
1.3871888929
1.3881888929
1.3891888929
1.3901888929
1.3911888929
1.3921888929
1.3931888929
1.3941888929
1.3951888929
1.3961888929
1.3971888929
1.3981888929
1.3991888929
1.4001888929
1.4011888929
1.4021888929
1.4031888929
1.4041888929
1.4051888929
1.4061888929
1.4071888929
