# $W$ = 300 nm, $h$ = 300 nm, $s$ = 20 nm, $d/W = 5$, $E_{\rm e}$ = 200 keV
0.7186326013
0.7196326013
0.7206326013
0.7216326013
0.7226326013
0.7236326013
0.7246326013
0.7256326013
0.7266326013
0.7276326013
0.7286326013
0.7296326013
0.7306326013
0.7316326013
0.7326326013
0.7336326013
0.7346326013
0.7356326013
0.7366326013
0.7376326013
0.7386326013
0.7396326013
0.7406326013
0.7416326013
0.7426326013
0.7436326013
0.7446326013
0.7456326013
0.7466326013
0.7476326013
0.7486326013
0.7496326013
0.7506326013
0.7516326013
0.7526326013
0.7536326013
0.7546326013
0.7556326013
0.7566326013
0.7576326013
0.7586326013
0.7596326013
0.7606326013
0.7616326013
0.7626326013
0.7636326013
0.7646326013
0.7656326013
0.7666326013
0.7676326013
0.7686326013
0.7696326013
0.7706326013
0.7716326013
0.7726326013
0.7736326013
0.7746326013
0.7756326013
0.7766326013
0.7776326013
0.7786326013
0.7796326013
0.7806326013
