# $W$ = 300 nm, $h$ = 300 nm, $s$ = 20 nm, $d/W = 5$, $E_{\rm e}$ = 200 keV
0.7186326933
0.7196326933
0.7206326933
0.7216326933
0.7226326933
0.7236326933
0.7246326933
0.7256326933
0.7266326933
0.7276326933
0.7286326933
0.7296326933
0.7306326933
0.7316326933
0.7326326933
0.7336326933
0.7346326933
0.7356326933
0.7366326933
0.7376326933
0.7386326933
0.7396326933
0.7406326933
0.7416326933
0.7426326933
0.7436326933
0.7446326933
0.7456326933
0.7466326933
0.7476326933
0.7486326933
0.7496326933
0.7506326933
0.7516326933
0.7526326933
0.7536326933
0.7546326933
0.7556326933
0.7566326933
0.7576326933
0.7586326933
0.7596326933
0.7606326933
0.7616326933
0.7626326933
0.7636326933
0.7646326933
0.7656326933
0.7666326933
0.7676326933
0.7686326933
0.7696326933
0.7706326933
0.7716326933
0.7726326933
0.7736326933
0.7746326933
0.7756326933
0.7766326933
0.7776326933
0.7786326933
0.7796326933
0.7806326933
