# $W$ = 300 nm, $h$ = 300 nm, $s$ = 20 nm, $d/W = 5$, $E_{\rm e}$ = 200 keV
1.2999651570
1.3009651570
1.3019651570
1.3029651570
1.3039651570
1.3049651570
1.3059651570
1.3069651570
1.3079651570
1.3089651570
1.3099651570
1.3109651570
1.3119651570
1.3129651570
1.3139651570
1.3149651570
1.3159651570
1.3169651570
1.3179651570
1.3189651570
1.3199651570
1.3209651570
1.3219651570
1.3229651570
1.3239651570
1.3249651570
1.3259651570
1.3269651570
1.3279651570
1.3289651570
1.3299651570
1.3309651570
1.3319651570
1.3329651570
1.3339651570
1.3349651570
1.3359651570
1.3369651570
1.3379651570
1.3389651570
1.3399651570
1.3409651570
1.3419651570
1.3429651570
1.3439651570
1.3449651570
1.3459651570
1.3469651570
1.3479651570
1.3489651570
1.3499651570
1.3509651570
1.3519651570
1.3529651570
1.3539651570
1.3549651570
1.3559651570
1.3569651570
1.3579651570
1.3589651570
1.3599651570
1.3609651570
1.3619651570
1.3629651570
1.3639651570
1.3649651570
1.3659651570
1.3669651570
1.3679651570
1.3689651570
1.3699651570
1.3709651570
1.3719651570
1.3729651570
1.3739651570
1.3749651570
1.3759651570
1.3769651570
1.3779651570
1.3789651570
1.3799651570
1.3809651570
1.3819651570
1.3829651570
1.3839651570
1.3849651570
1.3859651570
1.3869651570
1.3879651570
1.3889651570
1.3899651570
1.3909651570
1.3919651570
1.3929651570
1.3939651570
1.3949651570
1.3959651570
1.3969651570
1.3979651570
1.3989651570
1.3999651570
1.4009651570
1.4019651570
1.4029651570
1.4039651570
1.4049651570
