# $W$ = 300 nm, $h$ = 300 nm, $s$ = 20 nm, $d/W = 5$, $E_{\rm e}$ = 200 keV
1.1707434810
1.1717434810
1.1727434810
1.1737434810
1.1747434810
1.1757434810
1.1767434810
1.1777434810
1.1787434810
1.1797434810
1.1807434810
1.1817434810
1.1827434810
1.1837434810
1.1847434810
1.1857434810
1.1867434810
1.1877434810
1.1887434810
1.1897434810
1.1907434810
1.1917434810
1.1927434810
1.1937434810
1.1947434810
1.1957434810
1.1967434810
1.1977434810
1.1987434810
1.1997434810
1.2007434810
1.2017434810
1.2027434810
1.2037434810
1.2047434810
1.2057434810
1.2067434810
1.2077434810
1.2087434810
1.2097434810
1.2107434810
1.2117434810
1.2127434810
1.2137434810
1.2147434810
1.2157434810
1.2167434810
1.2177434810
1.2187434810
1.2197434810
1.2207434810
1.2217434810
1.2227434810
1.2237434810
1.2247434810
1.2257434810
1.2267434810
1.2277434810
1.2287434810
1.2297434810
1.2307434810
1.2317434810
1.2327434810
1.2337434810
1.2347434810
1.2357434810
1.2367434810
1.2377434810
1.2387434810
1.2397434810
1.2407434810
1.2417434810
1.2427434810
1.2437434810
1.2447434810
1.2457434810
1.2467434810
1.2477434810
1.2487434810
1.2497434810
1.2507434810
1.2517434810
1.2527434810
1.2537434810
1.2547434810
1.2557434810
1.2567434810
1.2577434810
1.2587434810
1.2597434810
1.2607434810
1.2617434810
1.2627434810
1.2637434810
1.2647434810
1.2657434810
1.2667434810
1.2677434810
1.2687434810
1.2697434810
1.2707434810
1.2717434810
1.2727434810
1.2737434810
