# $W$ = 400 nm, $h$ = 300 nm, $s$ = 20 nm, $d/W = 5$, $E_{\rm e}$ = 200 keV
0.2637379485
0.2647379485
0.2657379485
0.2667379485
0.2677379485
0.2687379485
0.2697379485
0.2707379485
0.2717379485
0.2727379485
0.2737379485
0.2747379485
0.2757379485
0.2767379485
0.2777379485
0.2787379485
0.2797379485
0.2807379485
0.2817379485
0.2827379485
0.2837379485
0.2847379485
0.2857379485
0.2867379485
0.2877379485
0.2887379485
0.2897379485
0.2907379485
0.2917379485
0.2927379485
0.2937379485
0.2947379485
0.2957379485
0.2967379485
0.2977379485
0.2987379485
0.2997379485
0.3007379485
0.3017379485
0.3027379485
0.3037379485
0.3047379485
0.3057379485
0.3067379485
0.3077379485
0.3087379485
0.3097379485
0.3107379485
0.3117379485
0.3127379485
0.3137379485
0.3147379485
0.3157379485
0.3167379485
0.3177379485
0.3187379485
0.3197379485
0.3207379485
0.3217379485
0.3227379485
0.3237379485
0.3247379485
0.3257379485
0.3267379485
0.3277379485
0.3287379485
0.3297379485
0.3307379485
0.3317379485
0.3327379485
0.3337379485
0.3347379485
0.3357379485
0.3367379485
0.3377379485
0.3387379485
0.3397379485
0.3407379485
0.3417379485
0.3427379485
0.3437379485
0.3447379485
0.3457379485
0.3467379485
0.3477379485
0.3487379485
0.3497379485
0.3507379485
0.3517379485
0.3527379485
0.3537379485
0.3547379485
0.3557379485
0.3567379485
0.3577379485
0.3587379485
0.3597379485
0.3607379485
0.3617379485
0.3627379485
0.3637379485
0.3647379485
0.3657379485
0.3667379485
0.3677379485
0.3687379485
0.3697379485
0.3707379485
0.3717379485
0.3727379485
0.3737379485
0.3747379485
0.3757379485
0.3767379485
0.3777379485
0.3787379485
0.3797379485
0.3807379485
0.3817379485
0.3827379485
0.3837379485
0.3847379485
0.3857379485
0.3867379485
0.3877379485
0.3887379485
0.3897379485
0.3907379485
0.3917379485
0.3927379485
0.3937379485
0.3947379485
0.3957379485
0.3967379485
0.3977379485
0.3987379485
0.3997379485
0.4007379485
0.4017379485
0.4027379485
0.4037379485
0.4047379485
0.4057379485
0.4067379485
0.4077379485
0.4087379485
0.4097379485
0.4107379485
0.4117379485
0.4127379485
0.4137379485
0.4147379485
0.4157379485
0.4167379485
0.4177379485
0.4187379485
0.4197379485
0.4207379485
0.4217379485
0.4227379485
0.4237379485
0.4247379485
0.4257379485
0.4267379485
0.4277379485
0.4287379485
0.4297379485
0.4307379485
0.4317379485
0.4327379485
0.4337379485
0.4347379485
0.4357379485
0.4367379485
0.4377379485
0.4387379485
0.4397379485
0.4407379485
0.4417379485
0.4427379485
0.4437379485
0.4447379485
0.4457379485
0.4467379485
0.4477379485
0.4487379485
0.4497379485
0.4507379485
0.4517379485
0.4527379485
0.4537379485
0.4547379485
0.4557379485
0.4567379485
0.4577379485
0.4587379485
0.4597379485
0.4607379485
0.4617379485
0.4627379485
0.4637379485
0.4647379485
0.4657379485
0.4667379485
0.4677379485
0.4687379485
0.4697379485
0.4707379485
0.4717379485
0.4727379485
0.4737379485
0.4747379485
0.4757379485
0.4767379485
0.4777379485
0.4787379485
0.4797379485
0.4807379485
0.4817379485
0.4827379485
0.4837379485
0.4847379485
0.4857379485
0.4867379485
0.4877379485
0.4887379485
0.4897379485
0.4907379485
0.4917379485
0.4927379485
0.4937379485
0.4947379485
0.4957379485
0.4967379485
0.4977379485
0.4987379485
0.4997379485
0.5007379485
0.5017379485
0.5027379485
0.5037379485
0.5047379485
0.5057379485
0.5067379485
0.5077379485
0.5087379485
0.5097379485
0.5107379485
0.5117379485
0.5127379485
0.5137379485
0.5147379485
0.5157379485
0.5167379485
0.5177379485
0.5187379485
0.5197379485
0.5207379485
0.5217379485
0.5227379485
0.5237379485
0.5247379485
0.5257379485
0.5267379485
0.5277379485
0.5287379485
0.5297379485
0.5307379485
0.5317379485
0.5327379485
0.5337379485
0.5347379485
0.5357379485
0.5367379485
0.5377379485
0.5387379485
0.5397379485
0.5407379485
0.5417379485
0.5427379485
0.5437379485
0.5447379485
0.5457379485
0.5467379485
0.5477379485
0.5487379485
0.5497379485
0.5507379485
0.5517379485
0.5527379485
0.5537379485
0.5547379485
0.5557379485
0.5567379485
0.5577379485
0.5587379485
0.5597379485
0.5607379485
0.5617379485
0.5627379485
0.5637379485
0.5647379485
0.5657379485
0.5667379485
0.5677379485
0.5687379485
0.5697379485
0.5707379485
0.5717379485
0.5727379485
0.5737379485
0.5747379485
0.5757379485
0.5767379485
0.5777379485
0.5787379485
0.5797379485
0.5807379485
0.5817379485
0.5827379485
0.5837379485
0.5847379485
0.5857379485
0.5867379485
0.5877379485
0.5887379485
0.5897379485
0.5907379485
0.5917379485
0.5927379485
0.5937379485
0.5947379485
0.5957379485
0.5967379485
0.5977379485
0.5987379485
0.5997379485
0.6007379485
0.6017379485
0.6027379485
0.6037379485
0.6047379485
0.6057379485
0.6067379485
0.6077379485
0.6087379485
0.6097379485
0.6107379485
0.6117379485
0.6127379485
0.6137379485
0.6147379485
0.6157379485
0.6167379485
0.6177379485
0.6187379485
0.6197379485
0.6207379485
0.6217379485
0.6227379485
0.6237379485
0.6247379485
0.6257379485
0.6267379485
0.6277379485
0.6287379485
0.6297379485
0.6307379485
0.6317379485
0.6327379485
0.6337379485
0.6347379485
0.6357379485
0.6367379485
0.6377379485
0.6387379485
0.6397379485
0.6407379485
0.6417379485
0.6427379485
0.6437379485
0.6447379485
0.6457379485
0.6467379485
0.6477379485
0.6487379485
0.6497379485
0.6507379485
0.6517379485
0.6527379485
0.6537379485
0.6547379485
0.6557379485
0.6567379485
0.6577379485
0.6587379485
0.6597379485
0.6607379485
0.6617379485
0.6627379485
0.6637379485
0.6647379485
0.6657379485
0.6667379485
0.6677379485
0.6687379485
0.6697379485
0.6707379485
0.6717379485
0.6727379485
0.6737379485
0.6747379485
0.6757379485
0.6767379485
0.6777379485
0.6787379485
0.6797379485
0.6807379485
0.6817379485
0.6827379485
0.6837379485
0.6847379485
0.6857379485
0.6867379485
0.6877379485
0.6887379485
0.6897379485
0.6907379485
0.6917379485
0.6927379485
0.6937379485
0.6947379485
0.6957379485
0.6967379485
0.6977379485
0.6987379485
0.6997379485
0.7007379485
0.7017379485
0.7027379485
0.7037379485
0.7047379485
0.7057379485
0.7067379485
0.7077379485
0.7087379485
0.7097379485
0.7107379485
0.7117379485
0.7127379485
0.7137379485
0.7147379485
0.7157379485
0.7167379485
0.7177379485
0.7187379485
0.7197379485
0.7207379485
0.7217379485
0.7227379485
0.7237379485
0.7247379485
0.7257379485
0.7267379485
0.7277379485
0.7287379485
0.7297379485
0.7307379485
0.7317379485
0.7327379485
0.7337379485
0.7347379485
0.7357379485
0.7367379485
0.7377379485
0.7387379485
0.7397379485
0.7407379485
0.7417379485
0.7427379485
0.7437379485
0.7447379485
0.7457379485
0.7467379485
0.7477379485
0.7487379485
0.7497379485
0.7507379485
0.7517379485
0.7527379485
0.7537379485
0.7547379485
0.7557379485
0.7567379485
0.7577379485
0.7587379485
0.7597379485
0.7607379485
0.7617379485
0.7627379485
0.7637379485
0.7647379485
0.7657379485
0.7667379485
0.7677379485
0.7687379485
0.7697379485
0.7707379485
0.7717379485
0.7727379485
0.7737379485
0.7747379485
0.7757379485
0.7767379485
0.7777379485
0.7787379485
0.7797379485
0.7807379485
0.7817379485
0.7827379485
0.7837379485
0.7847379485
0.7857379485
0.7867379485
0.7877379485
0.7887379485
0.7897379485
0.7907379485
0.7917379485
0.7927379485
0.7937379485
0.7947379485
0.7957379485
0.7967379485
0.7977379485
0.7987379485
0.7997379485
0.8007379485
0.8017379485
0.8027379485
0.8037379485
0.8047379485
0.8057379485
0.8067379485
0.8077379485
0.8087379485
0.8097379485
0.8107379485
0.8117379485
0.8127379485
0.8137379485
0.8147379485
0.8157379485
0.8167379485
0.8177379485
0.8187379485
0.8197379485
0.8207379485
0.8217379485
0.8227379485
0.8237379485
0.8247379485
0.8257379485
0.8267379485
0.8277379485
0.8287379485
0.8297379485
0.8307379485
0.8317379485
0.8327379485
0.8337379485
0.8347379485
0.8357379485
0.8367379485
0.8377379485
0.8387379485
0.8397379485
0.8407379485
0.8417379485
0.8427379485
0.8437379485
0.8447379485
0.8457379485
0.8467379485
0.8477379485
0.8487379485
0.8497379485
0.8507379485
0.8517379485
0.8527379485
0.8537379485
0.8547379485
0.8557379485
0.8567379485
0.8577379485
0.8587379485
0.8597379485
0.8607379485
0.8617379485
0.8627379485
0.8637379485
0.8647379485
0.8657379485
0.8667379485
0.8677379485
0.8687379485
0.8697379485
0.8707379485
0.8717379485
0.8727379485
0.8737379485
0.8747379485
0.8757379485
0.8767379485
0.8777379485
0.8787379485
0.8797379485
0.8807379485
0.8817379485
0.8827379485
0.8837379485
0.8847379485
0.8857379485
0.8867379485
0.8877379485
0.8887379485
0.8897379485
0.8907379485
0.8917379485
0.8927379485
0.8937379485
0.8947379485
0.8957379485
0.8967379485
0.8977379485
0.8987379485
0.8997379485
0.9007379485
0.9017379485
0.9027379485
0.9037379485
0.9047379485
0.9057379485
0.9067379485
0.9077379485
0.9087379485
0.9097379485
0.9107379485
0.9117379485
0.9127379485
0.9137379485
0.9147379485
0.9157379485
0.9167379485
0.9177379485
0.9187379485
0.9197379485
0.9207379485
0.9217379485
0.9227379485
0.9237379485
0.9247379485
0.9257379485
0.9267379485
0.9277379485
0.9287379485
0.9297379485
0.9307379485
0.9317379485
0.9327379485
0.9337379485
0.9347379485
0.9357379485
0.9367379485
0.9377379485
0.9387379485
0.9397379485
0.9407379485
0.9417379485
0.9427379485
0.9437379485
0.9447379485
0.9457379485
0.9467379485
0.9477379485
0.9487379485
0.9497379485
0.9507379485
0.9517379485
0.9527379485
0.9537379485
0.9547379485
0.9557379485
0.9567379485
0.9577379485
0.9587379485
0.9597379485
0.9607379485
0.9617379485
0.9627379485
0.9637379485
0.9647379485
0.9657379485
0.9667379485
0.9677379485
0.9687379485
0.9697379485
0.9707379485
0.9717379485
0.9727379485
0.9737379485
0.9747379485
0.9757379485
0.9767379485
0.9777379485
0.9787379485
0.9797379485
0.9807379485
0.9817379485
0.9827379485
0.9837379485
0.9847379485
0.9857379485
0.9867379485
0.9877379485
0.9887379485
0.9897379485
0.9907379485
0.9917379485
0.9927379485
