# $W$ = 400 nm, $h$ = 300 nm, $s$ = 20 nm, $d/W = 5$, $E_{\rm e}$ = 200 keV
1.2089344388
1.2099344388
1.2109344388
1.2119344388
1.2129344388
1.2139344388
1.2149344388
1.2159344388
1.2169344388
1.2179344388
1.2189344388
1.2199344388
1.2209344388
1.2219344388
1.2229344388
1.2239344388
1.2249344388
1.2259344388
1.2269344388
1.2279344388
1.2289344388
1.2299344388
1.2309344388
1.2319344388
1.2329344388
1.2339344388
1.2349344388
1.2359344388
1.2369344388
1.2379344388
1.2389344388
1.2399344388
1.2409344388
1.2419344388
1.2429344388
1.2439344388
1.2449344388
1.2459344388
1.2469344388
1.2479344388
1.2489344388
1.2499344388
1.2509344388
1.2519344388
1.2529344388
1.2539344388
1.2549344388
1.2559344388
1.2569344388
1.2579344388
1.2589344388
1.2599344388
1.2609344388
1.2619344388
1.2629344388
1.2639344388
1.2649344388
1.2659344388
1.2669344388
1.2679344388
1.2689344388
1.2699344388
1.2709344388
1.2719344388
1.2729344388
1.2739344388
1.2749344388
1.2759344388
1.2769344388
1.2779344388
1.2789344388
1.2799344388
1.2809344388
1.2819344388
1.2829344388
1.2839344388
1.2849344388
1.2859344388
1.2869344388
1.2879344388
1.2889344388
1.2899344388
1.2909344388
1.2919344388
1.2929344388
1.2939344388
1.2949344388
1.2959344388
1.2969344388
1.2979344388
1.2989344388
1.2999344388
1.3009344388
1.3019344388
1.3029344388
1.3039344388
1.3049344388
1.3059344388
1.3069344388
1.3079344388
1.3089344388
1.3099344388
1.3109344388
1.3119344388
1.3129344388
1.3139344388
1.3149344388
1.3159344388
1.3169344388
