# $W$ = 300 nm, $h$ = 300 nm, $s$ = 20 nm, $d/W = 5$, $E_{\rm e}$ = 200 keV
1.1708005618
1.1718005618
1.1728005618
1.1738005618
1.1748005618
1.1758005618
1.1768005618
1.1778005618
1.1788005618
1.1798005618
1.1808005618
1.1818005618
1.1828005618
1.1838005618
1.1848005618
1.1858005618
1.1868005618
1.1878005618
1.1888005618
1.1898005618
1.1908005618
1.1918005618
1.1928005618
1.1938005618
1.1948005618
1.1958005618
1.1968005618
1.1978005618
1.1988005618
1.1998005618
1.2008005618
1.2018005618
1.2028005618
1.2038005618
1.2048005618
1.2058005618
1.2068005618
1.2078005618
1.2088005618
1.2098005618
1.2108005618
1.2118005618
1.2128005618
1.2138005618
1.2148005618
1.2158005618
1.2168005618
1.2178005618
1.2188005618
1.2198005618
1.2208005618
1.2218005618
1.2228005618
1.2238005618
1.2248005618
1.2258005618
1.2268005618
1.2278005618
1.2288005618
1.2298005618
1.2308005618
1.2318005618
1.2328005618
1.2338005618
1.2348005618
1.2358005618
1.2368005618
1.2378005618
1.2388005618
1.2398005618
1.2408005618
1.2418005618
1.2428005618
1.2438005618
1.2448005618
1.2458005618
1.2468005618
1.2478005618
1.2488005618
1.2498005618
1.2508005618
1.2518005618
1.2528005618
1.2538005618
1.2548005618
1.2558005618
1.2568005618
1.2578005618
1.2588005618
1.2598005618
1.2608005618
1.2618005618
1.2628005618
1.2638005618
1.2648005618
1.2658005618
1.2668005618
1.2678005618
1.2688005618
1.2698005618
1.2708005618
1.2718005618
1.2728005618
1.2738005618
