# $W$ = 300 nm, $h$ = 300 nm, $s$ = 20 nm, $d/W = 5$, $E_{\rm e}$ = 200 keV
1.3018918778
1.3028918778
1.3038918778
1.3048918778
1.3058918778
1.3068918778
1.3078918778
1.3088918778
1.3098918778
1.3108918778
1.3118918778
1.3128918778
1.3138918778
1.3148918778
1.3158918778
1.3168918778
1.3178918778
1.3188918778
1.3198918778
1.3208918778
1.3218918778
1.3228918778
1.3238918778
1.3248918778
1.3258918778
1.3268918778
1.3278918778
1.3288918778
1.3298918778
1.3308918778
1.3318918778
1.3328918778
1.3338918778
1.3348918778
1.3358918778
1.3368918778
1.3378918778
1.3388918778
1.3398918778
1.3408918778
1.3418918778
1.3428918778
1.3438918778
1.3448918778
1.3458918778
1.3468918778
1.3478918778
1.3488918778
1.3498918778
1.3508918778
1.3518918778
1.3528918778
1.3538918778
1.3548918778
1.3558918778
1.3568918778
1.3578918778
1.3588918778
1.3598918778
1.3608918778
1.3618918778
1.3628918778
1.3638918778
1.3648918778
1.3658918778
1.3668918778
1.3678918778
1.3688918778
1.3698918778
1.3708918778
1.3718918778
1.3728918778
1.3738918778
1.3748918778
1.3758918778
1.3768918778
1.3778918778
1.3788918778
1.3798918778
1.3808918778
1.3818918778
1.3828918778
1.3838918778
1.3848918778
1.3858918778
1.3868918778
1.3878918778
1.3888918778
1.3898918778
1.3908918778
1.3918918778
1.3928918778
1.3938918778
1.3948918778
1.3958918778
1.3968918778
1.3978918778
1.3988918778
1.3998918778
1.4008918778
1.4018918778
1.4028918778
