# $W$ = 300 nm, $h$ = 300 nm, $s$ = 20 nm, $d/W = 5$, $E_{\rm e}$ = 200 keV
1.6842151906
1.6852151906
1.6862151906
1.6872151906
1.6882151906
1.6892151906
1.6902151906
1.6912151906
1.6922151906
1.6932151906
1.6942151906
1.6952151906
1.6962151906
1.6972151906
1.6982151906
1.6992151906
1.7002151906
1.7012151906
1.7022151906
1.7032151906
1.7042151906
1.7052151906
1.7062151906
1.7072151906
1.7082151906
1.7092151906
1.7102151906
1.7112151906
1.7122151906
1.7132151906
1.7142151906
1.7152151906
1.7162151906
1.7172151906
1.7182151906
1.7192151906
1.7202151906
1.7212151906
1.7222151906
1.7232151906
1.7242151906
1.7252151906
1.7262151906
1.7272151906
1.7282151906
1.7292151906
1.7302151906
1.7312151906
1.7322151906
1.7332151906
1.7342151906
1.7352151906
1.7362151906
1.7372151906
1.7382151906
1.7392151906
1.7402151906
1.7412151906
1.7422151906
1.7432151906
1.7442151906
1.7452151906
1.7462151906
1.7472151906
1.7482151906
1.7492151906
1.7502151906
1.7512151906
1.7522151906
1.7532151906
1.7542151906
1.7552151906
1.7562151906
1.7572151906
1.7582151906
1.7592151906
1.7602151906
1.7612151906
1.7622151906
1.7632151906
1.7642151906
1.7652151906
1.7662151906
1.7672151906
1.7682151906
1.7692151906
1.7702151906
1.7712151906
1.7722151906
1.7732151906
1.7742151906
1.7752151906
1.7762151906
1.7772151906
1.7782151906
1.7792151906
1.7802151906
1.7812151906
1.7822151906
1.7832151906
1.7842151906
1.7852151906
1.7862151906
1.7872151906
1.7882151906
1.7892151906
1.7902151906
1.7912151906
1.7922151906
1.7932151906
1.7942151906
1.7952151906
1.7962151906
1.7972151906
1.7982151906
1.7992151906
1.8002151906
1.8012151906
1.8022151906
1.8032151906
1.8042151906
1.8052151906
1.8062151906
1.8072151906
1.8082151906
1.8092151906
1.8102151906
1.8112151906
1.8122151906
1.8132151906
1.8142151906
1.8152151906
1.8162151906
1.8172151906
1.8182151906
1.8192151906
1.8202151906
1.8212151906
1.8222151906
1.8232151906
1.8242151906
1.8252151906
1.8262151906
1.8272151906
1.8282151906
1.8292151906
1.8302151906
1.8312151906
1.8322151906
1.8332151906
1.8342151906
1.8352151906
1.8362151906
1.8372151906
1.8382151906
1.8392151906
1.8402151906
1.8412151906
1.8422151906
1.8432151906
1.8442151906
1.8452151906
1.8462151906
1.8472151906
1.8482151906
1.8492151906
1.8502151906
1.8512151906
1.8522151906
1.8532151906
1.8542151906
1.8552151906
1.8562151906
1.8572151906
1.8582151906
1.8592151906
1.8602151906
1.8612151906
1.8622151906
1.8632151906
1.8642151906
1.8652151906
1.8662151906
1.8672151906
1.8682151906
1.8692151906
1.8702151906
1.8712151906
1.8722151906
1.8732151906
1.8742151906
1.8752151906
1.8762151906
1.8772151906
1.8782151906
1.8792151906
1.8802151906
1.8812151906
1.8822151906
1.8832151906
1.8842151906
1.8852151906
1.8862151906
1.8872151906
1.8882151906
1.8892151906
1.8902151906
1.8912151906
1.8922151906
1.8932151906
1.8942151906
1.8952151906
1.8962151906
1.8972151906
