# $W$ = 300 nm, $h$ = 300 nm, $s$ = 20 nm, $d/W = 5$, $E_{\rm e}$ = 200 keV
1.2981887229
1.2991887229
1.3001887229
1.3011887229
1.3021887229
1.3031887229
1.3041887229
1.3051887229
1.3061887229
1.3071887229
1.3081887229
1.3091887229
1.3101887229
1.3111887229
1.3121887229
1.3131887229
1.3141887229
1.3151887229
1.3161887229
1.3171887229
1.3181887229
1.3191887229
1.3201887229
1.3211887229
1.3221887229
1.3231887229
1.3241887229
1.3251887229
1.3261887229
1.3271887229
1.3281887229
1.3291887229
1.3301887229
1.3311887229
1.3321887229
1.3331887229
1.3341887229
1.3351887229
1.3361887229
1.3371887229
1.3381887229
1.3391887229
1.3401887229
1.3411887229
1.3421887229
1.3431887229
1.3441887229
1.3451887229
1.3461887229
1.3471887229
1.3481887229
1.3491887229
1.3501887229
1.3511887229
1.3521887229
1.3531887229
1.3541887229
1.3551887229
1.3561887229
1.3571887229
1.3581887229
1.3591887229
1.3601887229
1.3611887229
1.3621887229
1.3631887229
1.3641887229
1.3651887229
1.3661887229
1.3671887229
1.3681887229
1.3691887229
1.3701887229
1.3711887229
1.3721887229
1.3731887229
1.3741887229
1.3751887229
1.3761887229
1.3771887229
1.3781887229
1.3791887229
1.3801887229
1.3811887229
1.3821887229
1.3831887229
1.3841887229
1.3851887229
1.3861887229
1.3871887229
1.3881887229
1.3891887229
1.3901887229
1.3911887229
1.3921887229
1.3931887229
1.3941887229
1.3951887229
1.3961887229
1.3971887229
1.3981887229
1.3991887229
1.4001887229
1.4011887229
1.4021887229
1.4031887229
1.4041887229
1.4051887229
1.4061887229
1.4071887229
