# $W$ = 400 nm, $h$ = 300 nm, $s$ = 20 nm, $d/W = 5$, $E_{\rm e}$ = 200 keV
1.2089342740
1.2099342740
1.2109342740
1.2119342740
1.2129342740
1.2139342740
1.2149342740
1.2159342740
1.2169342740
1.2179342740
1.2189342740
1.2199342740
1.2209342740
1.2219342740
1.2229342740
1.2239342740
1.2249342740
1.2259342740
1.2269342740
1.2279342740
1.2289342740
1.2299342740
1.2309342740
1.2319342740
1.2329342740
1.2339342740
1.2349342740
1.2359342740
1.2369342740
1.2379342740
1.2389342740
1.2399342740
1.2409342740
1.2419342740
1.2429342740
1.2439342740
1.2449342740
1.2459342740
1.2469342740
1.2479342740
1.2489342740
1.2499342740
1.2509342740
1.2519342740
1.2529342740
1.2539342740
1.2549342740
1.2559342740
1.2569342740
1.2579342740
1.2589342740
1.2599342740
1.2609342740
1.2619342740
1.2629342740
1.2639342740
1.2649342740
1.2659342740
1.2669342740
1.2679342740
1.2689342740
1.2699342740
1.2709342740
1.2719342740
1.2729342740
1.2739342740
1.2749342740
1.2759342740
1.2769342740
1.2779342740
1.2789342740
1.2799342740
1.2809342740
1.2819342740
1.2829342740
1.2839342740
1.2849342740
1.2859342740
1.2869342740
1.2879342740
1.2889342740
1.2899342740
1.2909342740
1.2919342740
1.2929342740
1.2939342740
1.2949342740
1.2959342740
1.2969342740
1.2979342740
1.2989342740
1.2999342740
1.3009342740
1.3019342740
1.3029342740
1.3039342740
1.3049342740
1.3059342740
1.3069342740
1.3079342740
1.3089342740
1.3099342740
1.3109342740
1.3119342740
1.3129342740
1.3139342740
1.3149342740
1.3159342740
1.3169342740
