# $W$ = 300 nm, $h$ = 300 nm, $s$ = 20 nm, $d/W = 5$, $E_{\rm e}$ = 200 keV
1.1707964676
1.1717964676
1.1727964676
1.1737964676
1.1747964676
1.1757964676
1.1767964676
1.1777964676
1.1787964676
1.1797964676
1.1807964676
1.1817964676
1.1827964676
1.1837964676
1.1847964676
1.1857964676
1.1867964676
1.1877964676
1.1887964676
1.1897964676
1.1907964676
1.1917964676
1.1927964676
1.1937964676
1.1947964676
1.1957964676
1.1967964676
1.1977964676
1.1987964676
1.1997964676
1.2007964676
1.2017964676
1.2027964676
1.2037964676
1.2047964676
1.2057964676
1.2067964676
1.2077964676
1.2087964676
1.2097964676
1.2107964676
1.2117964676
1.2127964676
1.2137964676
1.2147964676
1.2157964676
1.2167964676
1.2177964676
1.2187964676
1.2197964676
1.2207964676
1.2217964676
1.2227964676
1.2237964676
1.2247964676
1.2257964676
1.2267964676
1.2277964676
1.2287964676
1.2297964676
1.2307964676
1.2317964676
1.2327964676
1.2337964676
1.2347964676
1.2357964676
1.2367964676
1.2377964676
1.2387964676
1.2397964676
1.2407964676
1.2417964676
1.2427964676
1.2437964676
1.2447964676
1.2457964676
1.2467964676
1.2477964676
1.2487964676
1.2497964676
1.2507964676
1.2517964676
1.2527964676
1.2537964676
1.2547964676
1.2557964676
1.2567964676
1.2577964676
1.2587964676
1.2597964676
1.2607964676
1.2617964676
1.2627964676
1.2637964676
1.2647964676
1.2657964676
1.2667964676
1.2677964676
1.2687964676
1.2697964676
1.2707964676
1.2717964676
1.2727964676
1.2737964676
