# $W$ = 300 nm, $h$ = 300 nm, $s$ = 20 nm, $d/W = 5$, $E_{\rm e}$ = 200 keV
1.2981892022
1.2991892022
1.3001892022
1.3011892022
1.3021892022
1.3031892022
1.3041892022
1.3051892022
1.3061892022
1.3071892022
1.3081892022
1.3091892022
1.3101892022
1.3111892022
1.3121892022
1.3131892022
1.3141892022
1.3151892022
1.3161892022
1.3171892022
1.3181892022
1.3191892022
1.3201892022
1.3211892022
1.3221892022
1.3231892022
1.3241892022
1.3251892022
1.3261892022
1.3271892022
1.3281892022
1.3291892022
1.3301892022
1.3311892022
1.3321892022
1.3331892022
1.3341892022
1.3351892022
1.3361892022
1.3371892022
1.3381892022
1.3391892022
1.3401892022
1.3411892022
1.3421892022
1.3431892022
1.3441892022
1.3451892022
1.3461892022
1.3471892022
1.3481892022
1.3491892022
1.3501892022
1.3511892022
1.3521892022
1.3531892022
1.3541892022
1.3551892022
1.3561892022
1.3571892022
1.3581892022
1.3591892022
1.3601892022
1.3611892022
1.3621892022
1.3631892022
1.3641892022
1.3651892022
1.3661892022
1.3671892022
1.3681892022
1.3691892022
1.3701892022
1.3711892022
1.3721892022
1.3731892022
1.3741892022
1.3751892022
1.3761892022
1.3771892022
1.3781892022
1.3791892022
1.3801892022
1.3811892022
1.3821892022
1.3831892022
1.3841892022
1.3851892022
1.3861892022
1.3871892022
1.3881892022
1.3891892022
1.3901892022
1.3911892022
1.3921892022
1.3931892022
1.3941892022
1.3951892022
1.3961892022
1.3971892022
1.3981892022
1.3991892022
1.4001892022
1.4011892022
1.4021892022
1.4031892022
1.4041892022
1.4051892022
1.4061892022
1.4071892022
