# $W$ = 400 nm, $h$ = 300 nm, $s$ = 20 nm, $d/W = 5$, $E_{\rm e}$ = 200 keV
1.6405732593
1.6415732593
1.6425732593
1.6435732593
1.6445732593
1.6455732593
1.6465732593
1.6475732593
1.6485732593
1.6495732593
1.6505732593
1.6515732593
1.6525732593
1.6535732593
1.6545732593
1.6555732593
1.6565732593
1.6575732593
1.6585732593
1.6595732593
1.6605732593
1.6615732593
1.6625732593
1.6635732593
1.6645732593
1.6655732593
1.6665732593
1.6675732593
1.6685732593
1.6695732593
1.6705732593
1.6715732593
1.6725732593
1.6735732593
1.6745732593
1.6755732593
1.6765732593
1.6775732593
1.6785732593
1.6795732593
1.6805732593
1.6815732593
1.6825732593
1.6835732593
1.6845732593
1.6855732593
1.6865732593
1.6875732593
1.6885732593
1.6895732593
1.6905732593
1.6915732593
1.6925732593
1.6935732593
1.6945732593
1.6955732593
1.6965732593
1.6975732593
1.6985732593
1.6995732593
1.7005732593
1.7015732593
1.7025732593
1.7035732593
1.7045732593
1.7055732593
1.7065732593
1.7075732593
1.7085732593
1.7095732593
1.7105732593
1.7115732593
1.7125732593
1.7135732593
1.7145732593
1.7155732593
1.7165732593
1.7175732593
1.7185732593
1.7195732593
1.7205732593
1.7215732593
1.7225732593
1.7235732593
1.7245732593
1.7255732593
1.7265732593
1.7275732593
1.7285732593
1.7295732593
1.7305732593
1.7315732593
1.7325732593
1.7335732593
1.7345732593
1.7355732593
1.7365732593
1.7375732593
1.7385732593
1.7395732593
1.7405732593
1.7415732593
1.7425732593
1.7435732593
1.7445732593
1.7455732593
1.7465732593
1.7475732593
1.7485732593
1.7495732593
1.7505732593
1.7515732593
1.7525732593
1.7535732593
1.7545732593
1.7555732593
1.7565732593
1.7575732593
1.7585732593
1.7595732593
1.7605732593
1.7615732593
1.7625732593
1.7635732593
1.7645732593
1.7655732593
1.7665732593
1.7675732593
1.7685732593
1.7695732593
1.7705732593
1.7715732593
1.7725732593
1.7735732593
1.7745732593
1.7755732593
1.7765732593
1.7775732593
1.7785732593
1.7795732593
1.7805732593
1.7815732593
1.7825732593
1.7835732593
1.7845732593
1.7855732593
1.7865732593
1.7875732593
1.7885732593
1.7895732593
1.7905732593
1.7915732593
1.7925732593
1.7935732593
1.7945732593
1.7955732593
1.7965732593
1.7975732593
1.7985732593
1.7995732593
1.8005732593
1.8015732593
1.8025732593
1.8035732593
1.8045732593
1.8055732593
1.8065732593
1.8075732593
1.8085732593
1.8095732593
1.8105732593
1.8115732593
1.8125732593
1.8135732593
1.8145732593
1.8155732593
1.8165732593
1.8175732593
1.8185732593
1.8195732593
1.8205732593
1.8215732593
1.8225732593
1.8235732593
1.8245732593
1.8255732593
1.8265732593
1.8275732593
1.8285732593
1.8295732593
1.8305732593
1.8315732593
1.8325732593
1.8335732593
1.8345732593
1.8355732593
1.8365732593
1.8375732593
1.8385732593
1.8395732593
1.8405732593
1.8415732593
1.8425732593
1.8435732593
1.8445732593
1.8455732593
1.8465732593
1.8475732593
1.8485732593
1.8495732593
1.8505732593
1.8515732593
1.8525732593
1.8535732593
1.8545732593
1.8555732593
1.8565732593
1.8575732593
1.8585732593
1.8595732593
1.8605732593
1.8615732593
1.8625732593
1.8635732593
1.8645732593
