# $W$ = 300 nm, $h$ = 300 nm, $s$ = 20 nm, $d/W = 5$, $E_{\rm e}$ = 200 keV
1.6842140727
1.6852140727
1.6862140727
1.6872140727
1.6882140727
1.6892140727
1.6902140727
1.6912140727
1.6922140727
1.6932140727
1.6942140727
1.6952140727
1.6962140727
1.6972140727
1.6982140727
1.6992140727
1.7002140727
1.7012140727
1.7022140727
1.7032140727
1.7042140727
1.7052140727
1.7062140727
1.7072140727
1.7082140727
1.7092140727
1.7102140727
1.7112140727
1.7122140727
1.7132140727
1.7142140727
1.7152140727
1.7162140727
1.7172140727
1.7182140727
1.7192140727
1.7202140727
1.7212140727
1.7222140727
1.7232140727
1.7242140727
1.7252140727
1.7262140727
1.7272140727
1.7282140727
1.7292140727
1.7302140727
1.7312140727
1.7322140727
1.7332140727
1.7342140727
1.7352140727
1.7362140727
1.7372140727
1.7382140727
1.7392140727
1.7402140727
1.7412140727
1.7422140727
1.7432140727
1.7442140727
1.7452140727
1.7462140727
1.7472140727
1.7482140727
1.7492140727
1.7502140727
1.7512140727
1.7522140727
1.7532140727
1.7542140727
1.7552140727
1.7562140727
1.7572140727
1.7582140727
1.7592140727
1.7602140727
1.7612140727
1.7622140727
1.7632140727
1.7642140727
1.7652140727
1.7662140727
1.7672140727
1.7682140727
1.7692140727
1.7702140727
1.7712140727
1.7722140727
1.7732140727
1.7742140727
1.7752140727
1.7762140727
1.7772140727
1.7782140727
1.7792140727
1.7802140727
1.7812140727
1.7822140727
1.7832140727
1.7842140727
1.7852140727
1.7862140727
1.7872140727
1.7882140727
1.7892140727
1.7902140727
1.7912140727
1.7922140727
1.7932140727
1.7942140727
1.7952140727
1.7962140727
1.7972140727
1.7982140727
1.7992140727
1.8002140727
1.8012140727
1.8022140727
1.8032140727
1.8042140727
1.8052140727
1.8062140727
1.8072140727
1.8082140727
1.8092140727
1.8102140727
1.8112140727
1.8122140727
1.8132140727
1.8142140727
1.8152140727
1.8162140727
1.8172140727
1.8182140727
1.8192140727
1.8202140727
1.8212140727
1.8222140727
1.8232140727
1.8242140727
1.8252140727
1.8262140727
1.8272140727
1.8282140727
1.8292140727
1.8302140727
1.8312140727
1.8322140727
1.8332140727
1.8342140727
1.8352140727
1.8362140727
1.8372140727
1.8382140727
1.8392140727
1.8402140727
1.8412140727
1.8422140727
1.8432140727
1.8442140727
1.8452140727
1.8462140727
1.8472140727
1.8482140727
1.8492140727
1.8502140727
1.8512140727
1.8522140727
1.8532140727
1.8542140727
1.8552140727
1.8562140727
1.8572140727
1.8582140727
1.8592140727
1.8602140727
1.8612140727
1.8622140727
1.8632140727
1.8642140727
1.8652140727
1.8662140727
1.8672140727
1.8682140727
1.8692140727
1.8702140727
1.8712140727
1.8722140727
1.8732140727
1.8742140727
1.8752140727
1.8762140727
1.8772140727
1.8782140727
1.8792140727
1.8802140727
1.8812140727
1.8822140727
1.8832140727
1.8842140727
1.8852140727
1.8862140727
1.8872140727
1.8882140727
1.8892140727
1.8902140727
1.8912140727
1.8922140727
1.8932140727
1.8942140727
1.8952140727
1.8962140727
1.8972140727
