# $W$ = 300 nm, $h$ = 300 nm, $s$ = 20 nm, $d/W = 5$, $E_{\rm e}$ = 200 keV
1.2981889288
1.2991889288
1.3001889288
1.3011889288
1.3021889288
1.3031889288
1.3041889288
1.3051889288
1.3061889288
1.3071889288
1.3081889288
1.3091889288
1.3101889288
1.3111889288
1.3121889288
1.3131889288
1.3141889288
1.3151889288
1.3161889288
1.3171889288
1.3181889288
1.3191889288
1.3201889288
1.3211889288
1.3221889288
1.3231889288
1.3241889288
1.3251889288
1.3261889288
1.3271889288
1.3281889288
1.3291889288
1.3301889288
1.3311889288
1.3321889288
1.3331889288
1.3341889288
1.3351889288
1.3361889288
1.3371889288
1.3381889288
1.3391889288
1.3401889288
1.3411889288
1.3421889288
1.3431889288
1.3441889288
1.3451889288
1.3461889288
1.3471889288
1.3481889288
1.3491889288
1.3501889288
1.3511889288
1.3521889288
1.3531889288
1.3541889288
1.3551889288
1.3561889288
1.3571889288
1.3581889288
1.3591889288
1.3601889288
1.3611889288
1.3621889288
1.3631889288
1.3641889288
1.3651889288
1.3661889288
1.3671889288
1.3681889288
1.3691889288
1.3701889288
1.3711889288
1.3721889288
1.3731889288
1.3741889288
1.3751889288
1.3761889288
1.3771889288
1.3781889288
1.3791889288
1.3801889288
1.3811889288
1.3821889288
1.3831889288
1.3841889288
1.3851889288
1.3861889288
1.3871889288
1.3881889288
1.3891889288
1.3901889288
1.3911889288
1.3921889288
1.3931889288
1.3941889288
1.3951889288
1.3961889288
1.3971889288
1.3981889288
1.3991889288
1.4001889288
1.4011889288
1.4021889288
1.4031889288
1.4041889288
1.4051889288
1.4061889288
1.4071889288
