# $W$ = 300 nm, $h$ = 300 nm, $s$ = 20 nm, $d/W = 5$, $E_{\rm e}$ = 200 keV
1.2981670940
1.2991670940
1.3001670940
1.3011670940
1.3021670940
1.3031670940
1.3041670940
1.3051670940
1.3061670940
1.3071670940
1.3081670940
1.3091670940
1.3101670940
1.3111670940
1.3121670940
1.3131670940
1.3141670940
1.3151670940
1.3161670940
1.3171670940
1.3181670940
1.3191670940
1.3201670940
1.3211670940
1.3221670940
1.3231670940
1.3241670940
1.3251670940
1.3261670940
1.3271670940
1.3281670940
1.3291670940
1.3301670940
1.3311670940
1.3321670940
1.3331670940
1.3341670940
1.3351670940
1.3361670940
1.3371670940
1.3381670940
1.3391670940
1.3401670940
1.3411670940
1.3421670940
1.3431670940
1.3441670940
1.3451670940
1.3461670940
1.3471670940
1.3481670940
1.3491670940
1.3501670940
1.3511670940
1.3521670940
1.3531670940
1.3541670940
1.3551670940
1.3561670940
1.3571670940
1.3581670940
1.3591670940
1.3601670940
1.3611670940
1.3621670940
1.3631670940
1.3641670940
1.3651670940
1.3661670940
1.3671670940
1.3681670940
1.3691670940
1.3701670940
1.3711670940
1.3721670940
1.3731670940
1.3741670940
1.3751670940
1.3761670940
1.3771670940
1.3781670940
1.3791670940
1.3801670940
1.3811670940
1.3821670940
1.3831670940
1.3841670940
1.3851670940
1.3861670940
1.3871670940
1.3881670940
1.3891670940
1.3901670940
1.3911670940
1.3921670940
1.3931670940
1.3941670940
1.3951670940
1.3961670940
1.3971670940
1.3981670940
1.3991670940
1.4001670940
1.4011670940
1.4021670940
1.4031670940
1.4041670940
1.4051670940
1.4061670940
1.4071670940
