# $W$ = 300 nm, $h$ = 300 nm, $s$ = 20 nm, $d/W = 5$, $E_{\rm e}$ = 200 keV
1.1707435113
1.1717435113
1.1727435113
1.1737435113
1.1747435113
1.1757435113
1.1767435113
1.1777435113
1.1787435113
1.1797435113
1.1807435113
1.1817435113
1.1827435113
1.1837435113
1.1847435113
1.1857435113
1.1867435113
1.1877435113
1.1887435113
1.1897435113
1.1907435113
1.1917435113
1.1927435113
1.1937435113
1.1947435113
1.1957435113
1.1967435113
1.1977435113
1.1987435113
1.1997435113
1.2007435113
1.2017435113
1.2027435113
1.2037435113
1.2047435113
1.2057435113
1.2067435113
1.2077435113
1.2087435113
1.2097435113
1.2107435113
1.2117435113
1.2127435113
1.2137435113
1.2147435113
1.2157435113
1.2167435113
1.2177435113
1.2187435113
1.2197435113
1.2207435113
1.2217435113
1.2227435113
1.2237435113
1.2247435113
1.2257435113
1.2267435113
1.2277435113
1.2287435113
1.2297435113
1.2307435113
1.2317435113
1.2327435113
1.2337435113
1.2347435113
1.2357435113
1.2367435113
1.2377435113
1.2387435113
1.2397435113
1.2407435113
1.2417435113
1.2427435113
1.2437435113
1.2447435113
1.2457435113
1.2467435113
1.2477435113
1.2487435113
1.2497435113
1.2507435113
1.2517435113
1.2527435113
1.2537435113
1.2547435113
1.2557435113
1.2567435113
1.2577435113
1.2587435113
1.2597435113
1.2607435113
1.2617435113
1.2627435113
1.2637435113
1.2647435113
1.2657435113
1.2667435113
1.2677435113
1.2687435113
1.2697435113
1.2707435113
1.2717435113
1.2727435113
1.2737435113
