# $W$ = 400 nm, $h$ = 300 nm, $s$ = 20 nm, $d/W = 5$, $E_{\rm e}$ = 200 keV
1.2089338401
1.2099338401
1.2109338401
1.2119338401
1.2129338401
1.2139338401
1.2149338401
1.2159338401
1.2169338401
1.2179338401
1.2189338401
1.2199338401
1.2209338401
1.2219338401
1.2229338401
1.2239338401
1.2249338401
1.2259338401
1.2269338401
1.2279338401
1.2289338401
1.2299338401
1.2309338401
1.2319338401
1.2329338401
1.2339338401
1.2349338401
1.2359338401
1.2369338401
1.2379338401
1.2389338401
1.2399338401
1.2409338401
1.2419338401
1.2429338401
1.2439338401
1.2449338401
1.2459338401
1.2469338401
1.2479338401
1.2489338401
1.2499338401
1.2509338401
1.2519338401
1.2529338401
1.2539338401
1.2549338401
1.2559338401
1.2569338401
1.2579338401
1.2589338401
1.2599338401
1.2609338401
1.2619338401
1.2629338401
1.2639338401
1.2649338401
1.2659338401
1.2669338401
1.2679338401
1.2689338401
1.2699338401
1.2709338401
1.2719338401
1.2729338401
1.2739338401
1.2749338401
1.2759338401
1.2769338401
1.2779338401
1.2789338401
1.2799338401
1.2809338401
1.2819338401
1.2829338401
1.2839338401
1.2849338401
1.2859338401
1.2869338401
1.2879338401
1.2889338401
1.2899338401
1.2909338401
1.2919338401
1.2929338401
1.2939338401
1.2949338401
1.2959338401
1.2969338401
1.2979338401
1.2989338401
1.2999338401
1.3009338401
1.3019338401
1.3029338401
1.3039338401
1.3049338401
1.3059338401
1.3069338401
1.3079338401
1.3089338401
1.3099338401
1.3109338401
1.3119338401
1.3129338401
1.3139338401
1.3149338401
1.3159338401
1.3169338401
