# $W$ = 400 nm, $h$ = 300 nm, $s$ = 20 nm, $d/W = 5$, $E_{\rm e}$ = 200 keV
0.2638850113
0.2648850113
0.2658850113
0.2668850113
0.2678850113
0.2688850113
0.2698850113
0.2708850113
0.2718850113
0.2728850113
0.2738850113
0.2748850113
0.2758850113
0.2768850113
0.2778850113
0.2788850113
0.2798850113
0.2808850113
0.2818850113
0.2828850113
0.2838850113
0.2848850113
0.2858850113
0.2868850113
0.2878850113
0.2888850113
0.2898850113
0.2908850113
0.2918850113
0.2928850113
0.2938850113
0.2948850113
0.2958850113
0.2968850113
0.2978850113
0.2988850113
0.2998850113
0.3008850113
0.3018850113
0.3028850113
0.3038850113
0.3048850113
0.3058850113
0.3068850113
0.3078850113
0.3088850113
0.3098850113
0.3108850113
0.3118850113
0.3128850113
0.3138850113
0.3148850113
0.3158850113
0.3168850113
0.3178850113
0.3188850113
0.3198850113
0.3208850113
0.3218850113
0.3228850113
0.3238850113
0.3248850113
0.3258850113
0.3268850113
0.3278850113
0.3288850113
0.3298850113
0.3308850113
0.3318850113
0.3328850113
0.3338850113
0.3348850113
0.3358850113
0.3368850113
0.3378850113
0.3388850113
0.3398850113
0.3408850113
0.3418850113
0.3428850113
0.3438850113
0.3448850113
0.3458850113
0.3468850113
0.3478850113
0.3488850113
0.3498850113
0.3508850113
0.3518850113
0.3528850113
0.3538850113
0.3548850113
0.3558850113
0.3568850113
0.3578850113
0.3588850113
0.3598850113
0.3608850113
0.3618850113
0.3628850113
0.3638850113
0.3648850113
0.3658850113
0.3668850113
0.3678850113
0.3688850113
0.3698850113
0.3708850113
0.3718850113
0.3728850113
0.3738850113
0.3748850113
0.3758850113
0.3768850113
0.3778850113
0.3788850113
0.3798850113
0.3808850113
0.3818850113
0.3828850113
0.3838850113
0.3848850113
0.3858850113
0.3868850113
0.3878850113
0.3888850113
0.3898850113
0.3908850113
0.3918850113
0.3928850113
0.3938850113
0.3948850113
0.3958850113
0.3968850113
0.3978850113
0.3988850113
0.3998850113
0.4008850113
0.4018850113
0.4028850113
0.4038850113
0.4048850113
0.4058850113
0.4068850113
0.4078850113
0.4088850113
0.4098850113
0.4108850113
0.4118850113
0.4128850113
0.4138850113
0.4148850113
0.4158850113
0.4168850113
0.4178850113
0.4188850113
0.4198850113
0.4208850113
0.4218850113
0.4228850113
0.4238850113
0.4248850113
0.4258850113
0.4268850113
0.4278850113
0.4288850113
0.4298850113
0.4308850113
0.4318850113
0.4328850113
0.4338850113
0.4348850113
0.4358850113
0.4368850113
0.4378850113
0.4388850113
0.4398850113
0.4408850113
0.4418850113
0.4428850113
0.4438850113
0.4448850113
0.4458850113
0.4468850113
0.4478850113
0.4488850113
0.4498850113
0.4508850113
0.4518850113
0.4528850113
0.4538850113
0.4548850113
0.4558850113
0.4568850113
0.4578850113
0.4588850113
0.4598850113
0.4608850113
0.4618850113
0.4628850113
0.4638850113
0.4648850113
0.4658850113
0.4668850113
0.4678850113
0.4688850113
0.4698850113
0.4708850113
0.4718850113
0.4728850113
0.4738850113
0.4748850113
0.4758850113
0.4768850113
0.4778850113
0.4788850113
0.4798850113
0.4808850113
0.4818850113
0.4828850113
0.4838850113
0.4848850113
0.4858850113
0.4868850113
0.4878850113
0.4888850113
0.4898850113
0.4908850113
0.4918850113
0.4928850113
0.4938850113
0.4948850113
0.4958850113
0.4968850113
0.4978850113
0.4988850113
0.4998850113
0.5008850113
0.5018850113
0.5028850113
0.5038850113
0.5048850113
0.5058850113
0.5068850113
0.5078850113
0.5088850113
0.5098850113
0.5108850113
0.5118850113
0.5128850113
0.5138850113
0.5148850113
0.5158850113
0.5168850113
0.5178850113
0.5188850113
0.5198850113
0.5208850113
0.5218850113
0.5228850113
0.5238850113
0.5248850113
0.5258850113
0.5268850113
0.5278850113
0.5288850113
0.5298850113
0.5308850113
0.5318850113
0.5328850113
0.5338850113
0.5348850113
0.5358850113
0.5368850113
0.5378850113
0.5388850113
0.5398850113
0.5408850113
0.5418850113
0.5428850113
0.5438850113
0.5448850113
0.5458850113
0.5468850113
0.5478850113
0.5488850113
0.5498850113
0.5508850113
0.5518850113
0.5528850113
0.5538850113
0.5548850113
0.5558850113
0.5568850113
0.5578850113
0.5588850113
0.5598850113
0.5608850113
0.5618850113
0.5628850113
0.5638850113
0.5648850113
0.5658850113
0.5668850113
0.5678850113
0.5688850113
0.5698850113
0.5708850113
0.5718850113
0.5728850113
0.5738850113
0.5748850113
0.5758850113
0.5768850113
0.5778850113
0.5788850113
0.5798850113
0.5808850113
0.5818850113
0.5828850113
0.5838850113
0.5848850113
0.5858850113
0.5868850113
0.5878850113
0.5888850113
0.5898850113
0.5908850113
0.5918850113
0.5928850113
0.5938850113
0.5948850113
0.5958850113
0.5968850113
0.5978850113
0.5988850113
0.5998850113
0.6008850113
0.6018850113
0.6028850113
0.6038850113
0.6048850113
0.6058850113
0.6068850113
0.6078850113
0.6088850113
0.6098850113
0.6108850113
0.6118850113
0.6128850113
0.6138850113
0.6148850113
0.6158850113
0.6168850113
0.6178850113
0.6188850113
0.6198850113
0.6208850113
0.6218850113
0.6228850113
0.6238850113
0.6248850113
0.6258850113
0.6268850113
0.6278850113
0.6288850113
0.6298850113
0.6308850113
0.6318850113
0.6328850113
0.6338850113
0.6348850113
0.6358850113
0.6368850113
0.6378850113
0.6388850113
0.6398850113
0.6408850113
0.6418850113
0.6428850113
0.6438850113
0.6448850113
0.6458850113
0.6468850113
0.6478850113
0.6488850113
0.6498850113
0.6508850113
0.6518850113
0.6528850113
0.6538850113
0.6548850113
0.6558850113
0.6568850113
0.6578850113
0.6588850113
0.6598850113
0.6608850113
0.6618850113
0.6628850113
0.6638850113
0.6648850113
0.6658850113
0.6668850113
0.6678850113
0.6688850113
0.6698850113
0.6708850113
0.6718850113
0.6728850113
0.6738850113
0.6748850113
0.6758850113
0.6768850113
0.6778850113
0.6788850113
0.6798850113
0.6808850113
0.6818850113
0.6828850113
0.6838850113
0.6848850113
0.6858850113
0.6868850113
0.6878850113
0.6888850113
0.6898850113
0.6908850113
0.6918850113
0.6928850113
0.6938850113
0.6948850113
0.6958850113
0.6968850113
0.6978850113
0.6988850113
0.6998850113
0.7008850113
0.7018850113
0.7028850113
0.7038850113
0.7048850113
0.7058850113
0.7068850113
0.7078850113
0.7088850113
0.7098850113
0.7108850113
0.7118850113
0.7128850113
0.7138850113
0.7148850113
0.7158850113
0.7168850113
0.7178850113
0.7188850113
0.7198850113
0.7208850113
0.7218850113
0.7228850113
0.7238850113
0.7248850113
0.7258850113
0.7268850113
0.7278850113
0.7288850113
0.7298850113
0.7308850113
0.7318850113
0.7328850113
0.7338850113
0.7348850113
0.7358850113
0.7368850113
0.7378850113
0.7388850113
0.7398850113
0.7408850113
0.7418850113
0.7428850113
0.7438850113
0.7448850113
0.7458850113
0.7468850113
0.7478850113
0.7488850113
0.7498850113
0.7508850113
0.7518850113
0.7528850113
0.7538850113
0.7548850113
0.7558850113
0.7568850113
0.7578850113
0.7588850113
0.7598850113
0.7608850113
0.7618850113
0.7628850113
0.7638850113
0.7648850113
0.7658850113
0.7668850113
0.7678850113
0.7688850113
0.7698850113
0.7708850113
0.7718850113
0.7728850113
0.7738850113
0.7748850113
0.7758850113
0.7768850113
0.7778850113
0.7788850113
0.7798850113
0.7808850113
0.7818850113
0.7828850113
0.7838850113
0.7848850113
0.7858850113
0.7868850113
0.7878850113
0.7888850113
0.7898850113
0.7908850113
0.7918850113
0.7928850113
0.7938850113
0.7948850113
0.7958850113
0.7968850113
0.7978850113
0.7988850113
0.7998850113
0.8008850113
0.8018850113
0.8028850113
0.8038850113
0.8048850113
0.8058850113
0.8068850113
0.8078850113
0.8088850113
0.8098850113
0.8108850113
0.8118850113
0.8128850113
0.8138850113
0.8148850113
0.8158850113
0.8168850113
0.8178850113
0.8188850113
0.8198850113
0.8208850113
0.8218850113
0.8228850113
0.8238850113
0.8248850113
0.8258850113
0.8268850113
0.8278850113
0.8288850113
0.8298850113
0.8308850113
0.8318850113
0.8328850113
0.8338850113
0.8348850113
0.8358850113
0.8368850113
0.8378850113
0.8388850113
0.8398850113
0.8408850113
0.8418850113
0.8428850113
0.8438850113
0.8448850113
0.8458850113
0.8468850113
0.8478850113
0.8488850113
0.8498850113
0.8508850113
0.8518850113
0.8528850113
0.8538850113
0.8548850113
0.8558850113
0.8568850113
0.8578850113
0.8588850113
0.8598850113
0.8608850113
0.8618850113
0.8628850113
0.8638850113
0.8648850113
0.8658850113
0.8668850113
0.8678850113
0.8688850113
0.8698850113
0.8708850113
0.8718850113
0.8728850113
0.8738850113
0.8748850113
0.8758850113
0.8768850113
0.8778850113
0.8788850113
0.8798850113
0.8808850113
0.8818850113
0.8828850113
0.8838850113
0.8848850113
0.8858850113
0.8868850113
0.8878850113
0.8888850113
0.8898850113
0.8908850113
0.8918850113
0.8928850113
0.8938850113
0.8948850113
0.8958850113
0.8968850113
0.8978850113
0.8988850113
0.8998850113
0.9008850113
0.9018850113
0.9028850113
0.9038850113
0.9048850113
0.9058850113
0.9068850113
0.9078850113
0.9088850113
0.9098850113
0.9108850113
0.9118850113
0.9128850113
0.9138850113
0.9148850113
0.9158850113
0.9168850113
0.9178850113
0.9188850113
0.9198850113
0.9208850113
0.9218850113
0.9228850113
0.9238850113
0.9248850113
0.9258850113
0.9268850113
0.9278850113
0.9288850113
0.9298850113
0.9308850113
0.9318850113
0.9328850113
0.9338850113
0.9348850113
0.9358850113
0.9368850113
0.9378850113
0.9388850113
0.9398850113
0.9408850113
0.9418850113
0.9428850113
0.9438850113
0.9448850113
0.9458850113
0.9468850113
0.9478850113
0.9488850113
0.9498850113
0.9508850113
0.9518850113
0.9528850113
0.9538850113
0.9548850113
0.9558850113
0.9568850113
0.9578850113
0.9588850113
0.9598850113
0.9608850113
0.9618850113
0.9628850113
0.9638850113
0.9648850113
0.9658850113
0.9668850113
0.9678850113
0.9688850113
0.9698850113
0.9708850113
0.9718850113
0.9728850113
0.9738850113
0.9748850113
0.9758850113
0.9768850113
0.9778850113
0.9788850113
0.9798850113
0.9808850113
0.9818850113
0.9828850113
0.9838850113
0.9848850113
0.9858850113
0.9868850113
0.9878850113
0.9888850113
0.9898850113
0.9908850113
0.9918850113
0.9928850113
