# $W$ = 400 nm, $h$ = 300 nm, $s$ = 20 nm, $d/W = 5$, $E_{\rm e}$ = 200 keV
1.2089344323
1.2099344323
1.2109344323
1.2119344323
1.2129344323
1.2139344323
1.2149344323
1.2159344323
1.2169344323
1.2179344323
1.2189344323
1.2199344323
1.2209344323
1.2219344323
1.2229344323
1.2239344323
1.2249344323
1.2259344323
1.2269344323
1.2279344323
1.2289344323
1.2299344323
1.2309344323
1.2319344323
1.2329344323
1.2339344323
1.2349344323
1.2359344323
1.2369344323
1.2379344323
1.2389344323
1.2399344323
1.2409344323
1.2419344323
1.2429344323
1.2439344323
1.2449344323
1.2459344323
1.2469344323
1.2479344323
1.2489344323
1.2499344323
1.2509344323
1.2519344323
1.2529344323
1.2539344323
1.2549344323
1.2559344323
1.2569344323
1.2579344323
1.2589344323
1.2599344323
1.2609344323
1.2619344323
1.2629344323
1.2639344323
1.2649344323
1.2659344323
1.2669344323
1.2679344323
1.2689344323
1.2699344323
1.2709344323
1.2719344323
1.2729344323
1.2739344323
1.2749344323
1.2759344323
1.2769344323
1.2779344323
1.2789344323
1.2799344323
1.2809344323
1.2819344323
1.2829344323
1.2839344323
1.2849344323
1.2859344323
1.2869344323
1.2879344323
1.2889344323
1.2899344323
1.2909344323
1.2919344323
1.2929344323
1.2939344323
1.2949344323
1.2959344323
1.2969344323
1.2979344323
1.2989344323
1.2999344323
1.3009344323
1.3019344323
1.3029344323
1.3039344323
1.3049344323
1.3059344323
1.3069344323
1.3079344323
1.3089344323
1.3099344323
1.3109344323
1.3119344323
1.3129344323
1.3139344323
1.3149344323
1.3159344323
1.3169344323
