# $W$ = 300 nm, $h$ = 300 nm, $s$ = 20 nm, $d/W = 5$, $E_{\rm e}$ = 200 keV
1.3018918679
1.3028918679
1.3038918679
1.3048918679
1.3058918679
1.3068918679
1.3078918679
1.3088918679
1.3098918679
1.3108918679
1.3118918679
1.3128918679
1.3138918679
1.3148918679
1.3158918679
1.3168918679
1.3178918679
1.3188918679
1.3198918679
1.3208918679
1.3218918679
1.3228918679
1.3238918679
1.3248918679
1.3258918679
1.3268918679
1.3278918679
1.3288918679
1.3298918679
1.3308918679
1.3318918679
1.3328918679
1.3338918679
1.3348918679
1.3358918679
1.3368918679
1.3378918679
1.3388918679
1.3398918679
1.3408918679
1.3418918679
1.3428918679
1.3438918679
1.3448918679
1.3458918679
1.3468918679
1.3478918679
1.3488918679
1.3498918679
1.3508918679
1.3518918679
1.3528918679
1.3538918679
1.3548918679
1.3558918679
1.3568918679
1.3578918679
1.3588918679
1.3598918679
1.3608918679
1.3618918679
1.3628918679
1.3638918679
1.3648918679
1.3658918679
1.3668918679
1.3678918679
1.3688918679
1.3698918679
1.3708918679
1.3718918679
1.3728918679
1.3738918679
1.3748918679
1.3758918679
1.3768918679
1.3778918679
1.3788918679
1.3798918679
1.3808918679
1.3818918679
1.3828918679
1.3838918679
1.3848918679
1.3858918679
1.3868918679
1.3878918679
1.3888918679
1.3898918679
1.3908918679
1.3918918679
1.3928918679
1.3938918679
1.3948918679
1.3958918679
1.3968918679
1.3978918679
1.3988918679
1.3998918679
1.4008918679
1.4018918679
1.4028918679
