# $W$ = 400 nm, $h$ = 300 nm, $s$ = 20 nm, $d/W = 5$, $E_{\rm e}$ = 200 keV
1.6405647027
1.6415647027
1.6425647027
1.6435647027
1.6445647027
1.6455647027
1.6465647027
1.6475647027
1.6485647027
1.6495647027
1.6505647027
1.6515647027
1.6525647027
1.6535647027
1.6545647027
1.6555647027
1.6565647027
1.6575647027
1.6585647027
1.6595647027
1.6605647027
1.6615647027
1.6625647027
1.6635647027
1.6645647027
1.6655647027
1.6665647027
1.6675647027
1.6685647027
1.6695647027
1.6705647027
1.6715647027
1.6725647027
1.6735647027
1.6745647027
1.6755647027
1.6765647027
1.6775647027
1.6785647027
1.6795647027
1.6805647027
1.6815647027
1.6825647027
1.6835647027
1.6845647027
1.6855647027
1.6865647027
1.6875647027
1.6885647027
1.6895647027
1.6905647027
1.6915647027
1.6925647027
1.6935647027
1.6945647027
1.6955647027
1.6965647027
1.6975647027
1.6985647027
1.6995647027
1.7005647027
1.7015647027
1.7025647027
1.7035647027
1.7045647027
1.7055647027
1.7065647027
1.7075647027
1.7085647027
1.7095647027
1.7105647027
1.7115647027
1.7125647027
1.7135647027
1.7145647027
1.7155647027
1.7165647027
1.7175647027
1.7185647027
1.7195647027
1.7205647027
1.7215647027
1.7225647027
1.7235647027
1.7245647027
1.7255647027
1.7265647027
1.7275647027
1.7285647027
1.7295647027
1.7305647027
1.7315647027
1.7325647027
1.7335647027
1.7345647027
1.7355647027
1.7365647027
1.7375647027
1.7385647027
1.7395647027
1.7405647027
1.7415647027
1.7425647027
1.7435647027
1.7445647027
1.7455647027
1.7465647027
1.7475647027
1.7485647027
1.7495647027
1.7505647027
1.7515647027
1.7525647027
1.7535647027
1.7545647027
1.7555647027
1.7565647027
1.7575647027
1.7585647027
1.7595647027
1.7605647027
1.7615647027
1.7625647027
1.7635647027
1.7645647027
1.7655647027
1.7665647027
1.7675647027
1.7685647027
1.7695647027
1.7705647027
1.7715647027
1.7725647027
1.7735647027
1.7745647027
1.7755647027
1.7765647027
1.7775647027
1.7785647027
1.7795647027
1.7805647027
1.7815647027
1.7825647027
1.7835647027
1.7845647027
1.7855647027
1.7865647027
1.7875647027
1.7885647027
1.7895647027
1.7905647027
1.7915647027
1.7925647027
1.7935647027
1.7945647027
1.7955647027
1.7965647027
1.7975647027
1.7985647027
1.7995647027
1.8005647027
1.8015647027
1.8025647027
1.8035647027
1.8045647027
1.8055647027
1.8065647027
1.8075647027
1.8085647027
1.8095647027
1.8105647027
1.8115647027
1.8125647027
1.8135647027
1.8145647027
1.8155647027
1.8165647027
1.8175647027
1.8185647027
1.8195647027
1.8205647027
1.8215647027
1.8225647027
1.8235647027
1.8245647027
1.8255647027
1.8265647027
1.8275647027
1.8285647027
1.8295647027
1.8305647027
1.8315647027
1.8325647027
1.8335647027
1.8345647027
1.8355647027
1.8365647027
1.8375647027
1.8385647027
1.8395647027
1.8405647027
1.8415647027
1.8425647027
1.8435647027
1.8445647027
1.8455647027
1.8465647027
1.8475647027
1.8485647027
1.8495647027
1.8505647027
1.8515647027
1.8525647027
1.8535647027
1.8545647027
1.8555647027
1.8565647027
1.8575647027
1.8585647027
1.8595647027
1.8605647027
1.8615647027
1.8625647027
1.8635647027
1.8645647027
