# $W$ = 300 nm, $h$ = 300 nm, $s$ = 20 nm, $d/W = 5$, $E_{\rm e}$ = 200 keV
1.2981889815
1.2991889815
1.3001889815
1.3011889815
1.3021889815
1.3031889815
1.3041889815
1.3051889815
1.3061889815
1.3071889815
1.3081889815
1.3091889815
1.3101889815
1.3111889815
1.3121889815
1.3131889815
1.3141889815
1.3151889815
1.3161889815
1.3171889815
1.3181889815
1.3191889815
1.3201889815
1.3211889815
1.3221889815
1.3231889815
1.3241889815
1.3251889815
1.3261889815
1.3271889815
1.3281889815
1.3291889815
1.3301889815
1.3311889815
1.3321889815
1.3331889815
1.3341889815
1.3351889815
1.3361889815
1.3371889815
1.3381889815
1.3391889815
1.3401889815
1.3411889815
1.3421889815
1.3431889815
1.3441889815
1.3451889815
1.3461889815
1.3471889815
1.3481889815
1.3491889815
1.3501889815
1.3511889815
1.3521889815
1.3531889815
1.3541889815
1.3551889815
1.3561889815
1.3571889815
1.3581889815
1.3591889815
1.3601889815
1.3611889815
1.3621889815
1.3631889815
1.3641889815
1.3651889815
1.3661889815
1.3671889815
1.3681889815
1.3691889815
1.3701889815
1.3711889815
1.3721889815
1.3731889815
1.3741889815
1.3751889815
1.3761889815
1.3771889815
1.3781889815
1.3791889815
1.3801889815
1.3811889815
1.3821889815
1.3831889815
1.3841889815
1.3851889815
1.3861889815
1.3871889815
1.3881889815
1.3891889815
1.3901889815
1.3911889815
1.3921889815
1.3931889815
1.3941889815
1.3951889815
1.3961889815
1.3971889815
1.3981889815
1.3991889815
1.4001889815
1.4011889815
1.4021889815
1.4031889815
1.4041889815
1.4051889815
1.4061889815
1.4071889815
