# $W$ = 300 nm, $h$ = 300 nm, $s$ = 20 nm, $d/W = 5$, $E_{\rm e}$ = 200 keV
1.2999630044
1.3009630044
1.3019630044
1.3029630044
1.3039630044
1.3049630044
1.3059630044
1.3069630044
1.3079630044
1.3089630044
1.3099630044
1.3109630044
1.3119630044
1.3129630044
1.3139630044
1.3149630044
1.3159630044
1.3169630044
1.3179630044
1.3189630044
1.3199630044
1.3209630044
1.3219630044
1.3229630044
1.3239630044
1.3249630044
1.3259630044
1.3269630044
1.3279630044
1.3289630044
1.3299630044
1.3309630044
1.3319630044
1.3329630044
1.3339630044
1.3349630044
1.3359630044
1.3369630044
1.3379630044
1.3389630044
1.3399630044
1.3409630044
1.3419630044
1.3429630044
1.3439630044
1.3449630044
1.3459630044
1.3469630044
1.3479630044
1.3489630044
1.3499630044
1.3509630044
1.3519630044
1.3529630044
1.3539630044
1.3549630044
1.3559630044
1.3569630044
1.3579630044
1.3589630044
1.3599630044
1.3609630044
1.3619630044
1.3629630044
1.3639630044
1.3649630044
1.3659630044
1.3669630044
1.3679630044
1.3689630044
1.3699630044
1.3709630044
1.3719630044
1.3729630044
1.3739630044
1.3749630044
1.3759630044
1.3769630044
1.3779630044
1.3789630044
1.3799630044
1.3809630044
1.3819630044
1.3829630044
1.3839630044
1.3849630044
1.3859630044
1.3869630044
1.3879630044
1.3889630044
1.3899630044
1.3909630044
1.3919630044
1.3929630044
1.3939630044
1.3949630044
1.3959630044
1.3969630044
1.3979630044
1.3989630044
1.3999630044
1.4009630044
1.4019630044
1.4029630044
1.4039630044
1.4049630044
