# $W$ = 300 nm, $h$ = 300 nm, $s$ = 20 nm, $d/W = 5$, $E_{\rm e}$ = 200 keV
1.3018572568
1.3028572568
1.3038572568
1.3048572568
1.3058572568
1.3068572568
1.3078572568
1.3088572568
1.3098572568
1.3108572568
1.3118572568
1.3128572568
1.3138572568
1.3148572568
1.3158572568
1.3168572568
1.3178572568
1.3188572568
1.3198572568
1.3208572568
1.3218572568
1.3228572568
1.3238572568
1.3248572568
1.3258572568
1.3268572568
1.3278572568
1.3288572568
1.3298572568
1.3308572568
1.3318572568
1.3328572568
1.3338572568
1.3348572568
1.3358572568
1.3368572568
1.3378572568
1.3388572568
1.3398572568
1.3408572568
1.3418572568
1.3428572568
1.3438572568
1.3448572568
1.3458572568
1.3468572568
1.3478572568
1.3488572568
1.3498572568
1.3508572568
1.3518572568
1.3528572568
1.3538572568
1.3548572568
1.3558572568
1.3568572568
1.3578572568
1.3588572568
1.3598572568
1.3608572568
1.3618572568
1.3628572568
1.3638572568
1.3648572568
1.3658572568
1.3668572568
1.3678572568
1.3688572568
1.3698572568
1.3708572568
1.3718572568
1.3728572568
1.3738572568
1.3748572568
1.3758572568
1.3768572568
1.3778572568
1.3788572568
1.3798572568
1.3808572568
1.3818572568
1.3828572568
1.3838572568
1.3848572568
1.3858572568
1.3868572568
1.3878572568
1.3888572568
1.3898572568
1.3908572568
1.3918572568
1.3928572568
1.3938572568
1.3948572568
1.3958572568
1.3968572568
1.3978572568
1.3988572568
1.3998572568
1.4008572568
1.4018572568
1.4028572568
