# $W$ = 300 nm, $h$ = 300 nm, $s$ = 20 nm, $d/W = 5$, $E_{\rm e}$ = 200 keV
1.2999736914
1.3009736914
1.3019736914
1.3029736914
1.3039736914
1.3049736914
1.3059736914
1.3069736914
1.3079736914
1.3089736914
1.3099736914
1.3109736914
1.3119736914
1.3129736914
1.3139736914
1.3149736914
1.3159736914
1.3169736914
1.3179736914
1.3189736914
1.3199736914
1.3209736914
1.3219736914
1.3229736914
1.3239736914
1.3249736914
1.3259736914
1.3269736914
1.3279736914
1.3289736914
1.3299736914
1.3309736914
1.3319736914
1.3329736914
1.3339736914
1.3349736914
1.3359736914
1.3369736914
1.3379736914
1.3389736914
1.3399736914
1.3409736914
1.3419736914
1.3429736914
1.3439736914
1.3449736914
1.3459736914
1.3469736914
1.3479736914
1.3489736914
1.3499736914
1.3509736914
1.3519736914
1.3529736914
1.3539736914
1.3549736914
1.3559736914
1.3569736914
1.3579736914
1.3589736914
1.3599736914
1.3609736914
1.3619736914
1.3629736914
1.3639736914
1.3649736914
1.3659736914
1.3669736914
1.3679736914
1.3689736914
1.3699736914
1.3709736914
1.3719736914
1.3729736914
1.3739736914
1.3749736914
1.3759736914
1.3769736914
1.3779736914
1.3789736914
1.3799736914
1.3809736914
1.3819736914
1.3829736914
1.3839736914
1.3849736914
1.3859736914
1.3869736914
1.3879736914
1.3889736914
1.3899736914
1.3909736914
1.3919736914
1.3929736914
1.3939736914
1.3949736914
1.3959736914
1.3969736914
1.3979736914
1.3989736914
1.3999736914
1.4009736914
1.4019736914
1.4029736914
1.4039736914
1.4049736914
