# $W$ = 300 nm, $h$ = 300 nm, $s$ = 20 nm, $d/W = 5$, $E_{\rm e}$ = 200 keV
1.2981893864
1.2991893864
1.3001893864
1.3011893864
1.3021893864
1.3031893864
1.3041893864
1.3051893864
1.3061893864
1.3071893864
1.3081893864
1.3091893864
1.3101893864
1.3111893864
1.3121893864
1.3131893864
1.3141893864
1.3151893864
1.3161893864
1.3171893864
1.3181893864
1.3191893864
1.3201893864
1.3211893864
1.3221893864
1.3231893864
1.3241893864
1.3251893864
1.3261893864
1.3271893864
1.3281893864
1.3291893864
1.3301893864
1.3311893864
1.3321893864
1.3331893864
1.3341893864
1.3351893864
1.3361893864
1.3371893864
1.3381893864
1.3391893864
1.3401893864
1.3411893864
1.3421893864
1.3431893864
1.3441893864
1.3451893864
1.3461893864
1.3471893864
1.3481893864
1.3491893864
1.3501893864
1.3511893864
1.3521893864
1.3531893864
1.3541893864
1.3551893864
1.3561893864
1.3571893864
1.3581893864
1.3591893864
1.3601893864
1.3611893864
1.3621893864
1.3631893864
1.3641893864
1.3651893864
1.3661893864
1.3671893864
1.3681893864
1.3691893864
1.3701893864
1.3711893864
1.3721893864
1.3731893864
1.3741893864
1.3751893864
1.3761893864
1.3771893864
1.3781893864
1.3791893864
1.3801893864
1.3811893864
1.3821893864
1.3831893864
1.3841893864
1.3851893864
1.3861893864
1.3871893864
1.3881893864
1.3891893864
1.3901893864
1.3911893864
1.3921893864
1.3931893864
1.3941893864
1.3951893864
1.3961893864
1.3971893864
1.3981893864
1.3991893864
1.4001893864
1.4011893864
1.4021893864
1.4031893864
1.4041893864
1.4051893864
1.4061893864
1.4071893864
