# $W$ = 300 nm, $h$ = 300 nm, $s$ = 20 nm, $d/W = 5$, $E_{\rm e}$ = 200 keV
1.6842156646
1.6852156646
1.6862156646
1.6872156646
1.6882156646
1.6892156646
1.6902156646
1.6912156646
1.6922156646
1.6932156646
1.6942156646
1.6952156646
1.6962156646
1.6972156646
1.6982156646
1.6992156646
1.7002156646
1.7012156646
1.7022156646
1.7032156646
1.7042156646
1.7052156646
1.7062156646
1.7072156646
1.7082156646
1.7092156646
1.7102156646
1.7112156646
1.7122156646
1.7132156646
1.7142156646
1.7152156646
1.7162156646
1.7172156646
1.7182156646
1.7192156646
1.7202156646
1.7212156646
1.7222156646
1.7232156646
1.7242156646
1.7252156646
1.7262156646
1.7272156646
1.7282156646
1.7292156646
1.7302156646
1.7312156646
1.7322156646
1.7332156646
1.7342156646
1.7352156646
1.7362156646
1.7372156646
1.7382156646
1.7392156646
1.7402156646
1.7412156646
1.7422156646
1.7432156646
1.7442156646
1.7452156646
1.7462156646
1.7472156646
1.7482156646
1.7492156646
1.7502156646
1.7512156646
1.7522156646
1.7532156646
1.7542156646
1.7552156646
1.7562156646
1.7572156646
1.7582156646
1.7592156646
1.7602156646
1.7612156646
1.7622156646
1.7632156646
1.7642156646
1.7652156646
1.7662156646
1.7672156646
1.7682156646
1.7692156646
1.7702156646
1.7712156646
1.7722156646
1.7732156646
1.7742156646
1.7752156646
1.7762156646
1.7772156646
1.7782156646
1.7792156646
1.7802156646
1.7812156646
1.7822156646
1.7832156646
1.7842156646
1.7852156646
1.7862156646
1.7872156646
1.7882156646
1.7892156646
1.7902156646
1.7912156646
1.7922156646
1.7932156646
1.7942156646
1.7952156646
1.7962156646
1.7972156646
1.7982156646
1.7992156646
1.8002156646
1.8012156646
1.8022156646
1.8032156646
1.8042156646
1.8052156646
1.8062156646
1.8072156646
1.8082156646
1.8092156646
1.8102156646
1.8112156646
1.8122156646
1.8132156646
1.8142156646
1.8152156646
1.8162156646
1.8172156646
1.8182156646
1.8192156646
1.8202156646
1.8212156646
1.8222156646
1.8232156646
1.8242156646
1.8252156646
1.8262156646
1.8272156646
1.8282156646
1.8292156646
1.8302156646
1.8312156646
1.8322156646
1.8332156646
1.8342156646
1.8352156646
1.8362156646
1.8372156646
1.8382156646
1.8392156646
1.8402156646
1.8412156646
1.8422156646
1.8432156646
1.8442156646
1.8452156646
1.8462156646
1.8472156646
1.8482156646
1.8492156646
1.8502156646
1.8512156646
1.8522156646
1.8532156646
1.8542156646
1.8552156646
1.8562156646
1.8572156646
1.8582156646
1.8592156646
1.8602156646
1.8612156646
1.8622156646
1.8632156646
1.8642156646
1.8652156646
1.8662156646
1.8672156646
1.8682156646
1.8692156646
1.8702156646
1.8712156646
1.8722156646
1.8732156646
1.8742156646
1.8752156646
1.8762156646
1.8772156646
1.8782156646
1.8792156646
1.8802156646
1.8812156646
1.8822156646
1.8832156646
1.8842156646
1.8852156646
1.8862156646
1.8872156646
1.8882156646
1.8892156646
1.8902156646
1.8912156646
1.8922156646
1.8932156646
1.8942156646
1.8952156646
1.8962156646
1.8972156646
