# $W$ = 400 nm, $h$ = 300 nm, $s$ = 20 nm, $d/W = 5$, $E_{\rm e}$ = 200 keV
1.2089344168
1.2099344168
1.2109344168
1.2119344168
1.2129344168
1.2139344168
1.2149344168
1.2159344168
1.2169344168
1.2179344168
1.2189344168
1.2199344168
1.2209344168
1.2219344168
1.2229344168
1.2239344168
1.2249344168
1.2259344168
1.2269344168
1.2279344168
1.2289344168
1.2299344168
1.2309344168
1.2319344168
1.2329344168
1.2339344168
1.2349344168
1.2359344168
1.2369344168
1.2379344168
1.2389344168
1.2399344168
1.2409344168
1.2419344168
1.2429344168
1.2439344168
1.2449344168
1.2459344168
1.2469344168
1.2479344168
1.2489344168
1.2499344168
1.2509344168
1.2519344168
1.2529344168
1.2539344168
1.2549344168
1.2559344168
1.2569344168
1.2579344168
1.2589344168
1.2599344168
1.2609344168
1.2619344168
1.2629344168
1.2639344168
1.2649344168
1.2659344168
1.2669344168
1.2679344168
1.2689344168
1.2699344168
1.2709344168
1.2719344168
1.2729344168
1.2739344168
1.2749344168
1.2759344168
1.2769344168
1.2779344168
1.2789344168
1.2799344168
1.2809344168
1.2819344168
1.2829344168
1.2839344168
1.2849344168
1.2859344168
1.2869344168
1.2879344168
1.2889344168
1.2899344168
1.2909344168
1.2919344168
1.2929344168
1.2939344168
1.2949344168
1.2959344168
1.2969344168
1.2979344168
1.2989344168
1.2999344168
1.3009344168
1.3019344168
1.3029344168
1.3039344168
1.3049344168
1.3059344168
1.3069344168
1.3079344168
1.3089344168
1.3099344168
1.3109344168
1.3119344168
1.3129344168
1.3139344168
1.3149344168
1.3159344168
1.3169344168
