# $W$ = 300 nm, $h$ = 300 nm, $s$ = 20 nm, $d/W = 5$, $E_{\rm e}$ = 200 keV
1.2981856423
1.2991856423
1.3001856423
1.3011856423
1.3021856423
1.3031856423
1.3041856423
1.3051856423
1.3061856423
1.3071856423
1.3081856423
1.3091856423
1.3101856423
1.3111856423
1.3121856423
1.3131856423
1.3141856423
1.3151856423
1.3161856423
1.3171856423
1.3181856423
1.3191856423
1.3201856423
1.3211856423
1.3221856423
1.3231856423
1.3241856423
1.3251856423
1.3261856423
1.3271856423
1.3281856423
1.3291856423
1.3301856423
1.3311856423
1.3321856423
1.3331856423
1.3341856423
1.3351856423
1.3361856423
1.3371856423
1.3381856423
1.3391856423
1.3401856423
1.3411856423
1.3421856423
1.3431856423
1.3441856423
1.3451856423
1.3461856423
1.3471856423
1.3481856423
1.3491856423
1.3501856423
1.3511856423
1.3521856423
1.3531856423
1.3541856423
1.3551856423
1.3561856423
1.3571856423
1.3581856423
1.3591856423
1.3601856423
1.3611856423
1.3621856423
1.3631856423
1.3641856423
1.3651856423
1.3661856423
1.3671856423
1.3681856423
1.3691856423
1.3701856423
1.3711856423
1.3721856423
1.3731856423
1.3741856423
1.3751856423
1.3761856423
1.3771856423
1.3781856423
1.3791856423
1.3801856423
1.3811856423
1.3821856423
1.3831856423
1.3841856423
1.3851856423
1.3861856423
1.3871856423
1.3881856423
1.3891856423
1.3901856423
1.3911856423
1.3921856423
1.3931856423
1.3941856423
1.3951856423
1.3961856423
1.3971856423
1.3981856423
1.3991856423
1.4001856423
1.4011856423
1.4021856423
1.4031856423
1.4041856423
1.4051856423
1.4061856423
1.4071856423
