# $W$ = 300 nm, $h$ = 300 nm, $s$ = 20 nm, $d/W = 5$, $E_{\rm e}$ = 200 keV
0.7186286909
0.7196286909
0.7206286909
0.7216286909
0.7226286909
0.7236286909
0.7246286909
0.7256286909
0.7266286909
0.7276286909
0.7286286909
0.7296286909
0.7306286909
0.7316286909
0.7326286909
0.7336286909
0.7346286909
0.7356286909
0.7366286909
0.7376286909
0.7386286909
0.7396286909
0.7406286909
0.7416286909
0.7426286909
0.7436286909
0.7446286909
0.7456286909
0.7466286909
0.7476286909
0.7486286909
0.7496286909
0.7506286909
0.7516286909
0.7526286909
0.7536286909
0.7546286909
0.7556286909
0.7566286909
0.7576286909
0.7586286909
0.7596286909
0.7606286909
0.7616286909
0.7626286909
0.7636286909
0.7646286909
0.7656286909
0.7666286909
0.7676286909
0.7686286909
0.7696286909
0.7706286909
0.7716286909
0.7726286909
0.7736286909
0.7746286909
0.7756286909
0.7766286909
0.7776286909
0.7786286909
0.7796286909
0.7806286909
