# $W$ = 300 nm, $h$ = 300 nm, $s$ = 20 nm, $d/W = 5$, $E_{\rm e}$ = 200 keV
1.1707995939
1.1717995939
1.1727995939
1.1737995939
1.1747995939
1.1757995939
1.1767995939
1.1777995939
1.1787995939
1.1797995939
1.1807995939
1.1817995939
1.1827995939
1.1837995939
1.1847995939
1.1857995939
1.1867995939
1.1877995939
1.1887995939
1.1897995939
1.1907995939
1.1917995939
1.1927995939
1.1937995939
1.1947995939
1.1957995939
1.1967995939
1.1977995939
1.1987995939
1.1997995939
1.2007995939
1.2017995939
1.2027995939
1.2037995939
1.2047995939
1.2057995939
1.2067995939
1.2077995939
1.2087995939
1.2097995939
1.2107995939
1.2117995939
1.2127995939
1.2137995939
1.2147995939
1.2157995939
1.2167995939
1.2177995939
1.2187995939
1.2197995939
1.2207995939
1.2217995939
1.2227995939
1.2237995939
1.2247995939
1.2257995939
1.2267995939
1.2277995939
1.2287995939
1.2297995939
1.2307995939
1.2317995939
1.2327995939
1.2337995939
1.2347995939
1.2357995939
1.2367995939
1.2377995939
1.2387995939
1.2397995939
1.2407995939
1.2417995939
1.2427995939
1.2437995939
1.2447995939
1.2457995939
1.2467995939
1.2477995939
1.2487995939
1.2497995939
1.2507995939
1.2517995939
1.2527995939
1.2537995939
1.2547995939
1.2557995939
1.2567995939
1.2577995939
1.2587995939
1.2597995939
1.2607995939
1.2617995939
1.2627995939
1.2637995939
1.2647995939
1.2657995939
1.2667995939
1.2677995939
1.2687995939
1.2697995939
1.2707995939
1.2717995939
1.2727995939
1.2737995939
