# $W$ = 400 nm, $h$ = 300 nm, $s$ = 20 nm, $d/W = 5$, $E_{\rm e}$ = 200 keV
1.6405713882
1.6415713882
1.6425713882
1.6435713882
1.6445713882
1.6455713882
1.6465713882
1.6475713882
1.6485713882
1.6495713882
1.6505713882
1.6515713882
1.6525713882
1.6535713882
1.6545713882
1.6555713882
1.6565713882
1.6575713882
1.6585713882
1.6595713882
1.6605713882
1.6615713882
1.6625713882
1.6635713882
1.6645713882
1.6655713882
1.6665713882
1.6675713882
1.6685713882
1.6695713882
1.6705713882
1.6715713882
1.6725713882
1.6735713882
1.6745713882
1.6755713882
1.6765713882
1.6775713882
1.6785713882
1.6795713882
1.6805713882
1.6815713882
1.6825713882
1.6835713882
1.6845713882
1.6855713882
1.6865713882
1.6875713882
1.6885713882
1.6895713882
1.6905713882
1.6915713882
1.6925713882
1.6935713882
1.6945713882
1.6955713882
1.6965713882
1.6975713882
1.6985713882
1.6995713882
1.7005713882
1.7015713882
1.7025713882
1.7035713882
1.7045713882
1.7055713882
1.7065713882
1.7075713882
1.7085713882
1.7095713882
1.7105713882
1.7115713882
1.7125713882
1.7135713882
1.7145713882
1.7155713882
1.7165713882
1.7175713882
1.7185713882
1.7195713882
1.7205713882
1.7215713882
1.7225713882
1.7235713882
1.7245713882
1.7255713882
1.7265713882
1.7275713882
1.7285713882
1.7295713882
1.7305713882
1.7315713882
1.7325713882
1.7335713882
1.7345713882
1.7355713882
1.7365713882
1.7375713882
1.7385713882
1.7395713882
1.7405713882
1.7415713882
1.7425713882
1.7435713882
1.7445713882
1.7455713882
1.7465713882
1.7475713882
1.7485713882
1.7495713882
1.7505713882
1.7515713882
1.7525713882
1.7535713882
1.7545713882
1.7555713882
1.7565713882
1.7575713882
1.7585713882
1.7595713882
1.7605713882
1.7615713882
1.7625713882
1.7635713882
1.7645713882
1.7655713882
1.7665713882
1.7675713882
1.7685713882
1.7695713882
1.7705713882
1.7715713882
1.7725713882
1.7735713882
1.7745713882
1.7755713882
1.7765713882
1.7775713882
1.7785713882
1.7795713882
1.7805713882
1.7815713882
1.7825713882
1.7835713882
1.7845713882
1.7855713882
1.7865713882
1.7875713882
1.7885713882
1.7895713882
1.7905713882
1.7915713882
1.7925713882
1.7935713882
1.7945713882
1.7955713882
1.7965713882
1.7975713882
1.7985713882
1.7995713882
1.8005713882
1.8015713882
1.8025713882
1.8035713882
1.8045713882
1.8055713882
1.8065713882
1.8075713882
1.8085713882
1.8095713882
1.8105713882
1.8115713882
1.8125713882
1.8135713882
1.8145713882
1.8155713882
1.8165713882
1.8175713882
1.8185713882
1.8195713882
1.8205713882
1.8215713882
1.8225713882
1.8235713882
1.8245713882
1.8255713882
1.8265713882
1.8275713882
1.8285713882
1.8295713882
1.8305713882
1.8315713882
1.8325713882
1.8335713882
1.8345713882
1.8355713882
1.8365713882
1.8375713882
1.8385713882
1.8395713882
1.8405713882
1.8415713882
1.8425713882
1.8435713882
1.8445713882
1.8455713882
1.8465713882
1.8475713882
1.8485713882
1.8495713882
1.8505713882
1.8515713882
1.8525713882
1.8535713882
1.8545713882
1.8555713882
1.8565713882
1.8575713882
1.8585713882
1.8595713882
1.8605713882
1.8615713882
1.8625713882
1.8635713882
1.8645713882
