# $W$ = 300 nm, $h$ = 300 nm, $s$ = 20 nm, $d/W = 5$, $E_{\rm e}$ = 200 keV
0.7186326702
0.7196326702
0.7206326702
0.7216326702
0.7226326702
0.7236326702
0.7246326702
0.7256326702
0.7266326702
0.7276326702
0.7286326702
0.7296326702
0.7306326702
0.7316326702
0.7326326702
0.7336326702
0.7346326702
0.7356326702
0.7366326702
0.7376326702
0.7386326702
0.7396326702
0.7406326702
0.7416326702
0.7426326702
0.7436326702
0.7446326702
0.7456326702
0.7466326702
0.7476326702
0.7486326702
0.7496326702
0.7506326702
0.7516326702
0.7526326702
0.7536326702
0.7546326702
0.7556326702
0.7566326702
0.7576326702
0.7586326702
0.7596326702
0.7606326702
0.7616326702
0.7626326702
0.7636326702
0.7646326702
0.7656326702
0.7666326702
0.7676326702
0.7686326702
0.7696326702
0.7706326702
0.7716326702
0.7726326702
0.7736326702
0.7746326702
0.7756326702
0.7766326702
0.7776326702
0.7786326702
0.7796326702
0.7806326702
