# $W$ = 300 nm, $h$ = 300 nm, $s$ = 20 nm, $d/W = 5$, $E_{\rm e}$ = 200 keV
1.3018918383
1.3028918383
1.3038918383
1.3048918383
1.3058918383
1.3068918383
1.3078918383
1.3088918383
1.3098918383
1.3108918383
1.3118918383
1.3128918383
1.3138918383
1.3148918383
1.3158918383
1.3168918383
1.3178918383
1.3188918383
1.3198918383
1.3208918383
1.3218918383
1.3228918383
1.3238918383
1.3248918383
1.3258918383
1.3268918383
1.3278918383
1.3288918383
1.3298918383
1.3308918383
1.3318918383
1.3328918383
1.3338918383
1.3348918383
1.3358918383
1.3368918383
1.3378918383
1.3388918383
1.3398918383
1.3408918383
1.3418918383
1.3428918383
1.3438918383
1.3448918383
1.3458918383
1.3468918383
1.3478918383
1.3488918383
1.3498918383
1.3508918383
1.3518918383
1.3528918383
1.3538918383
1.3548918383
1.3558918383
1.3568918383
1.3578918383
1.3588918383
1.3598918383
1.3608918383
1.3618918383
1.3628918383
1.3638918383
1.3648918383
1.3658918383
1.3668918383
1.3678918383
1.3688918383
1.3698918383
1.3708918383
1.3718918383
1.3728918383
1.3738918383
1.3748918383
1.3758918383
1.3768918383
1.3778918383
1.3788918383
1.3798918383
1.3808918383
1.3818918383
1.3828918383
1.3838918383
1.3848918383
1.3858918383
1.3868918383
1.3878918383
1.3888918383
1.3898918383
1.3908918383
1.3918918383
1.3928918383
1.3938918383
1.3948918383
1.3958918383
1.3968918383
1.3978918383
1.3988918383
1.3998918383
1.4008918383
1.4018918383
1.4028918383
