# $W$ = 300 nm, $h$ = 300 nm, $s$ = 20 nm, $d/W = 5$, $E_{\rm e}$ = 200 keV
0.7186287159
0.7196287159
0.7206287159
0.7216287159
0.7226287159
0.7236287159
0.7246287159
0.7256287159
0.7266287159
0.7276287159
0.7286287159
0.7296287159
0.7306287159
0.7316287159
0.7326287159
0.7336287159
0.7346287159
0.7356287159
0.7366287159
0.7376287159
0.7386287159
0.7396287159
0.7406287159
0.7416287159
0.7426287159
0.7436287159
0.7446287159
0.7456287159
0.7466287159
0.7476287159
0.7486287159
0.7496287159
0.7506287159
0.7516287159
0.7526287159
0.7536287159
0.7546287159
0.7556287159
0.7566287159
0.7576287159
0.7586287159
0.7596287159
0.7606287159
0.7616287159
0.7626287159
0.7636287159
0.7646287159
0.7656287159
0.7666287159
0.7676287159
0.7686287159
0.7696287159
0.7706287159
0.7716287159
0.7726287159
0.7736287159
0.7746287159
0.7756287159
0.7766287159
0.7776287159
0.7786287159
0.7796287159
0.7806287159
