# $W$ = 300 nm, $h$ = 300 nm, $s$ = 20 nm, $d/W = 5$, $E_{\rm e}$ = 200 keV
1.3018918744
1.3028918744
1.3038918744
1.3048918744
1.3058918744
1.3068918744
1.3078918744
1.3088918744
1.3098918744
1.3108918744
1.3118918744
1.3128918744
1.3138918744
1.3148918744
1.3158918744
1.3168918744
1.3178918744
1.3188918744
1.3198918744
1.3208918744
1.3218918744
1.3228918744
1.3238918744
1.3248918744
1.3258918744
1.3268918744
1.3278918744
1.3288918744
1.3298918744
1.3308918744
1.3318918744
1.3328918744
1.3338918744
1.3348918744
1.3358918744
1.3368918744
1.3378918744
1.3388918744
1.3398918744
1.3408918744
1.3418918744
1.3428918744
1.3438918744
1.3448918744
1.3458918744
1.3468918744
1.3478918744
1.3488918744
1.3498918744
1.3508918744
1.3518918744
1.3528918744
1.3538918744
1.3548918744
1.3558918744
1.3568918744
1.3578918744
1.3588918744
1.3598918744
1.3608918744
1.3618918744
1.3628918744
1.3638918744
1.3648918744
1.3658918744
1.3668918744
1.3678918744
1.3688918744
1.3698918744
1.3708918744
1.3718918744
1.3728918744
1.3738918744
1.3748918744
1.3758918744
1.3768918744
1.3778918744
1.3788918744
1.3798918744
1.3808918744
1.3818918744
1.3828918744
1.3838918744
1.3848918744
1.3858918744
1.3868918744
1.3878918744
1.3888918744
1.3898918744
1.3908918744
1.3918918744
1.3928918744
1.3938918744
1.3948918744
1.3958918744
1.3968918744
1.3978918744
1.3988918744
1.3998918744
1.4008918744
1.4018918744
1.4028918744
