# $W$ = 300 nm, $h$ = 300 nm, $s$ = 20 nm, $d/W = 5$, $E_{\rm e}$ = 200 keV
1.6842155902
1.6852155902
1.6862155902
1.6872155902
1.6882155902
1.6892155902
1.6902155902
1.6912155902
1.6922155902
1.6932155902
1.6942155902
1.6952155902
1.6962155902
1.6972155902
1.6982155902
1.6992155902
1.7002155902
1.7012155902
1.7022155902
1.7032155902
1.7042155902
1.7052155902
1.7062155902
1.7072155902
1.7082155902
1.7092155902
1.7102155902
1.7112155902
1.7122155902
1.7132155902
1.7142155902
1.7152155902
1.7162155902
1.7172155902
1.7182155902
1.7192155902
1.7202155902
1.7212155902
1.7222155902
1.7232155902
1.7242155902
1.7252155902
1.7262155902
1.7272155902
1.7282155902
1.7292155902
1.7302155902
1.7312155902
1.7322155902
1.7332155902
1.7342155902
1.7352155902
1.7362155902
1.7372155902
1.7382155902
1.7392155902
1.7402155902
1.7412155902
1.7422155902
1.7432155902
1.7442155902
1.7452155902
1.7462155902
1.7472155902
1.7482155902
1.7492155902
1.7502155902
1.7512155902
1.7522155902
1.7532155902
1.7542155902
1.7552155902
1.7562155902
1.7572155902
1.7582155902
1.7592155902
1.7602155902
1.7612155902
1.7622155902
1.7632155902
1.7642155902
1.7652155902
1.7662155902
1.7672155902
1.7682155902
1.7692155902
1.7702155902
1.7712155902
1.7722155902
1.7732155902
1.7742155902
1.7752155902
1.7762155902
1.7772155902
1.7782155902
1.7792155902
1.7802155902
1.7812155902
1.7822155902
1.7832155902
1.7842155902
1.7852155902
1.7862155902
1.7872155902
1.7882155902
1.7892155902
1.7902155902
1.7912155902
1.7922155902
1.7932155902
1.7942155902
1.7952155902
1.7962155902
1.7972155902
1.7982155902
1.7992155902
1.8002155902
1.8012155902
1.8022155902
1.8032155902
1.8042155902
1.8052155902
1.8062155902
1.8072155902
1.8082155902
1.8092155902
1.8102155902
1.8112155902
1.8122155902
1.8132155902
1.8142155902
1.8152155902
1.8162155902
1.8172155902
1.8182155902
1.8192155902
1.8202155902
1.8212155902
1.8222155902
1.8232155902
1.8242155902
1.8252155902
1.8262155902
1.8272155902
1.8282155902
1.8292155902
1.8302155902
1.8312155902
1.8322155902
1.8332155902
1.8342155902
1.8352155902
1.8362155902
1.8372155902
1.8382155902
1.8392155902
1.8402155902
1.8412155902
1.8422155902
1.8432155902
1.8442155902
1.8452155902
1.8462155902
1.8472155902
1.8482155902
1.8492155902
1.8502155902
1.8512155902
1.8522155902
1.8532155902
1.8542155902
1.8552155902
1.8562155902
1.8572155902
1.8582155902
1.8592155902
1.8602155902
1.8612155902
1.8622155902
1.8632155902
1.8642155902
1.8652155902
1.8662155902
1.8672155902
1.8682155902
1.8692155902
1.8702155902
1.8712155902
1.8722155902
1.8732155902
1.8742155902
1.8752155902
1.8762155902
1.8772155902
1.8782155902
1.8792155902
1.8802155902
1.8812155902
1.8822155902
1.8832155902
1.8842155902
1.8852155902
1.8862155902
1.8872155902
1.8882155902
1.8892155902
1.8902155902
1.8912155902
1.8922155902
1.8932155902
1.8942155902
1.8952155902
1.8962155902
1.8972155902
