# $W$ = 400 nm, $h$ = 300 nm, $s$ = 20 nm, $d/W = 5$, $E_{\rm e}$ = 200 keV
1.6405628666
1.6415628666
1.6425628666
1.6435628666
1.6445628666
1.6455628666
1.6465628666
1.6475628666
1.6485628666
1.6495628666
1.6505628666
1.6515628666
1.6525628666
1.6535628666
1.6545628666
1.6555628666
1.6565628666
1.6575628666
1.6585628666
1.6595628666
1.6605628666
1.6615628666
1.6625628666
1.6635628666
1.6645628666
1.6655628666
1.6665628666
1.6675628666
1.6685628666
1.6695628666
1.6705628666
1.6715628666
1.6725628666
1.6735628666
1.6745628666
1.6755628666
1.6765628666
1.6775628666
1.6785628666
1.6795628666
1.6805628666
1.6815628666
1.6825628666
1.6835628666
1.6845628666
1.6855628666
1.6865628666
1.6875628666
1.6885628666
1.6895628666
1.6905628666
1.6915628666
1.6925628666
1.6935628666
1.6945628666
1.6955628666
1.6965628666
1.6975628666
1.6985628666
1.6995628666
1.7005628666
1.7015628666
1.7025628666
1.7035628666
1.7045628666
1.7055628666
1.7065628666
1.7075628666
1.7085628666
1.7095628666
1.7105628666
1.7115628666
1.7125628666
1.7135628666
1.7145628666
1.7155628666
1.7165628666
1.7175628666
1.7185628666
1.7195628666
1.7205628666
1.7215628666
1.7225628666
1.7235628666
1.7245628666
1.7255628666
1.7265628666
1.7275628666
1.7285628666
1.7295628666
1.7305628666
1.7315628666
1.7325628666
1.7335628666
1.7345628666
1.7355628666
1.7365628666
1.7375628666
1.7385628666
1.7395628666
1.7405628666
1.7415628666
1.7425628666
1.7435628666
1.7445628666
1.7455628666
1.7465628666
1.7475628666
1.7485628666
1.7495628666
1.7505628666
1.7515628666
1.7525628666
1.7535628666
1.7545628666
1.7555628666
1.7565628666
1.7575628666
1.7585628666
1.7595628666
1.7605628666
1.7615628666
1.7625628666
1.7635628666
1.7645628666
1.7655628666
1.7665628666
1.7675628666
1.7685628666
1.7695628666
1.7705628666
1.7715628666
1.7725628666
1.7735628666
1.7745628666
1.7755628666
1.7765628666
1.7775628666
1.7785628666
1.7795628666
1.7805628666
1.7815628666
1.7825628666
1.7835628666
1.7845628666
1.7855628666
1.7865628666
1.7875628666
1.7885628666
1.7895628666
1.7905628666
1.7915628666
1.7925628666
1.7935628666
1.7945628666
1.7955628666
1.7965628666
1.7975628666
1.7985628666
1.7995628666
1.8005628666
1.8015628666
1.8025628666
1.8035628666
1.8045628666
1.8055628666
1.8065628666
1.8075628666
1.8085628666
1.8095628666
1.8105628666
1.8115628666
1.8125628666
1.8135628666
1.8145628666
1.8155628666
1.8165628666
1.8175628666
1.8185628666
1.8195628666
1.8205628666
1.8215628666
1.8225628666
1.8235628666
1.8245628666
1.8255628666
1.8265628666
1.8275628666
1.8285628666
1.8295628666
1.8305628666
1.8315628666
1.8325628666
1.8335628666
1.8345628666
1.8355628666
1.8365628666
1.8375628666
1.8385628666
1.8395628666
1.8405628666
1.8415628666
1.8425628666
1.8435628666
1.8445628666
1.8455628666
1.8465628666
1.8475628666
1.8485628666
1.8495628666
1.8505628666
1.8515628666
1.8525628666
1.8535628666
1.8545628666
1.8555628666
1.8565628666
1.8575628666
1.8585628666
1.8595628666
1.8605628666
1.8615628666
1.8625628666
1.8635628666
1.8645628666
