# $W$ = 300 nm, $h$ = 300 nm, $s$ = 20 nm, $d/W = 5$, $E_{\rm e}$ = 200 keV
1.1707973124
1.1717973124
1.1727973124
1.1737973124
1.1747973124
1.1757973124
1.1767973124
1.1777973124
1.1787973124
1.1797973124
1.1807973124
1.1817973124
1.1827973124
1.1837973124
1.1847973124
1.1857973124
1.1867973124
1.1877973124
1.1887973124
1.1897973124
1.1907973124
1.1917973124
1.1927973124
1.1937973124
1.1947973124
1.1957973124
1.1967973124
1.1977973124
1.1987973124
1.1997973124
1.2007973124
1.2017973124
1.2027973124
1.2037973124
1.2047973124
1.2057973124
1.2067973124
1.2077973124
1.2087973124
1.2097973124
1.2107973124
1.2117973124
1.2127973124
1.2137973124
1.2147973124
1.2157973124
1.2167973124
1.2177973124
1.2187973124
1.2197973124
1.2207973124
1.2217973124
1.2227973124
1.2237973124
1.2247973124
1.2257973124
1.2267973124
1.2277973124
1.2287973124
1.2297973124
1.2307973124
1.2317973124
1.2327973124
1.2337973124
1.2347973124
1.2357973124
1.2367973124
1.2377973124
1.2387973124
1.2397973124
1.2407973124
1.2417973124
1.2427973124
1.2437973124
1.2447973124
1.2457973124
1.2467973124
1.2477973124
1.2487973124
1.2497973124
1.2507973124
1.2517973124
1.2527973124
1.2537973124
1.2547973124
1.2557973124
1.2567973124
1.2577973124
1.2587973124
1.2597973124
1.2607973124
1.2617973124
1.2627973124
1.2637973124
1.2647973124
1.2657973124
1.2667973124
1.2677973124
1.2687973124
1.2697973124
1.2707973124
1.2717973124
1.2727973124
1.2737973124
