# $W$ = 300 nm, $h$ = 300 nm, $s$ = 20 nm, $d/W = 5$, $E_{\rm e}$ = 200 keV
0.7186323969
0.7196323969
0.7206323969
0.7216323969
0.7226323969
0.7236323969
0.7246323969
0.7256323969
0.7266323969
0.7276323969
0.7286323969
0.7296323969
0.7306323969
0.7316323969
0.7326323969
0.7336323969
0.7346323969
0.7356323969
0.7366323969
0.7376323969
0.7386323969
0.7396323969
0.7406323969
0.7416323969
0.7426323969
0.7436323969
0.7446323969
0.7456323969
0.7466323969
0.7476323969
0.7486323969
0.7496323969
0.7506323969
0.7516323969
0.7526323969
0.7536323969
0.7546323969
0.7556323969
0.7566323969
0.7576323969
0.7586323969
0.7596323969
0.7606323969
0.7616323969
0.7626323969
0.7636323969
0.7646323969
0.7656323969
0.7666323969
0.7676323969
0.7686323969
0.7696323969
0.7706323969
0.7716323969
0.7726323969
0.7736323969
0.7746323969
0.7756323969
0.7766323969
0.7776323969
0.7786323969
0.7796323969
0.7806323969
