# $W$ = 300 nm, $h$ = 300 nm, $s$ = 20 nm, $d/W = 5$, $E_{\rm e}$ = 200 keV
1.2981836976
1.2991836976
1.3001836976
1.3011836976
1.3021836976
1.3031836976
1.3041836976
1.3051836976
1.3061836976
1.3071836976
1.3081836976
1.3091836976
1.3101836976
1.3111836976
1.3121836976
1.3131836976
1.3141836976
1.3151836976
1.3161836976
1.3171836976
1.3181836976
1.3191836976
1.3201836976
1.3211836976
1.3221836976
1.3231836976
1.3241836976
1.3251836976
1.3261836976
1.3271836976
1.3281836976
1.3291836976
1.3301836976
1.3311836976
1.3321836976
1.3331836976
1.3341836976
1.3351836976
1.3361836976
1.3371836976
1.3381836976
1.3391836976
1.3401836976
1.3411836976
1.3421836976
1.3431836976
1.3441836976
1.3451836976
1.3461836976
1.3471836976
1.3481836976
1.3491836976
1.3501836976
1.3511836976
1.3521836976
1.3531836976
1.3541836976
1.3551836976
1.3561836976
1.3571836976
1.3581836976
1.3591836976
1.3601836976
1.3611836976
1.3621836976
1.3631836976
1.3641836976
1.3651836976
1.3661836976
1.3671836976
1.3681836976
1.3691836976
1.3701836976
1.3711836976
1.3721836976
1.3731836976
1.3741836976
1.3751836976
1.3761836976
1.3771836976
1.3781836976
1.3791836976
1.3801836976
1.3811836976
1.3821836976
1.3831836976
1.3841836976
1.3851836976
1.3861836976
1.3871836976
1.3881836976
1.3891836976
1.3901836976
1.3911836976
1.3921836976
1.3931836976
1.3941836976
1.3951836976
1.3961836976
1.3971836976
1.3981836976
1.3991836976
1.4001836976
1.4011836976
1.4021836976
1.4031836976
1.4041836976
1.4051836976
1.4061836976
1.4071836976
