# $W$ = 300 nm, $h$ = 300 nm, $s$ = 20 nm, $d/W = 5$, $E_{\rm e}$ = 200 keV
1.2981816059
1.2991816059
1.3001816059
1.3011816059
1.3021816059
1.3031816059
1.3041816059
1.3051816059
1.3061816059
1.3071816059
1.3081816059
1.3091816059
1.3101816059
1.3111816059
1.3121816059
1.3131816059
1.3141816059
1.3151816059
1.3161816059
1.3171816059
1.3181816059
1.3191816059
1.3201816059
1.3211816059
1.3221816059
1.3231816059
1.3241816059
1.3251816059
1.3261816059
1.3271816059
1.3281816059
1.3291816059
1.3301816059
1.3311816059
1.3321816059
1.3331816059
1.3341816059
1.3351816059
1.3361816059
1.3371816059
1.3381816059
1.3391816059
1.3401816059
1.3411816059
1.3421816059
1.3431816059
1.3441816059
1.3451816059
1.3461816059
1.3471816059
1.3481816059
1.3491816059
1.3501816059
1.3511816059
1.3521816059
1.3531816059
1.3541816059
1.3551816059
1.3561816059
1.3571816059
1.3581816059
1.3591816059
1.3601816059
1.3611816059
1.3621816059
1.3631816059
1.3641816059
1.3651816059
1.3661816059
1.3671816059
1.3681816059
1.3691816059
1.3701816059
1.3711816059
1.3721816059
1.3731816059
1.3741816059
1.3751816059
1.3761816059
1.3771816059
1.3781816059
1.3791816059
1.3801816059
1.3811816059
1.3821816059
1.3831816059
1.3841816059
1.3851816059
1.3861816059
1.3871816059
1.3881816059
1.3891816059
1.3901816059
1.3911816059
1.3921816059
1.3931816059
1.3941816059
1.3951816059
1.3961816059
1.3971816059
1.3981816059
1.3991816059
1.4001816059
1.4011816059
1.4021816059
1.4031816059
1.4041816059
1.4051816059
1.4061816059
1.4071816059
