# $W$ = 400 nm, $h$ = 300 nm, $s$ = 20 nm, $d/W = 5$, $E_{\rm e}$ = 200 keV
0.6729985274
0.6739985274
0.6749985274
0.6759985274
0.6769985274
0.6779985274
0.6789985274
0.6799985274
0.6809985274
0.6819985274
0.6829985274
0.6839985274
0.6849985274
0.6859985274
0.6869985274
0.6879985274
0.6889985274
0.6899985274
0.6909985274
0.6919985274
0.6929985274
0.6939985274
0.6949985274
0.6959985274
0.6969985274
0.6979985274
0.6989985274
0.6999985274
0.7009985274
0.7019985274
0.7029985274
0.7039985274
0.7049985274
0.7059985274
0.7069985274
0.7079985274
0.7089985274
0.7099985274
0.7109985274
0.7119985274
0.7129985274
0.7139985274
0.7149985274
0.7159985274
0.7169985274
0.7179985274
0.7189985274
0.7199985274
0.7209985274
0.7219985274
0.7229985274
0.7239985274
0.7249985274
0.7259985274
0.7269985274
0.7279985274
0.7289985274
0.7299985274
