# $W$ = 300 nm, $h$ = 300 nm, $s$ = 20 nm, $d/W = 5$, $E_{\rm e}$ = 200 keV
1.2999781287
1.3009781287
1.3019781287
1.3029781287
1.3039781287
1.3049781287
1.3059781287
1.3069781287
1.3079781287
1.3089781287
1.3099781287
1.3109781287
1.3119781287
1.3129781287
1.3139781287
1.3149781287
1.3159781287
1.3169781287
1.3179781287
1.3189781287
1.3199781287
1.3209781287
1.3219781287
1.3229781287
1.3239781287
1.3249781287
1.3259781287
1.3269781287
1.3279781287
1.3289781287
1.3299781287
1.3309781287
1.3319781287
1.3329781287
1.3339781287
1.3349781287
1.3359781287
1.3369781287
1.3379781287
1.3389781287
1.3399781287
1.3409781287
1.3419781287
1.3429781287
1.3439781287
1.3449781287
1.3459781287
1.3469781287
1.3479781287
1.3489781287
1.3499781287
1.3509781287
1.3519781287
1.3529781287
1.3539781287
1.3549781287
1.3559781287
1.3569781287
1.3579781287
1.3589781287
1.3599781287
1.3609781287
1.3619781287
1.3629781287
1.3639781287
1.3649781287
1.3659781287
1.3669781287
1.3679781287
1.3689781287
1.3699781287
1.3709781287
1.3719781287
1.3729781287
1.3739781287
1.3749781287
1.3759781287
1.3769781287
1.3779781287
1.3789781287
1.3799781287
1.3809781287
1.3819781287
1.3829781287
1.3839781287
1.3849781287
1.3859781287
1.3869781287
1.3879781287
1.3889781287
1.3899781287
1.3909781287
1.3919781287
1.3929781287
1.3939781287
1.3949781287
1.3959781287
1.3969781287
1.3979781287
1.3989781287
1.3999781287
1.4009781287
1.4019781287
1.4029781287
1.4039781287
1.4049781287
