# $W$ = 300 nm, $h$ = 300 nm, $s$ = 20 nm, $d/W = 5$, $E_{\rm e}$ = 200 keV
0.7186286544
0.7196286544
0.7206286544
0.7216286544
0.7226286544
0.7236286544
0.7246286544
0.7256286544
0.7266286544
0.7276286544
0.7286286544
0.7296286544
0.7306286544
0.7316286544
0.7326286544
0.7336286544
0.7346286544
0.7356286544
0.7366286544
0.7376286544
0.7386286544
0.7396286544
0.7406286544
0.7416286544
0.7426286544
0.7436286544
0.7446286544
0.7456286544
0.7466286544
0.7476286544
0.7486286544
0.7496286544
0.7506286544
0.7516286544
0.7526286544
0.7536286544
0.7546286544
0.7556286544
0.7566286544
0.7576286544
0.7586286544
0.7596286544
0.7606286544
0.7616286544
0.7626286544
0.7636286544
0.7646286544
0.7656286544
0.7666286544
0.7676286544
0.7686286544
0.7696286544
0.7706286544
0.7716286544
0.7726286544
0.7736286544
0.7746286544
0.7756286544
0.7766286544
0.7776286544
0.7786286544
0.7796286544
0.7806286544
