# $W$ = 300 nm, $h$ = 300 nm, $s$ = 20 nm, $d/W = 5$, $E_{\rm e}$ = 200 keV
1.1708014675
1.1718014675
1.1728014675
1.1738014675
1.1748014675
1.1758014675
1.1768014675
1.1778014675
1.1788014675
1.1798014675
1.1808014675
1.1818014675
1.1828014675
1.1838014675
1.1848014675
1.1858014675
1.1868014675
1.1878014675
1.1888014675
1.1898014675
1.1908014675
1.1918014675
1.1928014675
1.1938014675
1.1948014675
1.1958014675
1.1968014675
1.1978014675
1.1988014675
1.1998014675
1.2008014675
1.2018014675
1.2028014675
1.2038014675
1.2048014675
1.2058014675
1.2068014675
1.2078014675
1.2088014675
1.2098014675
1.2108014675
1.2118014675
1.2128014675
1.2138014675
1.2148014675
1.2158014675
1.2168014675
1.2178014675
1.2188014675
1.2198014675
1.2208014675
1.2218014675
1.2228014675
1.2238014675
1.2248014675
1.2258014675
1.2268014675
1.2278014675
1.2288014675
1.2298014675
1.2308014675
1.2318014675
1.2328014675
1.2338014675
1.2348014675
1.2358014675
1.2368014675
1.2378014675
1.2388014675
1.2398014675
1.2408014675
1.2418014675
1.2428014675
1.2438014675
1.2448014675
1.2458014675
1.2468014675
1.2478014675
1.2488014675
1.2498014675
1.2508014675
1.2518014675
1.2528014675
1.2538014675
1.2548014675
1.2558014675
1.2568014675
1.2578014675
1.2588014675
1.2598014675
1.2608014675
1.2618014675
1.2628014675
1.2638014675
1.2648014675
1.2658014675
1.2668014675
1.2678014675
1.2688014675
1.2698014675
1.2708014675
1.2718014675
1.2728014675
1.2738014675
