# $W$ = 300 nm, $h$ = 300 nm, $s$ = 20 nm, $d/W = 5$, $E_{\rm e}$ = 200 keV
1.6842164240
1.6852164240
1.6862164240
1.6872164240
1.6882164240
1.6892164240
1.6902164240
1.6912164240
1.6922164240
1.6932164240
1.6942164240
1.6952164240
1.6962164240
1.6972164240
1.6982164240
1.6992164240
1.7002164240
1.7012164240
1.7022164240
1.7032164240
1.7042164240
1.7052164240
1.7062164240
1.7072164240
1.7082164240
1.7092164240
1.7102164240
1.7112164240
1.7122164240
1.7132164240
1.7142164240
1.7152164240
1.7162164240
1.7172164240
1.7182164240
1.7192164240
1.7202164240
1.7212164240
1.7222164240
1.7232164240
1.7242164240
1.7252164240
1.7262164240
1.7272164240
1.7282164240
1.7292164240
1.7302164240
1.7312164240
1.7322164240
1.7332164240
1.7342164240
1.7352164240
1.7362164240
1.7372164240
1.7382164240
1.7392164240
1.7402164240
1.7412164240
1.7422164240
1.7432164240
1.7442164240
1.7452164240
1.7462164240
1.7472164240
1.7482164240
1.7492164240
1.7502164240
1.7512164240
1.7522164240
1.7532164240
1.7542164240
1.7552164240
1.7562164240
1.7572164240
1.7582164240
1.7592164240
1.7602164240
1.7612164240
1.7622164240
1.7632164240
1.7642164240
1.7652164240
1.7662164240
1.7672164240
1.7682164240
1.7692164240
1.7702164240
1.7712164240
1.7722164240
1.7732164240
1.7742164240
1.7752164240
1.7762164240
1.7772164240
1.7782164240
1.7792164240
1.7802164240
1.7812164240
1.7822164240
1.7832164240
1.7842164240
1.7852164240
1.7862164240
1.7872164240
1.7882164240
1.7892164240
1.7902164240
1.7912164240
1.7922164240
1.7932164240
1.7942164240
1.7952164240
1.7962164240
1.7972164240
1.7982164240
1.7992164240
1.8002164240
1.8012164240
1.8022164240
1.8032164240
1.8042164240
1.8052164240
1.8062164240
1.8072164240
1.8082164240
1.8092164240
1.8102164240
1.8112164240
1.8122164240
1.8132164240
1.8142164240
1.8152164240
1.8162164240
1.8172164240
1.8182164240
1.8192164240
1.8202164240
1.8212164240
1.8222164240
1.8232164240
1.8242164240
1.8252164240
1.8262164240
1.8272164240
1.8282164240
1.8292164240
1.8302164240
1.8312164240
1.8322164240
1.8332164240
1.8342164240
1.8352164240
1.8362164240
1.8372164240
1.8382164240
1.8392164240
1.8402164240
1.8412164240
1.8422164240
1.8432164240
1.8442164240
1.8452164240
1.8462164240
1.8472164240
1.8482164240
1.8492164240
1.8502164240
1.8512164240
1.8522164240
1.8532164240
1.8542164240
1.8552164240
1.8562164240
1.8572164240
1.8582164240
1.8592164240
1.8602164240
1.8612164240
1.8622164240
1.8632164240
1.8642164240
1.8652164240
1.8662164240
1.8672164240
1.8682164240
1.8692164240
1.8702164240
1.8712164240
1.8722164240
1.8732164240
1.8742164240
1.8752164240
1.8762164240
1.8772164240
1.8782164240
1.8792164240
1.8802164240
1.8812164240
1.8822164240
1.8832164240
1.8842164240
1.8852164240
1.8862164240
1.8872164240
1.8882164240
1.8892164240
1.8902164240
1.8912164240
1.8922164240
1.8932164240
1.8942164240
1.8952164240
1.8962164240
1.8972164240
