# $W$ = 400 nm, $h$ = 300 nm, $s$ = 20 nm, $d/W = 5$, $E_{\rm e}$ = 200 keV
1.6406662648
1.6416662648
1.6426662648
1.6436662648
1.6446662648
1.6456662648
1.6466662648
1.6476662648
1.6486662648
1.6496662648
1.6506662648
1.6516662648
1.6526662648
1.6536662648
1.6546662648
1.6556662648
1.6566662648
1.6576662648
1.6586662648
1.6596662648
1.6606662648
1.6616662648
1.6626662648
1.6636662648
1.6646662648
1.6656662648
1.6666662648
1.6676662648
1.6686662648
1.6696662648
1.6706662648
1.6716662648
1.6726662648
1.6736662648
1.6746662648
1.6756662648
1.6766662648
1.6776662648
1.6786662648
1.6796662648
1.6806662648
1.6816662648
1.6826662648
1.6836662648
1.6846662648
1.6856662648
1.6866662648
1.6876662648
1.6886662648
1.6896662648
1.6906662648
1.6916662648
1.6926662648
1.6936662648
1.6946662648
1.6956662648
1.6966662648
1.6976662648
1.6986662648
1.6996662648
1.7006662648
1.7016662648
1.7026662648
1.7036662648
1.7046662648
1.7056662648
1.7066662648
1.7076662648
1.7086662648
1.7096662648
1.7106662648
1.7116662648
1.7126662648
1.7136662648
1.7146662648
1.7156662648
1.7166662648
1.7176662648
1.7186662648
1.7196662648
1.7206662648
1.7216662648
1.7226662648
1.7236662648
1.7246662648
1.7256662648
1.7266662648
1.7276662648
1.7286662648
1.7296662648
1.7306662648
1.7316662648
1.7326662648
1.7336662648
1.7346662648
1.7356662648
1.7366662648
1.7376662648
1.7386662648
1.7396662648
1.7406662648
1.7416662648
1.7426662648
1.7436662648
1.7446662648
1.7456662648
1.7466662648
1.7476662648
1.7486662648
1.7496662648
1.7506662648
1.7516662648
1.7526662648
1.7536662648
1.7546662648
1.7556662648
1.7566662648
1.7576662648
1.7586662648
1.7596662648
1.7606662648
1.7616662648
1.7626662648
1.7636662648
1.7646662648
1.7656662648
1.7666662648
1.7676662648
1.7686662648
1.7696662648
1.7706662648
1.7716662648
1.7726662648
1.7736662648
1.7746662648
1.7756662648
1.7766662648
1.7776662648
1.7786662648
1.7796662648
1.7806662648
1.7816662648
1.7826662648
1.7836662648
1.7846662648
1.7856662648
1.7866662648
1.7876662648
1.7886662648
1.7896662648
1.7906662648
1.7916662648
1.7926662648
1.7936662648
1.7946662648
1.7956662648
1.7966662648
1.7976662648
1.7986662648
1.7996662648
1.8006662648
1.8016662648
1.8026662648
1.8036662648
1.8046662648
1.8056662648
1.8066662648
1.8076662648
1.8086662648
1.8096662648
1.8106662648
1.8116662648
1.8126662648
1.8136662648
1.8146662648
1.8156662648
1.8166662648
1.8176662648
1.8186662648
1.8196662648
1.8206662648
1.8216662648
1.8226662648
1.8236662648
1.8246662648
1.8256662648
1.8266662648
1.8276662648
1.8286662648
1.8296662648
1.8306662648
1.8316662648
1.8326662648
1.8336662648
1.8346662648
1.8356662648
1.8366662648
1.8376662648
1.8386662648
1.8396662648
1.8406662648
1.8416662648
1.8426662648
1.8436662648
1.8446662648
1.8456662648
1.8466662648
1.8476662648
1.8486662648
1.8496662648
1.8506662648
1.8516662648
1.8526662648
1.8536662648
1.8546662648
1.8556662648
1.8566662648
1.8576662648
1.8586662648
1.8596662648
1.8606662648
1.8616662648
1.8626662648
1.8636662648
1.8646662648
