# $W$ = 300 nm, $h$ = 300 nm, $s$ = 20 nm, $d/W = 5$, $E_{\rm e}$ = 200 keV
1.2999272784
1.3009272784
1.3019272784
1.3029272784
1.3039272784
1.3049272784
1.3059272784
1.3069272784
1.3079272784
1.3089272784
1.3099272784
1.3109272784
1.3119272784
1.3129272784
1.3139272784
1.3149272784
1.3159272784
1.3169272784
1.3179272784
1.3189272784
1.3199272784
1.3209272784
1.3219272784
1.3229272784
1.3239272784
1.3249272784
1.3259272784
1.3269272784
1.3279272784
1.3289272784
1.3299272784
1.3309272784
1.3319272784
1.3329272784
1.3339272784
1.3349272784
1.3359272784
1.3369272784
1.3379272784
1.3389272784
1.3399272784
1.3409272784
1.3419272784
1.3429272784
1.3439272784
1.3449272784
1.3459272784
1.3469272784
1.3479272784
1.3489272784
1.3499272784
1.3509272784
1.3519272784
1.3529272784
1.3539272784
1.3549272784
1.3559272784
1.3569272784
1.3579272784
1.3589272784
1.3599272784
1.3609272784
1.3619272784
1.3629272784
1.3639272784
1.3649272784
1.3659272784
1.3669272784
1.3679272784
1.3689272784
1.3699272784
1.3709272784
1.3719272784
1.3729272784
1.3739272784
1.3749272784
1.3759272784
1.3769272784
1.3779272784
1.3789272784
1.3799272784
1.3809272784
1.3819272784
1.3829272784
1.3839272784
1.3849272784
1.3859272784
1.3869272784
1.3879272784
1.3889272784
1.3899272784
1.3909272784
1.3919272784
1.3929272784
1.3939272784
1.3949272784
1.3959272784
1.3969272784
1.3979272784
1.3989272784
1.3999272784
1.4009272784
1.4019272784
1.4029272784
1.4039272784
1.4049272784
