# $W$ = 300 nm, $h$ = 300 nm, $s$ = 20 nm, $d/W = 5$, $E_{\rm e}$ = 200 keV
0.7186287133
0.7196287133
0.7206287133
0.7216287133
0.7226287133
0.7236287133
0.7246287133
0.7256287133
0.7266287133
0.7276287133
0.7286287133
0.7296287133
0.7306287133
0.7316287133
0.7326287133
0.7336287133
0.7346287133
0.7356287133
0.7366287133
0.7376287133
0.7386287133
0.7396287133
0.7406287133
0.7416287133
0.7426287133
0.7436287133
0.7446287133
0.7456287133
0.7466287133
0.7476287133
0.7486287133
0.7496287133
0.7506287133
0.7516287133
0.7526287133
0.7536287133
0.7546287133
0.7556287133
0.7566287133
0.7576287133
0.7586287133
0.7596287133
0.7606287133
0.7616287133
0.7626287133
0.7636287133
0.7646287133
0.7656287133
0.7666287133
0.7676287133
0.7686287133
0.7696287133
0.7706287133
0.7716287133
0.7726287133
0.7736287133
0.7746287133
0.7756287133
0.7766287133
0.7776287133
0.7786287133
0.7796287133
0.7806287133
