# $W$ = 300 nm, $h$ = 300 nm, $s$ = 20 nm, $d/W = 5$, $E_{\rm e}$ = 200 keV
1.1707434824
1.1717434824
1.1727434824
1.1737434824
1.1747434824
1.1757434824
1.1767434824
1.1777434824
1.1787434824
1.1797434824
1.1807434824
1.1817434824
1.1827434824
1.1837434824
1.1847434824
1.1857434824
1.1867434824
1.1877434824
1.1887434824
1.1897434824
1.1907434824
1.1917434824
1.1927434824
1.1937434824
1.1947434824
1.1957434824
1.1967434824
1.1977434824
1.1987434824
1.1997434824
1.2007434824
1.2017434824
1.2027434824
1.2037434824
1.2047434824
1.2057434824
1.2067434824
1.2077434824
1.2087434824
1.2097434824
1.2107434824
1.2117434824
1.2127434824
1.2137434824
1.2147434824
1.2157434824
1.2167434824
1.2177434824
1.2187434824
1.2197434824
1.2207434824
1.2217434824
1.2227434824
1.2237434824
1.2247434824
1.2257434824
1.2267434824
1.2277434824
1.2287434824
1.2297434824
1.2307434824
1.2317434824
1.2327434824
1.2337434824
1.2347434824
1.2357434824
1.2367434824
1.2377434824
1.2387434824
1.2397434824
1.2407434824
1.2417434824
1.2427434824
1.2437434824
1.2447434824
1.2457434824
1.2467434824
1.2477434824
1.2487434824
1.2497434824
1.2507434824
1.2517434824
1.2527434824
1.2537434824
1.2547434824
1.2557434824
1.2567434824
1.2577434824
1.2587434824
1.2597434824
1.2607434824
1.2617434824
1.2627434824
1.2637434824
1.2647434824
1.2657434824
1.2667434824
1.2677434824
1.2687434824
1.2697434824
1.2707434824
1.2717434824
1.2727434824
1.2737434824
