# $W$ = 400 nm, $h$ = 300 nm, $s$ = 20 nm, $d/W = 5$, $E_{\rm e}$ = 200 keV
1.6405734997
1.6415734997
1.6425734997
1.6435734997
1.6445734997
1.6455734997
1.6465734997
1.6475734997
1.6485734997
1.6495734997
1.6505734997
1.6515734997
1.6525734997
1.6535734997
1.6545734997
1.6555734997
1.6565734997
1.6575734997
1.6585734997
1.6595734997
1.6605734997
1.6615734997
1.6625734997
1.6635734997
1.6645734997
1.6655734997
1.6665734997
1.6675734997
1.6685734997
1.6695734997
1.6705734997
1.6715734997
1.6725734997
1.6735734997
1.6745734997
1.6755734997
1.6765734997
1.6775734997
1.6785734997
1.6795734997
1.6805734997
1.6815734997
1.6825734997
1.6835734997
1.6845734997
1.6855734997
1.6865734997
1.6875734997
1.6885734997
1.6895734997
1.6905734997
1.6915734997
1.6925734997
1.6935734997
1.6945734997
1.6955734997
1.6965734997
1.6975734997
1.6985734997
1.6995734997
1.7005734997
1.7015734997
1.7025734997
1.7035734997
1.7045734997
1.7055734997
1.7065734997
1.7075734997
1.7085734997
1.7095734997
1.7105734997
1.7115734997
1.7125734997
1.7135734997
1.7145734997
1.7155734997
1.7165734997
1.7175734997
1.7185734997
1.7195734997
1.7205734997
1.7215734997
1.7225734997
1.7235734997
1.7245734997
1.7255734997
1.7265734997
1.7275734997
1.7285734997
1.7295734997
1.7305734997
1.7315734997
1.7325734997
1.7335734997
1.7345734997
1.7355734997
1.7365734997
1.7375734997
1.7385734997
1.7395734997
1.7405734997
1.7415734997
1.7425734997
1.7435734997
1.7445734997
1.7455734997
1.7465734997
1.7475734997
1.7485734997
1.7495734997
1.7505734997
1.7515734997
1.7525734997
1.7535734997
1.7545734997
1.7555734997
1.7565734997
1.7575734997
1.7585734997
1.7595734997
1.7605734997
1.7615734997
1.7625734997
1.7635734997
1.7645734997
1.7655734997
1.7665734997
1.7675734997
1.7685734997
1.7695734997
1.7705734997
1.7715734997
1.7725734997
1.7735734997
1.7745734997
1.7755734997
1.7765734997
1.7775734997
1.7785734997
1.7795734997
1.7805734997
1.7815734997
1.7825734997
1.7835734997
1.7845734997
1.7855734997
1.7865734997
1.7875734997
1.7885734997
1.7895734997
1.7905734997
1.7915734997
1.7925734997
1.7935734997
1.7945734997
1.7955734997
1.7965734997
1.7975734997
1.7985734997
1.7995734997
1.8005734997
1.8015734997
1.8025734997
1.8035734997
1.8045734997
1.8055734997
1.8065734997
1.8075734997
1.8085734997
1.8095734997
1.8105734997
1.8115734997
1.8125734997
1.8135734997
1.8145734997
1.8155734997
1.8165734997
1.8175734997
1.8185734997
1.8195734997
1.8205734997
1.8215734997
1.8225734997
1.8235734997
1.8245734997
1.8255734997
1.8265734997
1.8275734997
1.8285734997
1.8295734997
1.8305734997
1.8315734997
1.8325734997
1.8335734997
1.8345734997
1.8355734997
1.8365734997
1.8375734997
1.8385734997
1.8395734997
1.8405734997
1.8415734997
1.8425734997
1.8435734997
1.8445734997
1.8455734997
1.8465734997
1.8475734997
1.8485734997
1.8495734997
1.8505734997
1.8515734997
1.8525734997
1.8535734997
1.8545734997
1.8555734997
1.8565734997
1.8575734997
1.8585734997
1.8595734997
1.8605734997
1.8615734997
1.8625734997
1.8635734997
1.8645734997
