# $W$ = 300 nm, $h$ = 300 nm, $s$ = 20 nm, $d/W = 5$, $E_{\rm e}$ = 200 keV
1.2981421460
1.2991421460
1.3001421460
1.3011421460
1.3021421460
1.3031421460
1.3041421460
1.3051421460
1.3061421460
1.3071421460
1.3081421460
1.3091421460
1.3101421460
1.3111421460
1.3121421460
1.3131421460
1.3141421460
1.3151421460
1.3161421460
1.3171421460
1.3181421460
1.3191421460
1.3201421460
1.3211421460
1.3221421460
1.3231421460
1.3241421460
1.3251421460
1.3261421460
1.3271421460
1.3281421460
1.3291421460
1.3301421460
1.3311421460
1.3321421460
1.3331421460
1.3341421460
1.3351421460
1.3361421460
1.3371421460
1.3381421460
1.3391421460
1.3401421460
1.3411421460
1.3421421460
1.3431421460
1.3441421460
1.3451421460
1.3461421460
1.3471421460
1.3481421460
1.3491421460
1.3501421460
1.3511421460
1.3521421460
1.3531421460
1.3541421460
1.3551421460
1.3561421460
1.3571421460
1.3581421460
1.3591421460
1.3601421460
1.3611421460
1.3621421460
1.3631421460
1.3641421460
1.3651421460
1.3661421460
1.3671421460
1.3681421460
1.3691421460
1.3701421460
1.3711421460
1.3721421460
1.3731421460
1.3741421460
1.3751421460
1.3761421460
1.3771421460
1.3781421460
1.3791421460
1.3801421460
1.3811421460
1.3821421460
1.3831421460
1.3841421460
1.3851421460
1.3861421460
1.3871421460
1.3881421460
1.3891421460
1.3901421460
1.3911421460
1.3921421460
1.3931421460
1.3941421460
1.3951421460
1.3961421460
1.3971421460
1.3981421460
1.3991421460
1.4001421460
1.4011421460
1.4021421460
1.4031421460
1.4041421460
1.4051421460
1.4061421460
1.4071421460
