# $W$ = 300 nm, $h$ = 300 nm, $s$ = 20 nm, $d/W = 5$, $E_{\rm e}$ = 200 keV
0.7186326442
0.7196326442
0.7206326442
0.7216326442
0.7226326442
0.7236326442
0.7246326442
0.7256326442
0.7266326442
0.7276326442
0.7286326442
0.7296326442
0.7306326442
0.7316326442
0.7326326442
0.7336326442
0.7346326442
0.7356326442
0.7366326442
0.7376326442
0.7386326442
0.7396326442
0.7406326442
0.7416326442
0.7426326442
0.7436326442
0.7446326442
0.7456326442
0.7466326442
0.7476326442
0.7486326442
0.7496326442
0.7506326442
0.7516326442
0.7526326442
0.7536326442
0.7546326442
0.7556326442
0.7566326442
0.7576326442
0.7586326442
0.7596326442
0.7606326442
0.7616326442
0.7626326442
0.7636326442
0.7646326442
0.7656326442
0.7666326442
0.7676326442
0.7686326442
0.7696326442
0.7706326442
0.7716326442
0.7726326442
0.7736326442
0.7746326442
0.7756326442
0.7766326442
0.7776326442
0.7786326442
0.7796326442
0.7806326442
