# $W$ = 300 nm, $h$ = 300 nm, $s$ = 20 nm, $d/W = 5$, $E_{\rm e}$ = 200 keV
1.3018918025
1.3028918025
1.3038918025
1.3048918025
1.3058918025
1.3068918025
1.3078918025
1.3088918025
1.3098918025
1.3108918025
1.3118918025
1.3128918025
1.3138918025
1.3148918025
1.3158918025
1.3168918025
1.3178918025
1.3188918025
1.3198918025
1.3208918025
1.3218918025
1.3228918025
1.3238918025
1.3248918025
1.3258918025
1.3268918025
1.3278918025
1.3288918025
1.3298918025
1.3308918025
1.3318918025
1.3328918025
1.3338918025
1.3348918025
1.3358918025
1.3368918025
1.3378918025
1.3388918025
1.3398918025
1.3408918025
1.3418918025
1.3428918025
1.3438918025
1.3448918025
1.3458918025
1.3468918025
1.3478918025
1.3488918025
1.3498918025
1.3508918025
1.3518918025
1.3528918025
1.3538918025
1.3548918025
1.3558918025
1.3568918025
1.3578918025
1.3588918025
1.3598918025
1.3608918025
1.3618918025
1.3628918025
1.3638918025
1.3648918025
1.3658918025
1.3668918025
1.3678918025
1.3688918025
1.3698918025
1.3708918025
1.3718918025
1.3728918025
1.3738918025
1.3748918025
1.3758918025
1.3768918025
1.3778918025
1.3788918025
1.3798918025
1.3808918025
1.3818918025
1.3828918025
1.3838918025
1.3848918025
1.3858918025
1.3868918025
1.3878918025
1.3888918025
1.3898918025
1.3908918025
1.3918918025
1.3928918025
1.3938918025
1.3948918025
1.3958918025
1.3968918025
1.3978918025
1.3988918025
1.3998918025
1.4008918025
1.4018918025
1.4028918025
