# $W$ = 300 nm, $h$ = 300 nm, $s$ = 20 nm, $d/W = 5$, $E_{\rm e}$ = 200 keV
0.7186324520
0.7196324520
0.7206324520
0.7216324520
0.7226324520
0.7236324520
0.7246324520
0.7256324520
0.7266324520
0.7276324520
0.7286324520
0.7296324520
0.7306324520
0.7316324520
0.7326324520
0.7336324520
0.7346324520
0.7356324520
0.7366324520
0.7376324520
0.7386324520
0.7396324520
0.7406324520
0.7416324520
0.7426324520
0.7436324520
0.7446324520
0.7456324520
0.7466324520
0.7476324520
0.7486324520
0.7496324520
0.7506324520
0.7516324520
0.7526324520
0.7536324520
0.7546324520
0.7556324520
0.7566324520
0.7576324520
0.7586324520
0.7596324520
0.7606324520
0.7616324520
0.7626324520
0.7636324520
0.7646324520
0.7656324520
0.7666324520
0.7676324520
0.7686324520
0.7696324520
0.7706324520
0.7716324520
0.7726324520
0.7736324520
0.7746324520
0.7756324520
0.7766324520
0.7776324520
0.7786324520
0.7796324520
0.7806324520
