# $W$ = 300 nm, $h$ = 300 nm, $s$ = 20 nm, $d/W = 5$, $E_{\rm e}$ = 200 keV
1.3000916721
1.3010916721
1.3020916721
1.3030916721
1.3040916721
1.3050916721
1.3060916721
1.3070916721
1.3080916721
1.3090916721
1.3100916721
1.3110916721
1.3120916721
1.3130916721
1.3140916721
1.3150916721
1.3160916721
1.3170916721
1.3180916721
1.3190916721
1.3200916721
1.3210916721
1.3220916721
1.3230916721
1.3240916721
1.3250916721
1.3260916721
1.3270916721
1.3280916721
1.3290916721
1.3300916721
1.3310916721
1.3320916721
1.3330916721
1.3340916721
1.3350916721
1.3360916721
1.3370916721
1.3380916721
1.3390916721
1.3400916721
1.3410916721
1.3420916721
1.3430916721
1.3440916721
1.3450916721
1.3460916721
1.3470916721
1.3480916721
1.3490916721
1.3500916721
1.3510916721
1.3520916721
1.3530916721
1.3540916721
1.3550916721
1.3560916721
1.3570916721
1.3580916721
1.3590916721
1.3600916721
1.3610916721
1.3620916721
1.3630916721
1.3640916721
1.3650916721
1.3660916721
1.3670916721
1.3680916721
1.3690916721
1.3700916721
1.3710916721
1.3720916721
1.3730916721
1.3740916721
1.3750916721
1.3760916721
1.3770916721
1.3780916721
1.3790916721
1.3800916721
1.3810916721
1.3820916721
1.3830916721
1.3840916721
1.3850916721
1.3860916721
1.3870916721
1.3880916721
1.3890916721
1.3900916721
1.3910916721
1.3920916721
1.3930916721
1.3940916721
1.3950916721
1.3960916721
1.3970916721
1.3980916721
1.3990916721
1.4000916721
1.4010916721
1.4020916721
1.4030916721
1.4040916721
1.4050916721
