# $W$ = 400 nm, $h$ = 300 nm, $s$ = 20 nm, $d/W = 5$, $E_{\rm e}$ = 200 keV
1.2089341435
1.2099341435
1.2109341435
1.2119341435
1.2129341435
1.2139341435
1.2149341435
1.2159341435
1.2169341435
1.2179341435
1.2189341435
1.2199341435
1.2209341435
1.2219341435
1.2229341435
1.2239341435
1.2249341435
1.2259341435
1.2269341435
1.2279341435
1.2289341435
1.2299341435
1.2309341435
1.2319341435
1.2329341435
1.2339341435
1.2349341435
1.2359341435
1.2369341435
1.2379341435
1.2389341435
1.2399341435
1.2409341435
1.2419341435
1.2429341435
1.2439341435
1.2449341435
1.2459341435
1.2469341435
1.2479341435
1.2489341435
1.2499341435
1.2509341435
1.2519341435
1.2529341435
1.2539341435
1.2549341435
1.2559341435
1.2569341435
1.2579341435
1.2589341435
1.2599341435
1.2609341435
1.2619341435
1.2629341435
1.2639341435
1.2649341435
1.2659341435
1.2669341435
1.2679341435
1.2689341435
1.2699341435
1.2709341435
1.2719341435
1.2729341435
1.2739341435
1.2749341435
1.2759341435
1.2769341435
1.2779341435
1.2789341435
1.2799341435
1.2809341435
1.2819341435
1.2829341435
1.2839341435
1.2849341435
1.2859341435
1.2869341435
1.2879341435
1.2889341435
1.2899341435
1.2909341435
1.2919341435
1.2929341435
1.2939341435
1.2949341435
1.2959341435
1.2969341435
1.2979341435
1.2989341435
1.2999341435
1.3009341435
1.3019341435
1.3029341435
1.3039341435
1.3049341435
1.3059341435
1.3069341435
1.3079341435
1.3089341435
1.3099341435
1.3109341435
1.3119341435
1.3129341435
1.3139341435
1.3149341435
1.3159341435
1.3169341435
