# $W$ = 300 nm, $h$ = 300 nm, $s$ = 20 nm, $d/W = 5$, $E_{\rm e}$ = 200 keV
1.2999934008
1.3009934008
1.3019934008
1.3029934008
1.3039934008
1.3049934008
1.3059934008
1.3069934008
1.3079934008
1.3089934008
1.3099934008
1.3109934008
1.3119934008
1.3129934008
1.3139934008
1.3149934008
1.3159934008
1.3169934008
1.3179934008
1.3189934008
1.3199934008
1.3209934008
1.3219934008
1.3229934008
1.3239934008
1.3249934008
1.3259934008
1.3269934008
1.3279934008
1.3289934008
1.3299934008
1.3309934008
1.3319934008
1.3329934008
1.3339934008
1.3349934008
1.3359934008
1.3369934008
1.3379934008
1.3389934008
1.3399934008
1.3409934008
1.3419934008
1.3429934008
1.3439934008
1.3449934008
1.3459934008
1.3469934008
1.3479934008
1.3489934008
1.3499934008
1.3509934008
1.3519934008
1.3529934008
1.3539934008
1.3549934008
1.3559934008
1.3569934008
1.3579934008
1.3589934008
1.3599934008
1.3609934008
1.3619934008
1.3629934008
1.3639934008
1.3649934008
1.3659934008
1.3669934008
1.3679934008
1.3689934008
1.3699934008
1.3709934008
1.3719934008
1.3729934008
1.3739934008
1.3749934008
1.3759934008
1.3769934008
1.3779934008
1.3789934008
1.3799934008
1.3809934008
1.3819934008
1.3829934008
1.3839934008
1.3849934008
1.3859934008
1.3869934008
1.3879934008
1.3889934008
1.3899934008
1.3909934008
1.3919934008
1.3929934008
1.3939934008
1.3949934008
1.3959934008
1.3969934008
1.3979934008
1.3989934008
1.3999934008
1.4009934008
1.4019934008
1.4029934008
1.4039934008
1.4049934008
