# $W$ = 400 nm, $h$ = 300 nm, $s$ = 20 nm, $d/W = 5$, $E_{\rm e}$ = 200 keV
1.6405737327
1.6415737327
1.6425737327
1.6435737327
1.6445737327
1.6455737327
1.6465737327
1.6475737327
1.6485737327
1.6495737327
1.6505737327
1.6515737327
1.6525737327
1.6535737327
1.6545737327
1.6555737327
1.6565737327
1.6575737327
1.6585737327
1.6595737327
1.6605737327
1.6615737327
1.6625737327
1.6635737327
1.6645737327
1.6655737327
1.6665737327
1.6675737327
1.6685737327
1.6695737327
1.6705737327
1.6715737327
1.6725737327
1.6735737327
1.6745737327
1.6755737327
1.6765737327
1.6775737327
1.6785737327
1.6795737327
1.6805737327
1.6815737327
1.6825737327
1.6835737327
1.6845737327
1.6855737327
1.6865737327
1.6875737327
1.6885737327
1.6895737327
1.6905737327
1.6915737327
1.6925737327
1.6935737327
1.6945737327
1.6955737327
1.6965737327
1.6975737327
1.6985737327
1.6995737327
1.7005737327
1.7015737327
1.7025737327
1.7035737327
1.7045737327
1.7055737327
1.7065737327
1.7075737327
1.7085737327
1.7095737327
1.7105737327
1.7115737327
1.7125737327
1.7135737327
1.7145737327
1.7155737327
1.7165737327
1.7175737327
1.7185737327
1.7195737327
1.7205737327
1.7215737327
1.7225737327
1.7235737327
1.7245737327
1.7255737327
1.7265737327
1.7275737327
1.7285737327
1.7295737327
1.7305737327
1.7315737327
1.7325737327
1.7335737327
1.7345737327
1.7355737327
1.7365737327
1.7375737327
1.7385737327
1.7395737327
1.7405737327
1.7415737327
1.7425737327
1.7435737327
1.7445737327
1.7455737327
1.7465737327
1.7475737327
1.7485737327
1.7495737327
1.7505737327
1.7515737327
1.7525737327
1.7535737327
1.7545737327
1.7555737327
1.7565737327
1.7575737327
1.7585737327
1.7595737327
1.7605737327
1.7615737327
1.7625737327
1.7635737327
1.7645737327
1.7655737327
1.7665737327
1.7675737327
1.7685737327
1.7695737327
1.7705737327
1.7715737327
1.7725737327
1.7735737327
1.7745737327
1.7755737327
1.7765737327
1.7775737327
1.7785737327
1.7795737327
1.7805737327
1.7815737327
1.7825737327
1.7835737327
1.7845737327
1.7855737327
1.7865737327
1.7875737327
1.7885737327
1.7895737327
1.7905737327
1.7915737327
1.7925737327
1.7935737327
1.7945737327
1.7955737327
1.7965737327
1.7975737327
1.7985737327
1.7995737327
1.8005737327
1.8015737327
1.8025737327
1.8035737327
1.8045737327
1.8055737327
1.8065737327
1.8075737327
1.8085737327
1.8095737327
1.8105737327
1.8115737327
1.8125737327
1.8135737327
1.8145737327
1.8155737327
1.8165737327
1.8175737327
1.8185737327
1.8195737327
1.8205737327
1.8215737327
1.8225737327
1.8235737327
1.8245737327
1.8255737327
1.8265737327
1.8275737327
1.8285737327
1.8295737327
1.8305737327
1.8315737327
1.8325737327
1.8335737327
1.8345737327
1.8355737327
1.8365737327
1.8375737327
1.8385737327
1.8395737327
1.8405737327
1.8415737327
1.8425737327
1.8435737327
1.8445737327
1.8455737327
1.8465737327
1.8475737327
1.8485737327
1.8495737327
1.8505737327
1.8515737327
1.8525737327
1.8535737327
1.8545737327
1.8555737327
1.8565737327
1.8575737327
1.8585737327
1.8595737327
1.8605737327
1.8615737327
1.8625737327
1.8635737327
1.8645737327
