# $W$ = 300 nm, $h$ = 300 nm, $s$ = 20 nm, $d/W = 5$, $E_{\rm e}$ = 200 keV
0.7186323291
0.7196323291
0.7206323291
0.7216323291
0.7226323291
0.7236323291
0.7246323291
0.7256323291
0.7266323291
0.7276323291
0.7286323291
0.7296323291
0.7306323291
0.7316323291
0.7326323291
0.7336323291
0.7346323291
0.7356323291
0.7366323291
0.7376323291
0.7386323291
0.7396323291
0.7406323291
0.7416323291
0.7426323291
0.7436323291
0.7446323291
0.7456323291
0.7466323291
0.7476323291
0.7486323291
0.7496323291
0.7506323291
0.7516323291
0.7526323291
0.7536323291
0.7546323291
0.7556323291
0.7566323291
0.7576323291
0.7586323291
0.7596323291
0.7606323291
0.7616323291
0.7626323291
0.7636323291
0.7646323291
0.7656323291
0.7666323291
0.7676323291
0.7686323291
0.7696323291
0.7706323291
0.7716323291
0.7726323291
0.7736323291
0.7746323291
0.7756323291
0.7766323291
0.7776323291
0.7786323291
0.7796323291
0.7806323291
