# $W$ = 400 nm, $h$ = 300 nm, $s$ = 20 nm, $d/W = 5$, $E_{\rm e}$ = 200 keV
1.2089344342
1.2099344342
1.2109344342
1.2119344342
1.2129344342
1.2139344342
1.2149344342
1.2159344342
1.2169344342
1.2179344342
1.2189344342
1.2199344342
1.2209344342
1.2219344342
1.2229344342
1.2239344342
1.2249344342
1.2259344342
1.2269344342
1.2279344342
1.2289344342
1.2299344342
1.2309344342
1.2319344342
1.2329344342
1.2339344342
1.2349344342
1.2359344342
1.2369344342
1.2379344342
1.2389344342
1.2399344342
1.2409344342
1.2419344342
1.2429344342
1.2439344342
1.2449344342
1.2459344342
1.2469344342
1.2479344342
1.2489344342
1.2499344342
1.2509344342
1.2519344342
1.2529344342
1.2539344342
1.2549344342
1.2559344342
1.2569344342
1.2579344342
1.2589344342
1.2599344342
1.2609344342
1.2619344342
1.2629344342
1.2639344342
1.2649344342
1.2659344342
1.2669344342
1.2679344342
1.2689344342
1.2699344342
1.2709344342
1.2719344342
1.2729344342
1.2739344342
1.2749344342
1.2759344342
1.2769344342
1.2779344342
1.2789344342
1.2799344342
1.2809344342
1.2819344342
1.2829344342
1.2839344342
1.2849344342
1.2859344342
1.2869344342
1.2879344342
1.2889344342
1.2899344342
1.2909344342
1.2919344342
1.2929344342
1.2939344342
1.2949344342
1.2959344342
1.2969344342
1.2979344342
1.2989344342
1.2999344342
1.3009344342
1.3019344342
1.3029344342
1.3039344342
1.3049344342
1.3059344342
1.3069344342
1.3079344342
1.3089344342
1.3099344342
1.3109344342
1.3119344342
1.3129344342
1.3139344342
1.3149344342
1.3159344342
1.3169344342
