# $W$ = 400 nm, $h$ = 300 nm, $s$ = 20 nm, $d/W = 5$, $E_{\rm e}$ = 200 keV
0.2638848178
0.2648848178
0.2658848178
0.2668848178
0.2678848178
0.2688848178
0.2698848178
0.2708848178
0.2718848178
0.2728848178
0.2738848178
0.2748848178
0.2758848178
0.2768848178
0.2778848178
0.2788848178
0.2798848178
0.2808848178
0.2818848178
0.2828848178
0.2838848178
0.2848848178
0.2858848178
0.2868848178
0.2878848178
0.2888848178
0.2898848178
0.2908848178
0.2918848178
0.2928848178
0.2938848178
0.2948848178
0.2958848178
0.2968848178
0.2978848178
0.2988848178
0.2998848178
0.3008848178
0.3018848178
0.3028848178
0.3038848178
0.3048848178
0.3058848178
0.3068848178
0.3078848178
0.3088848178
0.3098848178
0.3108848178
0.3118848178
0.3128848178
0.3138848178
0.3148848178
0.3158848178
0.3168848178
0.3178848178
0.3188848178
0.3198848178
0.3208848178
0.3218848178
0.3228848178
0.3238848178
0.3248848178
0.3258848178
0.3268848178
0.3278848178
0.3288848178
0.3298848178
0.3308848178
0.3318848178
0.3328848178
0.3338848178
0.3348848178
0.3358848178
0.3368848178
0.3378848178
0.3388848178
0.3398848178
0.3408848178
0.3418848178
0.3428848178
0.3438848178
0.3448848178
0.3458848178
0.3468848178
0.3478848178
0.3488848178
0.3498848178
0.3508848178
0.3518848178
0.3528848178
0.3538848178
0.3548848178
0.3558848178
0.3568848178
0.3578848178
0.3588848178
0.3598848178
0.3608848178
0.3618848178
0.3628848178
0.3638848178
0.3648848178
0.3658848178
0.3668848178
0.3678848178
0.3688848178
0.3698848178
0.3708848178
0.3718848178
0.3728848178
0.3738848178
0.3748848178
0.3758848178
0.3768848178
0.3778848178
0.3788848178
0.3798848178
0.3808848178
0.3818848178
0.3828848178
0.3838848178
0.3848848178
0.3858848178
0.3868848178
0.3878848178
0.3888848178
0.3898848178
0.3908848178
0.3918848178
0.3928848178
0.3938848178
0.3948848178
0.3958848178
0.3968848178
0.3978848178
0.3988848178
0.3998848178
0.4008848178
0.4018848178
0.4028848178
0.4038848178
0.4048848178
0.4058848178
0.4068848178
0.4078848178
0.4088848178
0.4098848178
0.4108848178
0.4118848178
0.4128848178
0.4138848178
0.4148848178
0.4158848178
0.4168848178
0.4178848178
0.4188848178
0.4198848178
0.4208848178
0.4218848178
0.4228848178
0.4238848178
0.4248848178
0.4258848178
0.4268848178
0.4278848178
0.4288848178
0.4298848178
0.4308848178
0.4318848178
0.4328848178
0.4338848178
0.4348848178
0.4358848178
0.4368848178
0.4378848178
0.4388848178
0.4398848178
0.4408848178
0.4418848178
0.4428848178
0.4438848178
0.4448848178
0.4458848178
0.4468848178
0.4478848178
0.4488848178
0.4498848178
0.4508848178
0.4518848178
0.4528848178
0.4538848178
0.4548848178
0.4558848178
0.4568848178
0.4578848178
0.4588848178
0.4598848178
0.4608848178
0.4618848178
0.4628848178
0.4638848178
0.4648848178
0.4658848178
0.4668848178
0.4678848178
0.4688848178
0.4698848178
0.4708848178
0.4718848178
0.4728848178
0.4738848178
0.4748848178
0.4758848178
0.4768848178
0.4778848178
0.4788848178
0.4798848178
0.4808848178
0.4818848178
0.4828848178
0.4838848178
0.4848848178
0.4858848178
0.4868848178
0.4878848178
0.4888848178
0.4898848178
0.4908848178
0.4918848178
0.4928848178
0.4938848178
0.4948848178
0.4958848178
0.4968848178
0.4978848178
0.4988848178
0.4998848178
0.5008848178
0.5018848178
0.5028848178
0.5038848178
0.5048848178
0.5058848178
0.5068848178
0.5078848178
0.5088848178
0.5098848178
0.5108848178
0.5118848178
0.5128848178
0.5138848178
0.5148848178
0.5158848178
0.5168848178
0.5178848178
0.5188848178
0.5198848178
0.5208848178
0.5218848178
0.5228848178
0.5238848178
0.5248848178
0.5258848178
0.5268848178
0.5278848178
0.5288848178
0.5298848178
0.5308848178
0.5318848178
0.5328848178
0.5338848178
0.5348848178
0.5358848178
0.5368848178
0.5378848178
0.5388848178
0.5398848178
0.5408848178
0.5418848178
0.5428848178
0.5438848178
0.5448848178
0.5458848178
0.5468848178
0.5478848178
0.5488848178
0.5498848178
0.5508848178
0.5518848178
0.5528848178
0.5538848178
0.5548848178
0.5558848178
0.5568848178
0.5578848178
0.5588848178
0.5598848178
0.5608848178
0.5618848178
0.5628848178
0.5638848178
0.5648848178
0.5658848178
0.5668848178
0.5678848178
0.5688848178
0.5698848178
0.5708848178
0.5718848178
0.5728848178
0.5738848178
0.5748848178
0.5758848178
0.5768848178
0.5778848178
0.5788848178
0.5798848178
0.5808848178
0.5818848178
0.5828848178
0.5838848178
0.5848848178
0.5858848178
0.5868848178
0.5878848178
0.5888848178
0.5898848178
0.5908848178
0.5918848178
0.5928848178
0.5938848178
0.5948848178
0.5958848178
0.5968848178
0.5978848178
0.5988848178
0.5998848178
0.6008848178
0.6018848178
0.6028848178
0.6038848178
0.6048848178
0.6058848178
0.6068848178
0.6078848178
0.6088848178
0.6098848178
0.6108848178
0.6118848178
0.6128848178
0.6138848178
0.6148848178
0.6158848178
0.6168848178
0.6178848178
0.6188848178
0.6198848178
0.6208848178
0.6218848178
0.6228848178
0.6238848178
0.6248848178
0.6258848178
0.6268848178
0.6278848178
0.6288848178
0.6298848178
0.6308848178
0.6318848178
0.6328848178
0.6338848178
0.6348848178
0.6358848178
0.6368848178
0.6378848178
0.6388848178
0.6398848178
0.6408848178
0.6418848178
0.6428848178
0.6438848178
0.6448848178
0.6458848178
0.6468848178
0.6478848178
0.6488848178
0.6498848178
0.6508848178
0.6518848178
0.6528848178
0.6538848178
0.6548848178
0.6558848178
0.6568848178
0.6578848178
0.6588848178
0.6598848178
0.6608848178
0.6618848178
0.6628848178
0.6638848178
0.6648848178
0.6658848178
0.6668848178
0.6678848178
0.6688848178
0.6698848178
0.6708848178
0.6718848178
0.6728848178
0.6738848178
0.6748848178
0.6758848178
0.6768848178
0.6778848178
0.6788848178
0.6798848178
0.6808848178
0.6818848178
0.6828848178
0.6838848178
0.6848848178
0.6858848178
0.6868848178
0.6878848178
0.6888848178
0.6898848178
0.6908848178
0.6918848178
0.6928848178
0.6938848178
0.6948848178
0.6958848178
0.6968848178
0.6978848178
0.6988848178
0.6998848178
0.7008848178
0.7018848178
0.7028848178
0.7038848178
0.7048848178
0.7058848178
0.7068848178
0.7078848178
0.7088848178
0.7098848178
0.7108848178
0.7118848178
0.7128848178
0.7138848178
0.7148848178
0.7158848178
0.7168848178
0.7178848178
0.7188848178
0.7198848178
0.7208848178
0.7218848178
0.7228848178
0.7238848178
0.7248848178
0.7258848178
0.7268848178
0.7278848178
0.7288848178
0.7298848178
0.7308848178
0.7318848178
0.7328848178
0.7338848178
0.7348848178
0.7358848178
0.7368848178
0.7378848178
0.7388848178
0.7398848178
0.7408848178
0.7418848178
0.7428848178
0.7438848178
0.7448848178
0.7458848178
0.7468848178
0.7478848178
0.7488848178
0.7498848178
0.7508848178
0.7518848178
0.7528848178
0.7538848178
0.7548848178
0.7558848178
0.7568848178
0.7578848178
0.7588848178
0.7598848178
0.7608848178
0.7618848178
0.7628848178
0.7638848178
0.7648848178
0.7658848178
0.7668848178
0.7678848178
0.7688848178
0.7698848178
0.7708848178
0.7718848178
0.7728848178
0.7738848178
0.7748848178
0.7758848178
0.7768848178
0.7778848178
0.7788848178
0.7798848178
0.7808848178
0.7818848178
0.7828848178
0.7838848178
0.7848848178
0.7858848178
0.7868848178
0.7878848178
0.7888848178
0.7898848178
0.7908848178
0.7918848178
0.7928848178
0.7938848178
0.7948848178
0.7958848178
0.7968848178
0.7978848178
0.7988848178
0.7998848178
0.8008848178
0.8018848178
0.8028848178
0.8038848178
0.8048848178
0.8058848178
0.8068848178
0.8078848178
0.8088848178
0.8098848178
0.8108848178
0.8118848178
0.8128848178
0.8138848178
0.8148848178
0.8158848178
0.8168848178
0.8178848178
0.8188848178
0.8198848178
0.8208848178
0.8218848178
0.8228848178
0.8238848178
0.8248848178
0.8258848178
0.8268848178
0.8278848178
0.8288848178
0.8298848178
0.8308848178
0.8318848178
0.8328848178
0.8338848178
0.8348848178
0.8358848178
0.8368848178
0.8378848178
0.8388848178
0.8398848178
0.8408848178
0.8418848178
0.8428848178
0.8438848178
0.8448848178
0.8458848178
0.8468848178
0.8478848178
0.8488848178
0.8498848178
0.8508848178
0.8518848178
0.8528848178
0.8538848178
0.8548848178
0.8558848178
0.8568848178
0.8578848178
0.8588848178
0.8598848178
0.8608848178
0.8618848178
0.8628848178
0.8638848178
0.8648848178
0.8658848178
0.8668848178
0.8678848178
0.8688848178
0.8698848178
0.8708848178
0.8718848178
0.8728848178
0.8738848178
0.8748848178
0.8758848178
0.8768848178
0.8778848178
0.8788848178
0.8798848178
0.8808848178
0.8818848178
0.8828848178
0.8838848178
0.8848848178
0.8858848178
0.8868848178
0.8878848178
0.8888848178
0.8898848178
0.8908848178
0.8918848178
0.8928848178
0.8938848178
0.8948848178
0.8958848178
0.8968848178
0.8978848178
0.8988848178
0.8998848178
0.9008848178
0.9018848178
0.9028848178
0.9038848178
0.9048848178
0.9058848178
0.9068848178
0.9078848178
0.9088848178
0.9098848178
0.9108848178
0.9118848178
0.9128848178
0.9138848178
0.9148848178
0.9158848178
0.9168848178
0.9178848178
0.9188848178
0.9198848178
0.9208848178
0.9218848178
0.9228848178
0.9238848178
0.9248848178
0.9258848178
0.9268848178
0.9278848178
0.9288848178
0.9298848178
0.9308848178
0.9318848178
0.9328848178
0.9338848178
0.9348848178
0.9358848178
0.9368848178
0.9378848178
0.9388848178
0.9398848178
0.9408848178
0.9418848178
0.9428848178
0.9438848178
0.9448848178
0.9458848178
0.9468848178
0.9478848178
0.9488848178
0.9498848178
0.9508848178
0.9518848178
0.9528848178
0.9538848178
0.9548848178
0.9558848178
0.9568848178
0.9578848178
0.9588848178
0.9598848178
0.9608848178
0.9618848178
0.9628848178
0.9638848178
0.9648848178
0.9658848178
0.9668848178
0.9678848178
0.9688848178
0.9698848178
0.9708848178
0.9718848178
0.9728848178
0.9738848178
0.9748848178
0.9758848178
0.9768848178
0.9778848178
0.9788848178
0.9798848178
0.9808848178
0.9818848178
0.9828848178
0.9838848178
0.9848848178
0.9858848178
0.9868848178
0.9878848178
0.9888848178
0.9898848178
0.9908848178
0.9918848178
0.9928848178
