# $W$ = 300 nm, $h$ = 300 nm, $s$ = 20 nm, $d/W = 5$, $E_{\rm e}$ = 200 keV
1.2998553898
1.3008553898
1.3018553898
1.3028553898
1.3038553898
1.3048553898
1.3058553898
1.3068553898
1.3078553898
1.3088553898
1.3098553898
1.3108553898
1.3118553898
1.3128553898
1.3138553898
1.3148553898
1.3158553898
1.3168553898
1.3178553898
1.3188553898
1.3198553898
1.3208553898
1.3218553898
1.3228553898
1.3238553898
1.3248553898
1.3258553898
1.3268553898
1.3278553898
1.3288553898
1.3298553898
1.3308553898
1.3318553898
1.3328553898
1.3338553898
1.3348553898
1.3358553898
1.3368553898
1.3378553898
1.3388553898
1.3398553898
1.3408553898
1.3418553898
1.3428553898
1.3438553898
1.3448553898
1.3458553898
1.3468553898
1.3478553898
1.3488553898
1.3498553898
1.3508553898
1.3518553898
1.3528553898
1.3538553898
1.3548553898
1.3558553898
1.3568553898
1.3578553898
1.3588553898
1.3598553898
1.3608553898
1.3618553898
1.3628553898
1.3638553898
1.3648553898
1.3658553898
1.3668553898
1.3678553898
1.3688553898
1.3698553898
1.3708553898
1.3718553898
1.3728553898
1.3738553898
1.3748553898
1.3758553898
1.3768553898
1.3778553898
1.3788553898
1.3798553898
1.3808553898
1.3818553898
1.3828553898
1.3838553898
1.3848553898
1.3858553898
1.3868553898
1.3878553898
1.3888553898
1.3898553898
1.3908553898
1.3918553898
1.3928553898
1.3938553898
1.3948553898
1.3958553898
1.3968553898
1.3978553898
1.3988553898
1.3998553898
1.4008553898
1.4018553898
1.4028553898
1.4038553898
1.4048553898
