# $W$ = 300 nm, $h$ = 300 nm, $s$ = 20 nm, $d/W = 5$, $E_{\rm e}$ = 200 keV
1.1707434870
1.1717434870
1.1727434870
1.1737434870
1.1747434870
1.1757434870
1.1767434870
1.1777434870
1.1787434870
1.1797434870
1.1807434870
1.1817434870
1.1827434870
1.1837434870
1.1847434870
1.1857434870
1.1867434870
1.1877434870
1.1887434870
1.1897434870
1.1907434870
1.1917434870
1.1927434870
1.1937434870
1.1947434870
1.1957434870
1.1967434870
1.1977434870
1.1987434870
1.1997434870
1.2007434870
1.2017434870
1.2027434870
1.2037434870
1.2047434870
1.2057434870
1.2067434870
1.2077434870
1.2087434870
1.2097434870
1.2107434870
1.2117434870
1.2127434870
1.2137434870
1.2147434870
1.2157434870
1.2167434870
1.2177434870
1.2187434870
1.2197434870
1.2207434870
1.2217434870
1.2227434870
1.2237434870
1.2247434870
1.2257434870
1.2267434870
1.2277434870
1.2287434870
1.2297434870
1.2307434870
1.2317434870
1.2327434870
1.2337434870
1.2347434870
1.2357434870
1.2367434870
1.2377434870
1.2387434870
1.2397434870
1.2407434870
1.2417434870
1.2427434870
1.2437434870
1.2447434870
1.2457434870
1.2467434870
1.2477434870
1.2487434870
1.2497434870
1.2507434870
1.2517434870
1.2527434870
1.2537434870
1.2547434870
1.2557434870
1.2567434870
1.2577434870
1.2587434870
1.2597434870
1.2607434870
1.2617434870
1.2627434870
1.2637434870
1.2647434870
1.2657434870
1.2667434870
1.2677434870
1.2687434870
1.2697434870
1.2707434870
1.2717434870
1.2727434870
1.2737434870
