# $W$ = 400 nm, $h$ = 300 nm, $s$ = 20 nm, $d/W = 5$, $E_{\rm e}$ = 200 keV
1.6405548374
1.6415548374
1.6425548374
1.6435548374
1.6445548374
1.6455548374
1.6465548374
1.6475548374
1.6485548374
1.6495548374
1.6505548374
1.6515548374
1.6525548374
1.6535548374
1.6545548374
1.6555548374
1.6565548374
1.6575548374
1.6585548374
1.6595548374
1.6605548374
1.6615548374
1.6625548374
1.6635548374
1.6645548374
1.6655548374
1.6665548374
1.6675548374
1.6685548374
1.6695548374
1.6705548374
1.6715548374
1.6725548374
1.6735548374
1.6745548374
1.6755548374
1.6765548374
1.6775548374
1.6785548374
1.6795548374
1.6805548374
1.6815548374
1.6825548374
1.6835548374
1.6845548374
1.6855548374
1.6865548374
1.6875548374
1.6885548374
1.6895548374
1.6905548374
1.6915548374
1.6925548374
1.6935548374
1.6945548374
1.6955548374
1.6965548374
1.6975548374
1.6985548374
1.6995548374
1.7005548374
1.7015548374
1.7025548374
1.7035548374
1.7045548374
1.7055548374
1.7065548374
1.7075548374
1.7085548374
1.7095548374
1.7105548374
1.7115548374
1.7125548374
1.7135548374
1.7145548374
1.7155548374
1.7165548374
1.7175548374
1.7185548374
1.7195548374
1.7205548374
1.7215548374
1.7225548374
1.7235548374
1.7245548374
1.7255548374
1.7265548374
1.7275548374
1.7285548374
1.7295548374
1.7305548374
1.7315548374
1.7325548374
1.7335548374
1.7345548374
1.7355548374
1.7365548374
1.7375548374
1.7385548374
1.7395548374
1.7405548374
1.7415548374
1.7425548374
1.7435548374
1.7445548374
1.7455548374
1.7465548374
1.7475548374
1.7485548374
1.7495548374
1.7505548374
1.7515548374
1.7525548374
1.7535548374
1.7545548374
1.7555548374
1.7565548374
1.7575548374
1.7585548374
1.7595548374
1.7605548374
1.7615548374
1.7625548374
1.7635548374
1.7645548374
1.7655548374
1.7665548374
1.7675548374
1.7685548374
1.7695548374
1.7705548374
1.7715548374
1.7725548374
1.7735548374
1.7745548374
1.7755548374
1.7765548374
1.7775548374
1.7785548374
1.7795548374
1.7805548374
1.7815548374
1.7825548374
1.7835548374
1.7845548374
1.7855548374
1.7865548374
1.7875548374
1.7885548374
1.7895548374
1.7905548374
1.7915548374
1.7925548374
1.7935548374
1.7945548374
1.7955548374
1.7965548374
1.7975548374
1.7985548374
1.7995548374
1.8005548374
1.8015548374
1.8025548374
1.8035548374
1.8045548374
1.8055548374
1.8065548374
1.8075548374
1.8085548374
1.8095548374
1.8105548374
1.8115548374
1.8125548374
1.8135548374
1.8145548374
1.8155548374
1.8165548374
1.8175548374
1.8185548374
1.8195548374
1.8205548374
1.8215548374
1.8225548374
1.8235548374
1.8245548374
1.8255548374
1.8265548374
1.8275548374
1.8285548374
1.8295548374
1.8305548374
1.8315548374
1.8325548374
1.8335548374
1.8345548374
1.8355548374
1.8365548374
1.8375548374
1.8385548374
1.8395548374
1.8405548374
1.8415548374
1.8425548374
1.8435548374
1.8445548374
1.8455548374
1.8465548374
1.8475548374
1.8485548374
1.8495548374
1.8505548374
1.8515548374
1.8525548374
1.8535548374
1.8545548374
1.8555548374
1.8565548374
1.8575548374
1.8585548374
1.8595548374
1.8605548374
1.8615548374
1.8625548374
1.8635548374
1.8645548374
