# $W$ = 300 nm, $h$ = 300 nm, $s$ = 20 nm, $d/W = 5$, $E_{\rm e}$ = 200 keV
1.3018918749
1.3028918749
1.3038918749
1.3048918749
1.3058918749
1.3068918749
1.3078918749
1.3088918749
1.3098918749
1.3108918749
1.3118918749
1.3128918749
1.3138918749
1.3148918749
1.3158918749
1.3168918749
1.3178918749
1.3188918749
1.3198918749
1.3208918749
1.3218918749
1.3228918749
1.3238918749
1.3248918749
1.3258918749
1.3268918749
1.3278918749
1.3288918749
1.3298918749
1.3308918749
1.3318918749
1.3328918749
1.3338918749
1.3348918749
1.3358918749
1.3368918749
1.3378918749
1.3388918749
1.3398918749
1.3408918749
1.3418918749
1.3428918749
1.3438918749
1.3448918749
1.3458918749
1.3468918749
1.3478918749
1.3488918749
1.3498918749
1.3508918749
1.3518918749
1.3528918749
1.3538918749
1.3548918749
1.3558918749
1.3568918749
1.3578918749
1.3588918749
1.3598918749
1.3608918749
1.3618918749
1.3628918749
1.3638918749
1.3648918749
1.3658918749
1.3668918749
1.3678918749
1.3688918749
1.3698918749
1.3708918749
1.3718918749
1.3728918749
1.3738918749
1.3748918749
1.3758918749
1.3768918749
1.3778918749
1.3788918749
1.3798918749
1.3808918749
1.3818918749
1.3828918749
1.3838918749
1.3848918749
1.3858918749
1.3868918749
1.3878918749
1.3888918749
1.3898918749
1.3908918749
1.3918918749
1.3928918749
1.3938918749
1.3948918749
1.3958918749
1.3968918749
1.3978918749
1.3988918749
1.3998918749
1.4008918749
1.4018918749
1.4028918749
