# $W$ = 300 nm, $h$ = 300 nm, $s$ = 20 nm, $d/W = 5$, $E_{\rm e}$ = 200 keV
1.1707434908
1.1717434908
1.1727434908
1.1737434908
1.1747434908
1.1757434908
1.1767434908
1.1777434908
1.1787434908
1.1797434908
1.1807434908
1.1817434908
1.1827434908
1.1837434908
1.1847434908
1.1857434908
1.1867434908
1.1877434908
1.1887434908
1.1897434908
1.1907434908
1.1917434908
1.1927434908
1.1937434908
1.1947434908
1.1957434908
1.1967434908
1.1977434908
1.1987434908
1.1997434908
1.2007434908
1.2017434908
1.2027434908
1.2037434908
1.2047434908
1.2057434908
1.2067434908
1.2077434908
1.2087434908
1.2097434908
1.2107434908
1.2117434908
1.2127434908
1.2137434908
1.2147434908
1.2157434908
1.2167434908
1.2177434908
1.2187434908
1.2197434908
1.2207434908
1.2217434908
1.2227434908
1.2237434908
1.2247434908
1.2257434908
1.2267434908
1.2277434908
1.2287434908
1.2297434908
1.2307434908
1.2317434908
1.2327434908
1.2337434908
1.2347434908
1.2357434908
1.2367434908
1.2377434908
1.2387434908
1.2397434908
1.2407434908
1.2417434908
1.2427434908
1.2437434908
1.2447434908
1.2457434908
1.2467434908
1.2477434908
1.2487434908
1.2497434908
1.2507434908
1.2517434908
1.2527434908
1.2537434908
1.2547434908
1.2557434908
1.2567434908
1.2577434908
1.2587434908
1.2597434908
1.2607434908
1.2617434908
1.2627434908
1.2637434908
1.2647434908
1.2657434908
1.2667434908
1.2677434908
1.2687434908
1.2697434908
1.2707434908
1.2717434908
1.2727434908
1.2737434908
