# $W$ = 300 nm, $h$ = 300 nm, $s$ = 20 nm, $d/W = 5$, $E_{\rm e}$ = 200 keV
1.2999806299
1.3009806299
1.3019806299
1.3029806299
1.3039806299
1.3049806299
1.3059806299
1.3069806299
1.3079806299
1.3089806299
1.3099806299
1.3109806299
1.3119806299
1.3129806299
1.3139806299
1.3149806299
1.3159806299
1.3169806299
1.3179806299
1.3189806299
1.3199806299
1.3209806299
1.3219806299
1.3229806299
1.3239806299
1.3249806299
1.3259806299
1.3269806299
1.3279806299
1.3289806299
1.3299806299
1.3309806299
1.3319806299
1.3329806299
1.3339806299
1.3349806299
1.3359806299
1.3369806299
1.3379806299
1.3389806299
1.3399806299
1.3409806299
1.3419806299
1.3429806299
1.3439806299
1.3449806299
1.3459806299
1.3469806299
1.3479806299
1.3489806299
1.3499806299
1.3509806299
1.3519806299
1.3529806299
1.3539806299
1.3549806299
1.3559806299
1.3569806299
1.3579806299
1.3589806299
1.3599806299
1.3609806299
1.3619806299
1.3629806299
1.3639806299
1.3649806299
1.3659806299
1.3669806299
1.3679806299
1.3689806299
1.3699806299
1.3709806299
1.3719806299
1.3729806299
1.3739806299
1.3749806299
1.3759806299
1.3769806299
1.3779806299
1.3789806299
1.3799806299
1.3809806299
1.3819806299
1.3829806299
1.3839806299
1.3849806299
1.3859806299
1.3869806299
1.3879806299
1.3889806299
1.3899806299
1.3909806299
1.3919806299
1.3929806299
1.3939806299
1.3949806299
1.3959806299
1.3969806299
1.3979806299
1.3989806299
1.3999806299
1.4009806299
1.4019806299
1.4029806299
1.4039806299
1.4049806299
