# $W$ = 300 nm, $h$ = 300 nm, $s$ = 20 nm, $d/W = 5$, $E_{\rm e}$ = 200 keV
0.7186328430
0.7196328430
0.7206328430
0.7216328430
0.7226328430
0.7236328430
0.7246328430
0.7256328430
0.7266328430
0.7276328430
0.7286328430
0.7296328430
0.7306328430
0.7316328430
0.7326328430
0.7336328430
0.7346328430
0.7356328430
0.7366328430
0.7376328430
0.7386328430
0.7396328430
0.7406328430
0.7416328430
0.7426328430
0.7436328430
0.7446328430
0.7456328430
0.7466328430
0.7476328430
0.7486328430
0.7496328430
0.7506328430
0.7516328430
0.7526328430
0.7536328430
0.7546328430
0.7556328430
0.7566328430
0.7576328430
0.7586328430
0.7596328430
0.7606328430
0.7616328430
0.7626328430
0.7636328430
0.7646328430
0.7656328430
0.7666328430
0.7676328430
0.7686328430
0.7696328430
0.7706328430
0.7716328430
0.7726328430
0.7736328430
0.7746328430
0.7756328430
0.7766328430
0.7776328430
0.7786328430
0.7796328430
0.7806328430
