# $W$ = 300 nm, $h$ = 300 nm, $s$ = 20 nm, $d/W = 5$, $E_{\rm e}$ = 200 keV
1.1707434910
1.1717434910
1.1727434910
1.1737434910
1.1747434910
1.1757434910
1.1767434910
1.1777434910
1.1787434910
1.1797434910
1.1807434910
1.1817434910
1.1827434910
1.1837434910
1.1847434910
1.1857434910
1.1867434910
1.1877434910
1.1887434910
1.1897434910
1.1907434910
1.1917434910
1.1927434910
1.1937434910
1.1947434910
1.1957434910
1.1967434910
1.1977434910
1.1987434910
1.1997434910
1.2007434910
1.2017434910
1.2027434910
1.2037434910
1.2047434910
1.2057434910
1.2067434910
1.2077434910
1.2087434910
1.2097434910
1.2107434910
1.2117434910
1.2127434910
1.2137434910
1.2147434910
1.2157434910
1.2167434910
1.2177434910
1.2187434910
1.2197434910
1.2207434910
1.2217434910
1.2227434910
1.2237434910
1.2247434910
1.2257434910
1.2267434910
1.2277434910
1.2287434910
1.2297434910
1.2307434910
1.2317434910
1.2327434910
1.2337434910
1.2347434910
1.2357434910
1.2367434910
1.2377434910
1.2387434910
1.2397434910
1.2407434910
1.2417434910
1.2427434910
1.2437434910
1.2447434910
1.2457434910
1.2467434910
1.2477434910
1.2487434910
1.2497434910
1.2507434910
1.2517434910
1.2527434910
1.2537434910
1.2547434910
1.2557434910
1.2567434910
1.2577434910
1.2587434910
1.2597434910
1.2607434910
1.2617434910
1.2627434910
1.2637434910
1.2647434910
1.2657434910
1.2667434910
1.2677434910
1.2687434910
1.2697434910
1.2707434910
1.2717434910
1.2727434910
1.2737434910
