# $W$ = 400 nm, $h$ = 300 nm, $s$ = 20 nm, $d/W = 5$, $E_{\rm e}$ = 200 keV
0.6729985307
0.6739985307
0.6749985307
0.6759985307
0.6769985307
0.6779985307
0.6789985307
0.6799985307
0.6809985307
0.6819985307
0.6829985307
0.6839985307
0.6849985307
0.6859985307
0.6869985307
0.6879985307
0.6889985307
0.6899985307
0.6909985307
0.6919985307
0.6929985307
0.6939985307
0.6949985307
0.6959985307
0.6969985307
0.6979985307
0.6989985307
0.6999985307
0.7009985307
0.7019985307
0.7029985307
0.7039985307
0.7049985307
0.7059985307
0.7069985307
0.7079985307
0.7089985307
0.7099985307
0.7109985307
0.7119985307
0.7129985307
0.7139985307
0.7149985307
0.7159985307
0.7169985307
0.7179985307
0.7189985307
0.7199985307
0.7209985307
0.7219985307
0.7229985307
0.7239985307
0.7249985307
0.7259985307
0.7269985307
0.7279985307
0.7289985307
0.7299985307
