# $W$ = 300 nm, $h$ = 300 nm, $s$ = 20 nm, $d/W = 5$, $E_{\rm e}$ = 200 keV
1.1707411597
1.1717411597
1.1727411597
1.1737411597
1.1747411597
1.1757411597
1.1767411597
1.1777411597
1.1787411597
1.1797411597
1.1807411597
1.1817411597
1.1827411597
1.1837411597
1.1847411597
1.1857411597
1.1867411597
1.1877411597
1.1887411597
1.1897411597
1.1907411597
1.1917411597
1.1927411597
1.1937411597
1.1947411597
1.1957411597
1.1967411597
1.1977411597
1.1987411597
1.1997411597
1.2007411597
1.2017411597
1.2027411597
1.2037411597
1.2047411597
1.2057411597
1.2067411597
1.2077411597
1.2087411597
1.2097411597
1.2107411597
1.2117411597
1.2127411597
1.2137411597
1.2147411597
1.2157411597
1.2167411597
1.2177411597
1.2187411597
1.2197411597
1.2207411597
1.2217411597
1.2227411597
1.2237411597
1.2247411597
1.2257411597
1.2267411597
1.2277411597
1.2287411597
1.2297411597
1.2307411597
1.2317411597
1.2327411597
1.2337411597
1.2347411597
1.2357411597
1.2367411597
1.2377411597
1.2387411597
1.2397411597
1.2407411597
1.2417411597
1.2427411597
1.2437411597
1.2447411597
1.2457411597
1.2467411597
1.2477411597
1.2487411597
1.2497411597
1.2507411597
1.2517411597
1.2527411597
1.2537411597
1.2547411597
1.2557411597
1.2567411597
1.2577411597
1.2587411597
1.2597411597
1.2607411597
1.2617411597
1.2627411597
1.2637411597
1.2647411597
1.2657411597
1.2667411597
1.2677411597
1.2687411597
1.2697411597
1.2707411597
1.2717411597
1.2727411597
1.2737411597
