# $W$ = 300 nm, $h$ = 300 nm, $s$ = 20 nm, $d/W = 5$, $E_{\rm e}$ = 200 keV
0.7186327438
0.7196327438
0.7206327438
0.7216327438
0.7226327438
0.7236327438
0.7246327438
0.7256327438
0.7266327438
0.7276327438
0.7286327438
0.7296327438
0.7306327438
0.7316327438
0.7326327438
0.7336327438
0.7346327438
0.7356327438
0.7366327438
0.7376327438
0.7386327438
0.7396327438
0.7406327438
0.7416327438
0.7426327438
0.7436327438
0.7446327438
0.7456327438
0.7466327438
0.7476327438
0.7486327438
0.7496327438
0.7506327438
0.7516327438
0.7526327438
0.7536327438
0.7546327438
0.7556327438
0.7566327438
0.7576327438
0.7586327438
0.7596327438
0.7606327438
0.7616327438
0.7626327438
0.7636327438
0.7646327438
0.7656327438
0.7666327438
0.7676327438
0.7686327438
0.7696327438
0.7706327438
0.7716327438
0.7726327438
0.7736327438
0.7746327438
0.7756327438
0.7766327438
0.7776327438
0.7786327438
0.7796327438
0.7806327438
