# $W$ = 300 nm, $h$ = 300 nm, $s$ = 20 nm, $d/W = 5$, $E_{\rm e}$ = 200 keV
1.6842110169
1.6852110169
1.6862110169
1.6872110169
1.6882110169
1.6892110169
1.6902110169
1.6912110169
1.6922110169
1.6932110169
1.6942110169
1.6952110169
1.6962110169
1.6972110169
1.6982110169
1.6992110169
1.7002110169
1.7012110169
1.7022110169
1.7032110169
1.7042110169
1.7052110169
1.7062110169
1.7072110169
1.7082110169
1.7092110169
1.7102110169
1.7112110169
1.7122110169
1.7132110169
1.7142110169
1.7152110169
1.7162110169
1.7172110169
1.7182110169
1.7192110169
1.7202110169
1.7212110169
1.7222110169
1.7232110169
1.7242110169
1.7252110169
1.7262110169
1.7272110169
1.7282110169
1.7292110169
1.7302110169
1.7312110169
1.7322110169
1.7332110169
1.7342110169
1.7352110169
1.7362110169
1.7372110169
1.7382110169
1.7392110169
1.7402110169
1.7412110169
1.7422110169
1.7432110169
1.7442110169
1.7452110169
1.7462110169
1.7472110169
1.7482110169
1.7492110169
1.7502110169
1.7512110169
1.7522110169
1.7532110169
1.7542110169
1.7552110169
1.7562110169
1.7572110169
1.7582110169
1.7592110169
1.7602110169
1.7612110169
1.7622110169
1.7632110169
1.7642110169
1.7652110169
1.7662110169
1.7672110169
1.7682110169
1.7692110169
1.7702110169
1.7712110169
1.7722110169
1.7732110169
1.7742110169
1.7752110169
1.7762110169
1.7772110169
1.7782110169
1.7792110169
1.7802110169
1.7812110169
1.7822110169
1.7832110169
1.7842110169
1.7852110169
1.7862110169
1.7872110169
1.7882110169
1.7892110169
1.7902110169
1.7912110169
1.7922110169
1.7932110169
1.7942110169
1.7952110169
1.7962110169
1.7972110169
1.7982110169
1.7992110169
1.8002110169
1.8012110169
1.8022110169
1.8032110169
1.8042110169
1.8052110169
1.8062110169
1.8072110169
1.8082110169
1.8092110169
1.8102110169
1.8112110169
1.8122110169
1.8132110169
1.8142110169
1.8152110169
1.8162110169
1.8172110169
1.8182110169
1.8192110169
1.8202110169
1.8212110169
1.8222110169
1.8232110169
1.8242110169
1.8252110169
1.8262110169
1.8272110169
1.8282110169
1.8292110169
1.8302110169
1.8312110169
1.8322110169
1.8332110169
1.8342110169
1.8352110169
1.8362110169
1.8372110169
1.8382110169
1.8392110169
1.8402110169
1.8412110169
1.8422110169
1.8432110169
1.8442110169
1.8452110169
1.8462110169
1.8472110169
1.8482110169
1.8492110169
1.8502110169
1.8512110169
1.8522110169
1.8532110169
1.8542110169
1.8552110169
1.8562110169
1.8572110169
1.8582110169
1.8592110169
1.8602110169
1.8612110169
1.8622110169
1.8632110169
1.8642110169
1.8652110169
1.8662110169
1.8672110169
1.8682110169
1.8692110169
1.8702110169
1.8712110169
1.8722110169
1.8732110169
1.8742110169
1.8752110169
1.8762110169
1.8772110169
1.8782110169
1.8792110169
1.8802110169
1.8812110169
1.8822110169
1.8832110169
1.8842110169
1.8852110169
1.8862110169
1.8872110169
1.8882110169
1.8892110169
1.8902110169
1.8912110169
1.8922110169
1.8932110169
1.8942110169
1.8952110169
1.8962110169
1.8972110169
