# $W$ = 300 nm, $h$ = 300 nm, $s$ = 20 nm, $d/W = 5$, $E_{\rm e}$ = 200 keV
1.1707434790
1.1717434790
1.1727434790
1.1737434790
1.1747434790
1.1757434790
1.1767434790
1.1777434790
1.1787434790
1.1797434790
1.1807434790
1.1817434790
1.1827434790
1.1837434790
1.1847434790
1.1857434790
1.1867434790
1.1877434790
1.1887434790
1.1897434790
1.1907434790
1.1917434790
1.1927434790
1.1937434790
1.1947434790
1.1957434790
1.1967434790
1.1977434790
1.1987434790
1.1997434790
1.2007434790
1.2017434790
1.2027434790
1.2037434790
1.2047434790
1.2057434790
1.2067434790
1.2077434790
1.2087434790
1.2097434790
1.2107434790
1.2117434790
1.2127434790
1.2137434790
1.2147434790
1.2157434790
1.2167434790
1.2177434790
1.2187434790
1.2197434790
1.2207434790
1.2217434790
1.2227434790
1.2237434790
1.2247434790
1.2257434790
1.2267434790
1.2277434790
1.2287434790
1.2297434790
1.2307434790
1.2317434790
1.2327434790
1.2337434790
1.2347434790
1.2357434790
1.2367434790
1.2377434790
1.2387434790
1.2397434790
1.2407434790
1.2417434790
1.2427434790
1.2437434790
1.2447434790
1.2457434790
1.2467434790
1.2477434790
1.2487434790
1.2497434790
1.2507434790
1.2517434790
1.2527434790
1.2537434790
1.2547434790
1.2557434790
1.2567434790
1.2577434790
1.2587434790
1.2597434790
1.2607434790
1.2617434790
1.2627434790
1.2637434790
1.2647434790
1.2657434790
1.2667434790
1.2677434790
1.2687434790
1.2697434790
1.2707434790
1.2717434790
1.2727434790
1.2737434790
