# $W$ = 300 nm, $h$ = 300 nm, $s$ = 20 nm, $d/W = 5$, $E_{\rm e}$ = 200 keV
0.7186368851
0.7196368851
0.7206368851
0.7216368851
0.7226368851
0.7236368851
0.7246368851
0.7256368851
0.7266368851
0.7276368851
0.7286368851
0.7296368851
0.7306368851
0.7316368851
0.7326368851
0.7336368851
0.7346368851
0.7356368851
0.7366368851
0.7376368851
0.7386368851
0.7396368851
0.7406368851
0.7416368851
0.7426368851
0.7436368851
0.7446368851
0.7456368851
0.7466368851
0.7476368851
0.7486368851
0.7496368851
0.7506368851
0.7516368851
0.7526368851
0.7536368851
0.7546368851
0.7556368851
0.7566368851
0.7576368851
0.7586368851
0.7596368851
0.7606368851
0.7616368851
0.7626368851
0.7636368851
0.7646368851
0.7656368851
0.7666368851
0.7676368851
0.7686368851
0.7696368851
0.7706368851
0.7716368851
0.7726368851
0.7736368851
0.7746368851
0.7756368851
0.7766368851
0.7776368851
0.7786368851
0.7796368851
0.7806368851
