# $W$ = 300 nm, $h$ = 300 nm, $s$ = 20 nm, $d/W = 5$, $E_{\rm e}$ = 200 keV
1.2981732297
1.2991732297
1.3001732297
1.3011732297
1.3021732297
1.3031732297
1.3041732297
1.3051732297
1.3061732297
1.3071732297
1.3081732297
1.3091732297
1.3101732297
1.3111732297
1.3121732297
1.3131732297
1.3141732297
1.3151732297
1.3161732297
1.3171732297
1.3181732297
1.3191732297
1.3201732297
1.3211732297
1.3221732297
1.3231732297
1.3241732297
1.3251732297
1.3261732297
1.3271732297
1.3281732297
1.3291732297
1.3301732297
1.3311732297
1.3321732297
1.3331732297
1.3341732297
1.3351732297
1.3361732297
1.3371732297
1.3381732297
1.3391732297
1.3401732297
1.3411732297
1.3421732297
1.3431732297
1.3441732297
1.3451732297
1.3461732297
1.3471732297
1.3481732297
1.3491732297
1.3501732297
1.3511732297
1.3521732297
1.3531732297
1.3541732297
1.3551732297
1.3561732297
1.3571732297
1.3581732297
1.3591732297
1.3601732297
1.3611732297
1.3621732297
1.3631732297
1.3641732297
1.3651732297
1.3661732297
1.3671732297
1.3681732297
1.3691732297
1.3701732297
1.3711732297
1.3721732297
1.3731732297
1.3741732297
1.3751732297
1.3761732297
1.3771732297
1.3781732297
1.3791732297
1.3801732297
1.3811732297
1.3821732297
1.3831732297
1.3841732297
1.3851732297
1.3861732297
1.3871732297
1.3881732297
1.3891732297
1.3901732297
1.3911732297
1.3921732297
1.3931732297
1.3941732297
1.3951732297
1.3961732297
1.3971732297
1.3981732297
1.3991732297
1.4001732297
1.4011732297
1.4021732297
1.4031732297
1.4041732297
1.4051732297
1.4061732297
1.4071732297
