# $W$ = 300 nm, $h$ = 300 nm, $s$ = 20 nm, $d/W = 5$, $E_{\rm e}$ = 200 keV
1.2999548614
1.3009548614
1.3019548614
1.3029548614
1.3039548614
1.3049548614
1.3059548614
1.3069548614
1.3079548614
1.3089548614
1.3099548614
1.3109548614
1.3119548614
1.3129548614
1.3139548614
1.3149548614
1.3159548614
1.3169548614
1.3179548614
1.3189548614
1.3199548614
1.3209548614
1.3219548614
1.3229548614
1.3239548614
1.3249548614
1.3259548614
1.3269548614
1.3279548614
1.3289548614
1.3299548614
1.3309548614
1.3319548614
1.3329548614
1.3339548614
1.3349548614
1.3359548614
1.3369548614
1.3379548614
1.3389548614
1.3399548614
1.3409548614
1.3419548614
1.3429548614
1.3439548614
1.3449548614
1.3459548614
1.3469548614
1.3479548614
1.3489548614
1.3499548614
1.3509548614
1.3519548614
1.3529548614
1.3539548614
1.3549548614
1.3559548614
1.3569548614
1.3579548614
1.3589548614
1.3599548614
1.3609548614
1.3619548614
1.3629548614
1.3639548614
1.3649548614
1.3659548614
1.3669548614
1.3679548614
1.3689548614
1.3699548614
1.3709548614
1.3719548614
1.3729548614
1.3739548614
1.3749548614
1.3759548614
1.3769548614
1.3779548614
1.3789548614
1.3799548614
1.3809548614
1.3819548614
1.3829548614
1.3839548614
1.3849548614
1.3859548614
1.3869548614
1.3879548614
1.3889548614
1.3899548614
1.3909548614
1.3919548614
1.3929548614
1.3939548614
1.3949548614
1.3959548614
1.3969548614
1.3979548614
1.3989548614
1.3999548614
1.4009548614
1.4019548614
1.4029548614
1.4039548614
1.4049548614
