# $W$ = 300 nm, $h$ = 300 nm, $s$ = 20 nm, $d/W = 5$, $E_{\rm e}$ = 200 keV
1.1707987072
1.1717987072
1.1727987072
1.1737987072
1.1747987072
1.1757987072
1.1767987072
1.1777987072
1.1787987072
1.1797987072
1.1807987072
1.1817987072
1.1827987072
1.1837987072
1.1847987072
1.1857987072
1.1867987072
1.1877987072
1.1887987072
1.1897987072
1.1907987072
1.1917987072
1.1927987072
1.1937987072
1.1947987072
1.1957987072
1.1967987072
1.1977987072
1.1987987072
1.1997987072
1.2007987072
1.2017987072
1.2027987072
1.2037987072
1.2047987072
1.2057987072
1.2067987072
1.2077987072
1.2087987072
1.2097987072
1.2107987072
1.2117987072
1.2127987072
1.2137987072
1.2147987072
1.2157987072
1.2167987072
1.2177987072
1.2187987072
1.2197987072
1.2207987072
1.2217987072
1.2227987072
1.2237987072
1.2247987072
1.2257987072
1.2267987072
1.2277987072
1.2287987072
1.2297987072
1.2307987072
1.2317987072
1.2327987072
1.2337987072
1.2347987072
1.2357987072
1.2367987072
1.2377987072
1.2387987072
1.2397987072
1.2407987072
1.2417987072
1.2427987072
1.2437987072
1.2447987072
1.2457987072
1.2467987072
1.2477987072
1.2487987072
1.2497987072
1.2507987072
1.2517987072
1.2527987072
1.2537987072
1.2547987072
1.2557987072
1.2567987072
1.2577987072
1.2587987072
1.2597987072
1.2607987072
1.2617987072
1.2627987072
1.2637987072
1.2647987072
1.2657987072
1.2667987072
1.2677987072
1.2687987072
1.2697987072
1.2707987072
1.2717987072
1.2727987072
1.2737987072
