# $W$ = 300 nm, $h$ = 300 nm, $s$ = 20 nm, $d/W = 5$, $E_{\rm e}$ = 200 keV
1.3018586565
1.3028586565
1.3038586565
1.3048586565
1.3058586565
1.3068586565
1.3078586565
1.3088586565
1.3098586565
1.3108586565
1.3118586565
1.3128586565
1.3138586565
1.3148586565
1.3158586565
1.3168586565
1.3178586565
1.3188586565
1.3198586565
1.3208586565
1.3218586565
1.3228586565
1.3238586565
1.3248586565
1.3258586565
1.3268586565
1.3278586565
1.3288586565
1.3298586565
1.3308586565
1.3318586565
1.3328586565
1.3338586565
1.3348586565
1.3358586565
1.3368586565
1.3378586565
1.3388586565
1.3398586565
1.3408586565
1.3418586565
1.3428586565
1.3438586565
1.3448586565
1.3458586565
1.3468586565
1.3478586565
1.3488586565
1.3498586565
1.3508586565
1.3518586565
1.3528586565
1.3538586565
1.3548586565
1.3558586565
1.3568586565
1.3578586565
1.3588586565
1.3598586565
1.3608586565
1.3618586565
1.3628586565
1.3638586565
1.3648586565
1.3658586565
1.3668586565
1.3678586565
1.3688586565
1.3698586565
1.3708586565
1.3718586565
1.3728586565
1.3738586565
1.3748586565
1.3758586565
1.3768586565
1.3778586565
1.3788586565
1.3798586565
1.3808586565
1.3818586565
1.3828586565
1.3838586565
1.3848586565
1.3858586565
1.3868586565
1.3878586565
1.3888586565
1.3898586565
1.3908586565
1.3918586565
1.3928586565
1.3938586565
1.3948586565
1.3958586565
1.3968586565
1.3978586565
1.3988586565
1.3998586565
1.4008586565
1.4018586565
1.4028586565
