# $W$ = 300 nm, $h$ = 300 nm, $s$ = 20 nm, $d/W = 5$, $E_{\rm e}$ = 200 keV
1.1707435375
1.1717435375
1.1727435375
1.1737435375
1.1747435375
1.1757435375
1.1767435375
1.1777435375
1.1787435375
1.1797435375
1.1807435375
1.1817435375
1.1827435375
1.1837435375
1.1847435375
1.1857435375
1.1867435375
1.1877435375
1.1887435375
1.1897435375
1.1907435375
1.1917435375
1.1927435375
1.1937435375
1.1947435375
1.1957435375
1.1967435375
1.1977435375
1.1987435375
1.1997435375
1.2007435375
1.2017435375
1.2027435375
1.2037435375
1.2047435375
1.2057435375
1.2067435375
1.2077435375
1.2087435375
1.2097435375
1.2107435375
1.2117435375
1.2127435375
1.2137435375
1.2147435375
1.2157435375
1.2167435375
1.2177435375
1.2187435375
1.2197435375
1.2207435375
1.2217435375
1.2227435375
1.2237435375
1.2247435375
1.2257435375
1.2267435375
1.2277435375
1.2287435375
1.2297435375
1.2307435375
1.2317435375
1.2327435375
1.2337435375
1.2347435375
1.2357435375
1.2367435375
1.2377435375
1.2387435375
1.2397435375
1.2407435375
1.2417435375
1.2427435375
1.2437435375
1.2447435375
1.2457435375
1.2467435375
1.2477435375
1.2487435375
1.2497435375
1.2507435375
1.2517435375
1.2527435375
1.2537435375
1.2547435375
1.2557435375
1.2567435375
1.2577435375
1.2587435375
1.2597435375
1.2607435375
1.2617435375
1.2627435375
1.2637435375
1.2647435375
1.2657435375
1.2667435375
1.2677435375
1.2687435375
1.2697435375
1.2707435375
1.2717435375
1.2727435375
1.2737435375
