# $W$ = 300 nm, $h$ = 300 nm, $s$ = 20 nm, $d/W = 5$, $E_{\rm e}$ = 200 keV
1.1707434798
1.1717434798
1.1727434798
1.1737434798
1.1747434798
1.1757434798
1.1767434798
1.1777434798
1.1787434798
1.1797434798
1.1807434798
1.1817434798
1.1827434798
1.1837434798
1.1847434798
1.1857434798
1.1867434798
1.1877434798
1.1887434798
1.1897434798
1.1907434798
1.1917434798
1.1927434798
1.1937434798
1.1947434798
1.1957434798
1.1967434798
1.1977434798
1.1987434798
1.1997434798
1.2007434798
1.2017434798
1.2027434798
1.2037434798
1.2047434798
1.2057434798
1.2067434798
1.2077434798
1.2087434798
1.2097434798
1.2107434798
1.2117434798
1.2127434798
1.2137434798
1.2147434798
1.2157434798
1.2167434798
1.2177434798
1.2187434798
1.2197434798
1.2207434798
1.2217434798
1.2227434798
1.2237434798
1.2247434798
1.2257434798
1.2267434798
1.2277434798
1.2287434798
1.2297434798
1.2307434798
1.2317434798
1.2327434798
1.2337434798
1.2347434798
1.2357434798
1.2367434798
1.2377434798
1.2387434798
1.2397434798
1.2407434798
1.2417434798
1.2427434798
1.2437434798
1.2447434798
1.2457434798
1.2467434798
1.2477434798
1.2487434798
1.2497434798
1.2507434798
1.2517434798
1.2527434798
1.2537434798
1.2547434798
1.2557434798
1.2567434798
1.2577434798
1.2587434798
1.2597434798
1.2607434798
1.2617434798
1.2627434798
1.2637434798
1.2647434798
1.2657434798
1.2667434798
1.2677434798
1.2687434798
1.2697434798
1.2707434798
1.2717434798
1.2727434798
1.2737434798
