# $W$ = 300 nm, $h$ = 300 nm, $s$ = 20 nm, $d/W = 5$, $E_{\rm e}$ = 200 keV
1.2999299447
1.3009299447
1.3019299447
1.3029299447
1.3039299447
1.3049299447
1.3059299447
1.3069299447
1.3079299447
1.3089299447
1.3099299447
1.3109299447
1.3119299447
1.3129299447
1.3139299447
1.3149299447
1.3159299447
1.3169299447
1.3179299447
1.3189299447
1.3199299447
1.3209299447
1.3219299447
1.3229299447
1.3239299447
1.3249299447
1.3259299447
1.3269299447
1.3279299447
1.3289299447
1.3299299447
1.3309299447
1.3319299447
1.3329299447
1.3339299447
1.3349299447
1.3359299447
1.3369299447
1.3379299447
1.3389299447
1.3399299447
1.3409299447
1.3419299447
1.3429299447
1.3439299447
1.3449299447
1.3459299447
1.3469299447
1.3479299447
1.3489299447
1.3499299447
1.3509299447
1.3519299447
1.3529299447
1.3539299447
1.3549299447
1.3559299447
1.3569299447
1.3579299447
1.3589299447
1.3599299447
1.3609299447
1.3619299447
1.3629299447
1.3639299447
1.3649299447
1.3659299447
1.3669299447
1.3679299447
1.3689299447
1.3699299447
1.3709299447
1.3719299447
1.3729299447
1.3739299447
1.3749299447
1.3759299447
1.3769299447
1.3779299447
1.3789299447
1.3799299447
1.3809299447
1.3819299447
1.3829299447
1.3839299447
1.3849299447
1.3859299447
1.3869299447
1.3879299447
1.3889299447
1.3899299447
1.3909299447
1.3919299447
1.3929299447
1.3939299447
1.3949299447
1.3959299447
1.3969299447
1.3979299447
1.3989299447
1.3999299447
1.4009299447
1.4019299447
1.4029299447
1.4039299447
1.4049299447
