# $W$ = 300 nm, $h$ = 300 nm, $s$ = 20 nm, $d/W = 5$, $E_{\rm e}$ = 200 keV
1.6841754677
1.6851754677
1.6861754677
1.6871754677
1.6881754677
1.6891754677
1.6901754677
1.6911754677
1.6921754677
1.6931754677
1.6941754677
1.6951754677
1.6961754677
1.6971754677
1.6981754677
1.6991754677
1.7001754677
1.7011754677
1.7021754677
1.7031754677
1.7041754677
1.7051754677
1.7061754677
1.7071754677
1.7081754677
1.7091754677
1.7101754677
1.7111754677
1.7121754677
1.7131754677
1.7141754677
1.7151754677
1.7161754677
1.7171754677
1.7181754677
1.7191754677
1.7201754677
1.7211754677
1.7221754677
1.7231754677
1.7241754677
1.7251754677
1.7261754677
1.7271754677
1.7281754677
1.7291754677
1.7301754677
1.7311754677
1.7321754677
1.7331754677
1.7341754677
1.7351754677
1.7361754677
1.7371754677
1.7381754677
1.7391754677
1.7401754677
1.7411754677
1.7421754677
1.7431754677
1.7441754677
1.7451754677
1.7461754677
1.7471754677
1.7481754677
1.7491754677
1.7501754677
1.7511754677
1.7521754677
1.7531754677
1.7541754677
1.7551754677
1.7561754677
1.7571754677
1.7581754677
1.7591754677
1.7601754677
1.7611754677
1.7621754677
1.7631754677
1.7641754677
1.7651754677
1.7661754677
1.7671754677
1.7681754677
1.7691754677
1.7701754677
1.7711754677
1.7721754677
1.7731754677
1.7741754677
1.7751754677
1.7761754677
1.7771754677
1.7781754677
1.7791754677
1.7801754677
1.7811754677
1.7821754677
1.7831754677
1.7841754677
1.7851754677
1.7861754677
1.7871754677
1.7881754677
1.7891754677
1.7901754677
1.7911754677
1.7921754677
1.7931754677
1.7941754677
1.7951754677
1.7961754677
1.7971754677
1.7981754677
1.7991754677
1.8001754677
1.8011754677
1.8021754677
1.8031754677
1.8041754677
1.8051754677
1.8061754677
1.8071754677
1.8081754677
1.8091754677
1.8101754677
1.8111754677
1.8121754677
1.8131754677
1.8141754677
1.8151754677
1.8161754677
1.8171754677
1.8181754677
1.8191754677
1.8201754677
1.8211754677
1.8221754677
1.8231754677
1.8241754677
1.8251754677
1.8261754677
1.8271754677
1.8281754677
1.8291754677
1.8301754677
1.8311754677
1.8321754677
1.8331754677
1.8341754677
1.8351754677
1.8361754677
1.8371754677
1.8381754677
1.8391754677
1.8401754677
1.8411754677
1.8421754677
1.8431754677
1.8441754677
1.8451754677
1.8461754677
1.8471754677
1.8481754677
1.8491754677
1.8501754677
1.8511754677
1.8521754677
1.8531754677
1.8541754677
1.8551754677
1.8561754677
1.8571754677
1.8581754677
1.8591754677
1.8601754677
1.8611754677
1.8621754677
1.8631754677
1.8641754677
1.8651754677
1.8661754677
1.8671754677
1.8681754677
1.8691754677
1.8701754677
1.8711754677
1.8721754677
1.8731754677
1.8741754677
1.8751754677
1.8761754677
1.8771754677
1.8781754677
1.8791754677
1.8801754677
1.8811754677
1.8821754677
1.8831754677
1.8841754677
1.8851754677
1.8861754677
1.8871754677
1.8881754677
1.8891754677
1.8901754677
1.8911754677
1.8921754677
1.8931754677
1.8941754677
1.8951754677
1.8961754677
1.8971754677
