# $W$ = 300 nm, $h$ = 300 nm, $s$ = 20 nm, $d/W = 5$, $E_{\rm e}$ = 200 keV
0.7186287246
0.7196287246
0.7206287246
0.7216287246
0.7226287246
0.7236287246
0.7246287246
0.7256287246
0.7266287246
0.7276287246
0.7286287246
0.7296287246
0.7306287246
0.7316287246
0.7326287246
0.7336287246
0.7346287246
0.7356287246
0.7366287246
0.7376287246
0.7386287246
0.7396287246
0.7406287246
0.7416287246
0.7426287246
0.7436287246
0.7446287246
0.7456287246
0.7466287246
0.7476287246
0.7486287246
0.7496287246
0.7506287246
0.7516287246
0.7526287246
0.7536287246
0.7546287246
0.7556287246
0.7566287246
0.7576287246
0.7586287246
0.7596287246
0.7606287246
0.7616287246
0.7626287246
0.7636287246
0.7646287246
0.7656287246
0.7666287246
0.7676287246
0.7686287246
0.7696287246
0.7706287246
0.7716287246
0.7726287246
0.7736287246
0.7746287246
0.7756287246
0.7766287246
0.7776287246
0.7786287246
0.7796287246
0.7806287246
