# $W$ = 300 nm, $h$ = 300 nm, $s$ = 20 nm, $d/W = 5$, $E_{\rm e}$ = 200 keV
1.2999812246
1.3009812246
1.3019812246
1.3029812246
1.3039812246
1.3049812246
1.3059812246
1.3069812246
1.3079812246
1.3089812246
1.3099812246
1.3109812246
1.3119812246
1.3129812246
1.3139812246
1.3149812246
1.3159812246
1.3169812246
1.3179812246
1.3189812246
1.3199812246
1.3209812246
1.3219812246
1.3229812246
1.3239812246
1.3249812246
1.3259812246
1.3269812246
1.3279812246
1.3289812246
1.3299812246
1.3309812246
1.3319812246
1.3329812246
1.3339812246
1.3349812246
1.3359812246
1.3369812246
1.3379812246
1.3389812246
1.3399812246
1.3409812246
1.3419812246
1.3429812246
1.3439812246
1.3449812246
1.3459812246
1.3469812246
1.3479812246
1.3489812246
1.3499812246
1.3509812246
1.3519812246
1.3529812246
1.3539812246
1.3549812246
1.3559812246
1.3569812246
1.3579812246
1.3589812246
1.3599812246
1.3609812246
1.3619812246
1.3629812246
1.3639812246
1.3649812246
1.3659812246
1.3669812246
1.3679812246
1.3689812246
1.3699812246
1.3709812246
1.3719812246
1.3729812246
1.3739812246
1.3749812246
1.3759812246
1.3769812246
1.3779812246
1.3789812246
1.3799812246
1.3809812246
1.3819812246
1.3829812246
1.3839812246
1.3849812246
1.3859812246
1.3869812246
1.3879812246
1.3889812246
1.3899812246
1.3909812246
1.3919812246
1.3929812246
1.3939812246
1.3949812246
1.3959812246
1.3969812246
1.3979812246
1.3989812246
1.3999812246
1.4009812246
1.4019812246
1.4029812246
1.4039812246
1.4049812246
