# $W$ = 300 nm, $h$ = 300 nm, $s$ = 20 nm, $d/W = 5$, $E_{\rm e}$ = 200 keV
1.2981854173
1.2991854173
1.3001854173
1.3011854173
1.3021854173
1.3031854173
1.3041854173
1.3051854173
1.3061854173
1.3071854173
1.3081854173
1.3091854173
1.3101854173
1.3111854173
1.3121854173
1.3131854173
1.3141854173
1.3151854173
1.3161854173
1.3171854173
1.3181854173
1.3191854173
1.3201854173
1.3211854173
1.3221854173
1.3231854173
1.3241854173
1.3251854173
1.3261854173
1.3271854173
1.3281854173
1.3291854173
1.3301854173
1.3311854173
1.3321854173
1.3331854173
1.3341854173
1.3351854173
1.3361854173
1.3371854173
1.3381854173
1.3391854173
1.3401854173
1.3411854173
1.3421854173
1.3431854173
1.3441854173
1.3451854173
1.3461854173
1.3471854173
1.3481854173
1.3491854173
1.3501854173
1.3511854173
1.3521854173
1.3531854173
1.3541854173
1.3551854173
1.3561854173
1.3571854173
1.3581854173
1.3591854173
1.3601854173
1.3611854173
1.3621854173
1.3631854173
1.3641854173
1.3651854173
1.3661854173
1.3671854173
1.3681854173
1.3691854173
1.3701854173
1.3711854173
1.3721854173
1.3731854173
1.3741854173
1.3751854173
1.3761854173
1.3771854173
1.3781854173
1.3791854173
1.3801854173
1.3811854173
1.3821854173
1.3831854173
1.3841854173
1.3851854173
1.3861854173
1.3871854173
1.3881854173
1.3891854173
1.3901854173
1.3911854173
1.3921854173
1.3931854173
1.3941854173
1.3951854173
1.3961854173
1.3971854173
1.3981854173
1.3991854173
1.4001854173
1.4011854173
1.4021854173
1.4031854173
1.4041854173
1.4051854173
1.4061854173
1.4071854173
