# $W$ = 400 nm, $h$ = 300 nm, $s$ = 20 nm, $d/W = 5$, $E_{\rm e}$ = 200 keV
0.6729772328
0.6739772328
0.6749772328
0.6759772328
0.6769772328
0.6779772328
0.6789772328
0.6799772328
0.6809772328
0.6819772328
0.6829772328
0.6839772328
0.6849772328
0.6859772328
0.6869772328
0.6879772328
0.6889772328
0.6899772328
0.6909772328
0.6919772328
0.6929772328
0.6939772328
0.6949772328
0.6959772328
0.6969772328
0.6979772328
0.6989772328
0.6999772328
0.7009772328
0.7019772328
0.7029772328
0.7039772328
0.7049772328
0.7059772328
0.7069772328
0.7079772328
0.7089772328
0.7099772328
0.7109772328
0.7119772328
0.7129772328
0.7139772328
0.7149772328
0.7159772328
0.7169772328
0.7179772328
0.7189772328
0.7199772328
0.7209772328
0.7219772328
0.7229772328
0.7239772328
0.7249772328
0.7259772328
0.7269772328
0.7279772328
0.7289772328
0.7299772328
