# $W$ = 300 nm, $h$ = 300 nm, $s$ = 20 nm, $d/W = 5$, $E_{\rm e}$ = 200 keV
0.7186327219
0.7196327219
0.7206327219
0.7216327219
0.7226327219
0.7236327219
0.7246327219
0.7256327219
0.7266327219
0.7276327219
0.7286327219
0.7296327219
0.7306327219
0.7316327219
0.7326327219
0.7336327219
0.7346327219
0.7356327219
0.7366327219
0.7376327219
0.7386327219
0.7396327219
0.7406327219
0.7416327219
0.7426327219
0.7436327219
0.7446327219
0.7456327219
0.7466327219
0.7476327219
0.7486327219
0.7496327219
0.7506327219
0.7516327219
0.7526327219
0.7536327219
0.7546327219
0.7556327219
0.7566327219
0.7576327219
0.7586327219
0.7596327219
0.7606327219
0.7616327219
0.7626327219
0.7636327219
0.7646327219
0.7656327219
0.7666327219
0.7676327219
0.7686327219
0.7696327219
0.7706327219
0.7716327219
0.7726327219
0.7736327219
0.7746327219
0.7756327219
0.7766327219
0.7776327219
0.7786327219
0.7796327219
0.7806327219
