# $W$ = 300 nm, $h$ = 300 nm, $s$ = 20 nm, $d/W = 5$, $E_{\rm e}$ = 200 keV
1.6842156000
1.6852156000
1.6862156000
1.6872156000
1.6882156000
1.6892156000
1.6902156000
1.6912156000
1.6922156000
1.6932156000
1.6942156000
1.6952156000
1.6962156000
1.6972156000
1.6982156000
1.6992156000
1.7002156000
1.7012156000
1.7022156000
1.7032156000
1.7042156000
1.7052156000
1.7062156000
1.7072156000
1.7082156000
1.7092156000
1.7102156000
1.7112156000
1.7122156000
1.7132156000
1.7142156000
1.7152156000
1.7162156000
1.7172156000
1.7182156000
1.7192156000
1.7202156000
1.7212156000
1.7222156000
1.7232156000
1.7242156000
1.7252156000
1.7262156000
1.7272156000
1.7282156000
1.7292156000
1.7302156000
1.7312156000
1.7322156000
1.7332156000
1.7342156000
1.7352156000
1.7362156000
1.7372156000
1.7382156000
1.7392156000
1.7402156000
1.7412156000
1.7422156000
1.7432156000
1.7442156000
1.7452156000
1.7462156000
1.7472156000
1.7482156000
1.7492156000
1.7502156000
1.7512156000
1.7522156000
1.7532156000
1.7542156000
1.7552156000
1.7562156000
1.7572156000
1.7582156000
1.7592156000
1.7602156000
1.7612156000
1.7622156000
1.7632156000
1.7642156000
1.7652156000
1.7662156000
1.7672156000
1.7682156000
1.7692156000
1.7702156000
1.7712156000
1.7722156000
1.7732156000
1.7742156000
1.7752156000
1.7762156000
1.7772156000
1.7782156000
1.7792156000
1.7802156000
1.7812156000
1.7822156000
1.7832156000
1.7842156000
1.7852156000
1.7862156000
1.7872156000
1.7882156000
1.7892156000
1.7902156000
1.7912156000
1.7922156000
1.7932156000
1.7942156000
1.7952156000
1.7962156000
1.7972156000
1.7982156000
1.7992156000
1.8002156000
1.8012156000
1.8022156000
1.8032156000
1.8042156000
1.8052156000
1.8062156000
1.8072156000
1.8082156000
1.8092156000
1.8102156000
1.8112156000
1.8122156000
1.8132156000
1.8142156000
1.8152156000
1.8162156000
1.8172156000
1.8182156000
1.8192156000
1.8202156000
1.8212156000
1.8222156000
1.8232156000
1.8242156000
1.8252156000
1.8262156000
1.8272156000
1.8282156000
1.8292156000
1.8302156000
1.8312156000
1.8322156000
1.8332156000
1.8342156000
1.8352156000
1.8362156000
1.8372156000
1.8382156000
1.8392156000
1.8402156000
1.8412156000
1.8422156000
1.8432156000
1.8442156000
1.8452156000
1.8462156000
1.8472156000
1.8482156000
1.8492156000
1.8502156000
1.8512156000
1.8522156000
1.8532156000
1.8542156000
1.8552156000
1.8562156000
1.8572156000
1.8582156000
1.8592156000
1.8602156000
1.8612156000
1.8622156000
1.8632156000
1.8642156000
1.8652156000
1.8662156000
1.8672156000
1.8682156000
1.8692156000
1.8702156000
1.8712156000
1.8722156000
1.8732156000
1.8742156000
1.8752156000
1.8762156000
1.8772156000
1.8782156000
1.8792156000
1.8802156000
1.8812156000
1.8822156000
1.8832156000
1.8842156000
1.8852156000
1.8862156000
1.8872156000
1.8882156000
1.8892156000
1.8902156000
1.8912156000
1.8922156000
1.8932156000
1.8942156000
1.8952156000
1.8962156000
1.8972156000
