# $W$ = 300 nm, $h$ = 300 nm, $s$ = 20 nm, $d/W = 5$, $E_{\rm e}$ = 200 keV
1.2999941840
1.3009941840
1.3019941840
1.3029941840
1.3039941840
1.3049941840
1.3059941840
1.3069941840
1.3079941840
1.3089941840
1.3099941840
1.3109941840
1.3119941840
1.3129941840
1.3139941840
1.3149941840
1.3159941840
1.3169941840
1.3179941840
1.3189941840
1.3199941840
1.3209941840
1.3219941840
1.3229941840
1.3239941840
1.3249941840
1.3259941840
1.3269941840
1.3279941840
1.3289941840
1.3299941840
1.3309941840
1.3319941840
1.3329941840
1.3339941840
1.3349941840
1.3359941840
1.3369941840
1.3379941840
1.3389941840
1.3399941840
1.3409941840
1.3419941840
1.3429941840
1.3439941840
1.3449941840
1.3459941840
1.3469941840
1.3479941840
1.3489941840
1.3499941840
1.3509941840
1.3519941840
1.3529941840
1.3539941840
1.3549941840
1.3559941840
1.3569941840
1.3579941840
1.3589941840
1.3599941840
1.3609941840
1.3619941840
1.3629941840
1.3639941840
1.3649941840
1.3659941840
1.3669941840
1.3679941840
1.3689941840
1.3699941840
1.3709941840
1.3719941840
1.3729941840
1.3739941840
1.3749941840
1.3759941840
1.3769941840
1.3779941840
1.3789941840
1.3799941840
1.3809941840
1.3819941840
1.3829941840
1.3839941840
1.3849941840
1.3859941840
1.3869941840
1.3879941840
1.3889941840
1.3899941840
1.3909941840
1.3919941840
1.3929941840
1.3939941840
1.3949941840
1.3959941840
1.3969941840
1.3979941840
1.3989941840
1.3999941840
1.4009941840
1.4019941840
1.4029941840
1.4039941840
1.4049941840
