# $W$ = 300 nm, $h$ = 300 nm, $s$ = 20 nm, $d/W = 5$, $E_{\rm e}$ = 200 keV
1.1707434808
1.1717434808
1.1727434808
1.1737434808
1.1747434808
1.1757434808
1.1767434808
1.1777434808
1.1787434808
1.1797434808
1.1807434808
1.1817434808
1.1827434808
1.1837434808
1.1847434808
1.1857434808
1.1867434808
1.1877434808
1.1887434808
1.1897434808
1.1907434808
1.1917434808
1.1927434808
1.1937434808
1.1947434808
1.1957434808
1.1967434808
1.1977434808
1.1987434808
1.1997434808
1.2007434808
1.2017434808
1.2027434808
1.2037434808
1.2047434808
1.2057434808
1.2067434808
1.2077434808
1.2087434808
1.2097434808
1.2107434808
1.2117434808
1.2127434808
1.2137434808
1.2147434808
1.2157434808
1.2167434808
1.2177434808
1.2187434808
1.2197434808
1.2207434808
1.2217434808
1.2227434808
1.2237434808
1.2247434808
1.2257434808
1.2267434808
1.2277434808
1.2287434808
1.2297434808
1.2307434808
1.2317434808
1.2327434808
1.2337434808
1.2347434808
1.2357434808
1.2367434808
1.2377434808
1.2387434808
1.2397434808
1.2407434808
1.2417434808
1.2427434808
1.2437434808
1.2447434808
1.2457434808
1.2467434808
1.2477434808
1.2487434808
1.2497434808
1.2507434808
1.2517434808
1.2527434808
1.2537434808
1.2547434808
1.2557434808
1.2567434808
1.2577434808
1.2587434808
1.2597434808
1.2607434808
1.2617434808
1.2627434808
1.2637434808
1.2647434808
1.2657434808
1.2667434808
1.2677434808
1.2687434808
1.2697434808
1.2707434808
1.2717434808
1.2727434808
1.2737434808
