# $W$ = 300 nm, $h$ = 300 nm, $s$ = 20 nm, $d/W = 5$, $E_{\rm e}$ = 200 keV
0.7186326456
0.7196326456
0.7206326456
0.7216326456
0.7226326456
0.7236326456
0.7246326456
0.7256326456
0.7266326456
0.7276326456
0.7286326456
0.7296326456
0.7306326456
0.7316326456
0.7326326456
0.7336326456
0.7346326456
0.7356326456
0.7366326456
0.7376326456
0.7386326456
0.7396326456
0.7406326456
0.7416326456
0.7426326456
0.7436326456
0.7446326456
0.7456326456
0.7466326456
0.7476326456
0.7486326456
0.7496326456
0.7506326456
0.7516326456
0.7526326456
0.7536326456
0.7546326456
0.7556326456
0.7566326456
0.7576326456
0.7586326456
0.7596326456
0.7606326456
0.7616326456
0.7626326456
0.7636326456
0.7646326456
0.7656326456
0.7666326456
0.7676326456
0.7686326456
0.7696326456
0.7706326456
0.7716326456
0.7726326456
0.7736326456
0.7746326456
0.7756326456
0.7766326456
0.7776326456
0.7786326456
0.7796326456
0.7806326456
