# $W$ = 400 nm, $h$ = 300 nm, $s$ = 20 nm, $d/W = 5$, $E_{\rm e}$ = 200 keV
1.6406540435
1.6416540435
1.6426540435
1.6436540435
1.6446540435
1.6456540435
1.6466540435
1.6476540435
1.6486540435
1.6496540435
1.6506540435
1.6516540435
1.6526540435
1.6536540435
1.6546540435
1.6556540435
1.6566540435
1.6576540435
1.6586540435
1.6596540435
1.6606540435
1.6616540435
1.6626540435
1.6636540435
1.6646540435
1.6656540435
1.6666540435
1.6676540435
1.6686540435
1.6696540435
1.6706540435
1.6716540435
1.6726540435
1.6736540435
1.6746540435
1.6756540435
1.6766540435
1.6776540435
1.6786540435
1.6796540435
1.6806540435
1.6816540435
1.6826540435
1.6836540435
1.6846540435
1.6856540435
1.6866540435
1.6876540435
1.6886540435
1.6896540435
1.6906540435
1.6916540435
1.6926540435
1.6936540435
1.6946540435
1.6956540435
1.6966540435
1.6976540435
1.6986540435
1.6996540435
1.7006540435
1.7016540435
1.7026540435
1.7036540435
1.7046540435
1.7056540435
1.7066540435
1.7076540435
1.7086540435
1.7096540435
1.7106540435
1.7116540435
1.7126540435
1.7136540435
1.7146540435
1.7156540435
1.7166540435
1.7176540435
1.7186540435
1.7196540435
1.7206540435
1.7216540435
1.7226540435
1.7236540435
1.7246540435
1.7256540435
1.7266540435
1.7276540435
1.7286540435
1.7296540435
1.7306540435
1.7316540435
1.7326540435
1.7336540435
1.7346540435
1.7356540435
1.7366540435
1.7376540435
1.7386540435
1.7396540435
1.7406540435
1.7416540435
1.7426540435
1.7436540435
1.7446540435
1.7456540435
1.7466540435
1.7476540435
1.7486540435
1.7496540435
1.7506540435
1.7516540435
1.7526540435
1.7536540435
1.7546540435
1.7556540435
1.7566540435
1.7576540435
1.7586540435
1.7596540435
1.7606540435
1.7616540435
1.7626540435
1.7636540435
1.7646540435
1.7656540435
1.7666540435
1.7676540435
1.7686540435
1.7696540435
1.7706540435
1.7716540435
1.7726540435
1.7736540435
1.7746540435
1.7756540435
1.7766540435
1.7776540435
1.7786540435
1.7796540435
1.7806540435
1.7816540435
1.7826540435
1.7836540435
1.7846540435
1.7856540435
1.7866540435
1.7876540435
1.7886540435
1.7896540435
1.7906540435
1.7916540435
1.7926540435
1.7936540435
1.7946540435
1.7956540435
1.7966540435
1.7976540435
1.7986540435
1.7996540435
1.8006540435
1.8016540435
1.8026540435
1.8036540435
1.8046540435
1.8056540435
1.8066540435
1.8076540435
1.8086540435
1.8096540435
1.8106540435
1.8116540435
1.8126540435
1.8136540435
1.8146540435
1.8156540435
1.8166540435
1.8176540435
1.8186540435
1.8196540435
1.8206540435
1.8216540435
1.8226540435
1.8236540435
1.8246540435
1.8256540435
1.8266540435
1.8276540435
1.8286540435
1.8296540435
1.8306540435
1.8316540435
1.8326540435
1.8336540435
1.8346540435
1.8356540435
1.8366540435
1.8376540435
1.8386540435
1.8396540435
1.8406540435
1.8416540435
1.8426540435
1.8436540435
1.8446540435
1.8456540435
1.8466540435
1.8476540435
1.8486540435
1.8496540435
1.8506540435
1.8516540435
1.8526540435
1.8536540435
1.8546540435
1.8556540435
1.8566540435
1.8576540435
1.8586540435
1.8596540435
1.8606540435
1.8616540435
1.8626540435
1.8636540435
1.8646540435
