# $W$ = 300 nm, $h$ = 300 nm, $s$ = 20 nm, $d/W = 5$, $E_{\rm e}$ = 200 keV
1.2981894394
1.2991894394
1.3001894394
1.3011894394
1.3021894394
1.3031894394
1.3041894394
1.3051894394
1.3061894394
1.3071894394
1.3081894394
1.3091894394
1.3101894394
1.3111894394
1.3121894394
1.3131894394
1.3141894394
1.3151894394
1.3161894394
1.3171894394
1.3181894394
1.3191894394
1.3201894394
1.3211894394
1.3221894394
1.3231894394
1.3241894394
1.3251894394
1.3261894394
1.3271894394
1.3281894394
1.3291894394
1.3301894394
1.3311894394
1.3321894394
1.3331894394
1.3341894394
1.3351894394
1.3361894394
1.3371894394
1.3381894394
1.3391894394
1.3401894394
1.3411894394
1.3421894394
1.3431894394
1.3441894394
1.3451894394
1.3461894394
1.3471894394
1.3481894394
1.3491894394
1.3501894394
1.3511894394
1.3521894394
1.3531894394
1.3541894394
1.3551894394
1.3561894394
1.3571894394
1.3581894394
1.3591894394
1.3601894394
1.3611894394
1.3621894394
1.3631894394
1.3641894394
1.3651894394
1.3661894394
1.3671894394
1.3681894394
1.3691894394
1.3701894394
1.3711894394
1.3721894394
1.3731894394
1.3741894394
1.3751894394
1.3761894394
1.3771894394
1.3781894394
1.3791894394
1.3801894394
1.3811894394
1.3821894394
1.3831894394
1.3841894394
1.3851894394
1.3861894394
1.3871894394
1.3881894394
1.3891894394
1.3901894394
1.3911894394
1.3921894394
1.3931894394
1.3941894394
1.3951894394
1.3961894394
1.3971894394
1.3981894394
1.3991894394
1.4001894394
1.4011894394
1.4021894394
1.4031894394
1.4041894394
1.4051894394
1.4061894394
1.4071894394
