# $W$ = 300 nm, $h$ = 300 nm, $s$ = 20 nm, $d/W = 5$, $E_{\rm e}$ = 200 keV
0.7186368084
0.7196368084
0.7206368084
0.7216368084
0.7226368084
0.7236368084
0.7246368084
0.7256368084
0.7266368084
0.7276368084
0.7286368084
0.7296368084
0.7306368084
0.7316368084
0.7326368084
0.7336368084
0.7346368084
0.7356368084
0.7366368084
0.7376368084
0.7386368084
0.7396368084
0.7406368084
0.7416368084
0.7426368084
0.7436368084
0.7446368084
0.7456368084
0.7466368084
0.7476368084
0.7486368084
0.7496368084
0.7506368084
0.7516368084
0.7526368084
0.7536368084
0.7546368084
0.7556368084
0.7566368084
0.7576368084
0.7586368084
0.7596368084
0.7606368084
0.7616368084
0.7626368084
0.7636368084
0.7646368084
0.7656368084
0.7666368084
0.7676368084
0.7686368084
0.7696368084
0.7706368084
0.7716368084
0.7726368084
0.7736368084
0.7746368084
0.7756368084
0.7766368084
0.7776368084
0.7786368084
0.7796368084
0.7806368084
