# $W$ = 400 nm, $h$ = 300 nm, $s$ = 20 nm, $d/W = 5$, $E_{\rm e}$ = 200 keV
1.2089344162
1.2099344162
1.2109344162
1.2119344162
1.2129344162
1.2139344162
1.2149344162
1.2159344162
1.2169344162
1.2179344162
1.2189344162
1.2199344162
1.2209344162
1.2219344162
1.2229344162
1.2239344162
1.2249344162
1.2259344162
1.2269344162
1.2279344162
1.2289344162
1.2299344162
1.2309344162
1.2319344162
1.2329344162
1.2339344162
1.2349344162
1.2359344162
1.2369344162
1.2379344162
1.2389344162
1.2399344162
1.2409344162
1.2419344162
1.2429344162
1.2439344162
1.2449344162
1.2459344162
1.2469344162
1.2479344162
1.2489344162
1.2499344162
1.2509344162
1.2519344162
1.2529344162
1.2539344162
1.2549344162
1.2559344162
1.2569344162
1.2579344162
1.2589344162
1.2599344162
1.2609344162
1.2619344162
1.2629344162
1.2639344162
1.2649344162
1.2659344162
1.2669344162
1.2679344162
1.2689344162
1.2699344162
1.2709344162
1.2719344162
1.2729344162
1.2739344162
1.2749344162
1.2759344162
1.2769344162
1.2779344162
1.2789344162
1.2799344162
1.2809344162
1.2819344162
1.2829344162
1.2839344162
1.2849344162
1.2859344162
1.2869344162
1.2879344162
1.2889344162
1.2899344162
1.2909344162
1.2919344162
1.2929344162
1.2939344162
1.2949344162
1.2959344162
1.2969344162
1.2979344162
1.2989344162
1.2999344162
1.3009344162
1.3019344162
1.3029344162
1.3039344162
1.3049344162
1.3059344162
1.3069344162
1.3079344162
1.3089344162
1.3099344162
1.3109344162
1.3119344162
1.3129344162
1.3139344162
1.3149344162
1.3159344162
1.3169344162
