# $W$ = 300 nm, $h$ = 300 nm, $s$ = 20 nm, $d/W = 5$, $E_{\rm e}$ = 200 keV
1.3018918784
1.3028918784
1.3038918784
1.3048918784
1.3058918784
1.3068918784
1.3078918784
1.3088918784
1.3098918784
1.3108918784
1.3118918784
1.3128918784
1.3138918784
1.3148918784
1.3158918784
1.3168918784
1.3178918784
1.3188918784
1.3198918784
1.3208918784
1.3218918784
1.3228918784
1.3238918784
1.3248918784
1.3258918784
1.3268918784
1.3278918784
1.3288918784
1.3298918784
1.3308918784
1.3318918784
1.3328918784
1.3338918784
1.3348918784
1.3358918784
1.3368918784
1.3378918784
1.3388918784
1.3398918784
1.3408918784
1.3418918784
1.3428918784
1.3438918784
1.3448918784
1.3458918784
1.3468918784
1.3478918784
1.3488918784
1.3498918784
1.3508918784
1.3518918784
1.3528918784
1.3538918784
1.3548918784
1.3558918784
1.3568918784
1.3578918784
1.3588918784
1.3598918784
1.3608918784
1.3618918784
1.3628918784
1.3638918784
1.3648918784
1.3658918784
1.3668918784
1.3678918784
1.3688918784
1.3698918784
1.3708918784
1.3718918784
1.3728918784
1.3738918784
1.3748918784
1.3758918784
1.3768918784
1.3778918784
1.3788918784
1.3798918784
1.3808918784
1.3818918784
1.3828918784
1.3838918784
1.3848918784
1.3858918784
1.3868918784
1.3878918784
1.3888918784
1.3898918784
1.3908918784
1.3918918784
1.3928918784
1.3938918784
1.3948918784
1.3958918784
1.3968918784
1.3978918784
1.3988918784
1.3998918784
1.4008918784
1.4018918784
1.4028918784
