# $W$ = 300 nm, $h$ = 300 nm, $s$ = 20 nm, $d/W = 5$, $E_{\rm e}$ = 200 keV
1.1707970520
1.1717970520
1.1727970520
1.1737970520
1.1747970520
1.1757970520
1.1767970520
1.1777970520
1.1787970520
1.1797970520
1.1807970520
1.1817970520
1.1827970520
1.1837970520
1.1847970520
1.1857970520
1.1867970520
1.1877970520
1.1887970520
1.1897970520
1.1907970520
1.1917970520
1.1927970520
1.1937970520
1.1947970520
1.1957970520
1.1967970520
1.1977970520
1.1987970520
1.1997970520
1.2007970520
1.2017970520
1.2027970520
1.2037970520
1.2047970520
1.2057970520
1.2067970520
1.2077970520
1.2087970520
1.2097970520
1.2107970520
1.2117970520
1.2127970520
1.2137970520
1.2147970520
1.2157970520
1.2167970520
1.2177970520
1.2187970520
1.2197970520
1.2207970520
1.2217970520
1.2227970520
1.2237970520
1.2247970520
1.2257970520
1.2267970520
1.2277970520
1.2287970520
1.2297970520
1.2307970520
1.2317970520
1.2327970520
1.2337970520
1.2347970520
1.2357970520
1.2367970520
1.2377970520
1.2387970520
1.2397970520
1.2407970520
1.2417970520
1.2427970520
1.2437970520
1.2447970520
1.2457970520
1.2467970520
1.2477970520
1.2487970520
1.2497970520
1.2507970520
1.2517970520
1.2527970520
1.2537970520
1.2547970520
1.2557970520
1.2567970520
1.2577970520
1.2587970520
1.2597970520
1.2607970520
1.2617970520
1.2627970520
1.2637970520
1.2647970520
1.2657970520
1.2667970520
1.2677970520
1.2687970520
1.2697970520
1.2707970520
1.2717970520
1.2727970520
1.2737970520
