# $W$ = 300 nm, $h$ = 300 nm, $s$ = 20 nm, $d/W = 5$, $E_{\rm e}$ = 200 keV
1.1707975155
1.1717975155
1.1727975155
1.1737975155
1.1747975155
1.1757975155
1.1767975155
1.1777975155
1.1787975155
1.1797975155
1.1807975155
1.1817975155
1.1827975155
1.1837975155
1.1847975155
1.1857975155
1.1867975155
1.1877975155
1.1887975155
1.1897975155
1.1907975155
1.1917975155
1.1927975155
1.1937975155
1.1947975155
1.1957975155
1.1967975155
1.1977975155
1.1987975155
1.1997975155
1.2007975155
1.2017975155
1.2027975155
1.2037975155
1.2047975155
1.2057975155
1.2067975155
1.2077975155
1.2087975155
1.2097975155
1.2107975155
1.2117975155
1.2127975155
1.2137975155
1.2147975155
1.2157975155
1.2167975155
1.2177975155
1.2187975155
1.2197975155
1.2207975155
1.2217975155
1.2227975155
1.2237975155
1.2247975155
1.2257975155
1.2267975155
1.2277975155
1.2287975155
1.2297975155
1.2307975155
1.2317975155
1.2327975155
1.2337975155
1.2347975155
1.2357975155
1.2367975155
1.2377975155
1.2387975155
1.2397975155
1.2407975155
1.2417975155
1.2427975155
1.2437975155
1.2447975155
1.2457975155
1.2467975155
1.2477975155
1.2487975155
1.2497975155
1.2507975155
1.2517975155
1.2527975155
1.2537975155
1.2547975155
1.2557975155
1.2567975155
1.2577975155
1.2587975155
1.2597975155
1.2607975155
1.2617975155
1.2627975155
1.2637975155
1.2647975155
1.2657975155
1.2667975155
1.2677975155
1.2687975155
1.2697975155
1.2707975155
1.2717975155
1.2727975155
1.2737975155
