# $W$ = 300 nm, $h$ = 300 nm, $s$ = 20 nm, $d/W = 5$, $E_{\rm e}$ = 200 keV
1.3018899964
1.3028899964
1.3038899964
1.3048899964
1.3058899964
1.3068899964
1.3078899964
1.3088899964
1.3098899964
1.3108899964
1.3118899964
1.3128899964
1.3138899964
1.3148899964
1.3158899964
1.3168899964
1.3178899964
1.3188899964
1.3198899964
1.3208899964
1.3218899964
1.3228899964
1.3238899964
1.3248899964
1.3258899964
1.3268899964
1.3278899964
1.3288899964
1.3298899964
1.3308899964
1.3318899964
1.3328899964
1.3338899964
1.3348899964
1.3358899964
1.3368899964
1.3378899964
1.3388899964
1.3398899964
1.3408899964
1.3418899964
1.3428899964
1.3438899964
1.3448899964
1.3458899964
1.3468899964
1.3478899964
1.3488899964
1.3498899964
1.3508899964
1.3518899964
1.3528899964
1.3538899964
1.3548899964
1.3558899964
1.3568899964
1.3578899964
1.3588899964
1.3598899964
1.3608899964
1.3618899964
1.3628899964
1.3638899964
1.3648899964
1.3658899964
1.3668899964
1.3678899964
1.3688899964
1.3698899964
1.3708899964
1.3718899964
1.3728899964
1.3738899964
1.3748899964
1.3758899964
1.3768899964
1.3778899964
1.3788899964
1.3798899964
1.3808899964
1.3818899964
1.3828899964
1.3838899964
1.3848899964
1.3858899964
1.3868899964
1.3878899964
1.3888899964
1.3898899964
1.3908899964
1.3918899964
1.3928899964
1.3938899964
1.3948899964
1.3958899964
1.3968899964
1.3978899964
1.3988899964
1.3998899964
1.4008899964
1.4018899964
1.4028899964
