# $W$ = 300 nm, $h$ = 300 nm, $s$ = 20 nm, $d/W = 5$, $E_{\rm e}$ = 200 keV
1.6842158712
1.6852158712
1.6862158712
1.6872158712
1.6882158712
1.6892158712
1.6902158712
1.6912158712
1.6922158712
1.6932158712
1.6942158712
1.6952158712
1.6962158712
1.6972158712
1.6982158712
1.6992158712
1.7002158712
1.7012158712
1.7022158712
1.7032158712
1.7042158712
1.7052158712
1.7062158712
1.7072158712
1.7082158712
1.7092158712
1.7102158712
1.7112158712
1.7122158712
1.7132158712
1.7142158712
1.7152158712
1.7162158712
1.7172158712
1.7182158712
1.7192158712
1.7202158712
1.7212158712
1.7222158712
1.7232158712
1.7242158712
1.7252158712
1.7262158712
1.7272158712
1.7282158712
1.7292158712
1.7302158712
1.7312158712
1.7322158712
1.7332158712
1.7342158712
1.7352158712
1.7362158712
1.7372158712
1.7382158712
1.7392158712
1.7402158712
1.7412158712
1.7422158712
1.7432158712
1.7442158712
1.7452158712
1.7462158712
1.7472158712
1.7482158712
1.7492158712
1.7502158712
1.7512158712
1.7522158712
1.7532158712
1.7542158712
1.7552158712
1.7562158712
1.7572158712
1.7582158712
1.7592158712
1.7602158712
1.7612158712
1.7622158712
1.7632158712
1.7642158712
1.7652158712
1.7662158712
1.7672158712
1.7682158712
1.7692158712
1.7702158712
1.7712158712
1.7722158712
1.7732158712
1.7742158712
1.7752158712
1.7762158712
1.7772158712
1.7782158712
1.7792158712
1.7802158712
1.7812158712
1.7822158712
1.7832158712
1.7842158712
1.7852158712
1.7862158712
1.7872158712
1.7882158712
1.7892158712
1.7902158712
1.7912158712
1.7922158712
1.7932158712
1.7942158712
1.7952158712
1.7962158712
1.7972158712
1.7982158712
1.7992158712
1.8002158712
1.8012158712
1.8022158712
1.8032158712
1.8042158712
1.8052158712
1.8062158712
1.8072158712
1.8082158712
1.8092158712
1.8102158712
1.8112158712
1.8122158712
1.8132158712
1.8142158712
1.8152158712
1.8162158712
1.8172158712
1.8182158712
1.8192158712
1.8202158712
1.8212158712
1.8222158712
1.8232158712
1.8242158712
1.8252158712
1.8262158712
1.8272158712
1.8282158712
1.8292158712
1.8302158712
1.8312158712
1.8322158712
1.8332158712
1.8342158712
1.8352158712
1.8362158712
1.8372158712
1.8382158712
1.8392158712
1.8402158712
1.8412158712
1.8422158712
1.8432158712
1.8442158712
1.8452158712
1.8462158712
1.8472158712
1.8482158712
1.8492158712
1.8502158712
1.8512158712
1.8522158712
1.8532158712
1.8542158712
1.8552158712
1.8562158712
1.8572158712
1.8582158712
1.8592158712
1.8602158712
1.8612158712
1.8622158712
1.8632158712
1.8642158712
1.8652158712
1.8662158712
1.8672158712
1.8682158712
1.8692158712
1.8702158712
1.8712158712
1.8722158712
1.8732158712
1.8742158712
1.8752158712
1.8762158712
1.8772158712
1.8782158712
1.8792158712
1.8802158712
1.8812158712
1.8822158712
1.8832158712
1.8842158712
1.8852158712
1.8862158712
1.8872158712
1.8882158712
1.8892158712
1.8902158712
1.8912158712
1.8922158712
1.8932158712
1.8942158712
1.8952158712
1.8962158712
1.8972158712
