# $W$ = 300 nm, $h$ = 300 nm, $s$ = 20 nm, $d/W = 5$, $E_{\rm e}$ = 200 keV
1.6842150274
1.6852150274
1.6862150274
1.6872150274
1.6882150274
1.6892150274
1.6902150274
1.6912150274
1.6922150274
1.6932150274
1.6942150274
1.6952150274
1.6962150274
1.6972150274
1.6982150274
1.6992150274
1.7002150274
1.7012150274
1.7022150274
1.7032150274
1.7042150274
1.7052150274
1.7062150274
1.7072150274
1.7082150274
1.7092150274
1.7102150274
1.7112150274
1.7122150274
1.7132150274
1.7142150274
1.7152150274
1.7162150274
1.7172150274
1.7182150274
1.7192150274
1.7202150274
1.7212150274
1.7222150274
1.7232150274
1.7242150274
1.7252150274
1.7262150274
1.7272150274
1.7282150274
1.7292150274
1.7302150274
1.7312150274
1.7322150274
1.7332150274
1.7342150274
1.7352150274
1.7362150274
1.7372150274
1.7382150274
1.7392150274
1.7402150274
1.7412150274
1.7422150274
1.7432150274
1.7442150274
1.7452150274
1.7462150274
1.7472150274
1.7482150274
1.7492150274
1.7502150274
1.7512150274
1.7522150274
1.7532150274
1.7542150274
1.7552150274
1.7562150274
1.7572150274
1.7582150274
1.7592150274
1.7602150274
1.7612150274
1.7622150274
1.7632150274
1.7642150274
1.7652150274
1.7662150274
1.7672150274
1.7682150274
1.7692150274
1.7702150274
1.7712150274
1.7722150274
1.7732150274
1.7742150274
1.7752150274
1.7762150274
1.7772150274
1.7782150274
1.7792150274
1.7802150274
1.7812150274
1.7822150274
1.7832150274
1.7842150274
1.7852150274
1.7862150274
1.7872150274
1.7882150274
1.7892150274
1.7902150274
1.7912150274
1.7922150274
1.7932150274
1.7942150274
1.7952150274
1.7962150274
1.7972150274
1.7982150274
1.7992150274
1.8002150274
1.8012150274
1.8022150274
1.8032150274
1.8042150274
1.8052150274
1.8062150274
1.8072150274
1.8082150274
1.8092150274
1.8102150274
1.8112150274
1.8122150274
1.8132150274
1.8142150274
1.8152150274
1.8162150274
1.8172150274
1.8182150274
1.8192150274
1.8202150274
1.8212150274
1.8222150274
1.8232150274
1.8242150274
1.8252150274
1.8262150274
1.8272150274
1.8282150274
1.8292150274
1.8302150274
1.8312150274
1.8322150274
1.8332150274
1.8342150274
1.8352150274
1.8362150274
1.8372150274
1.8382150274
1.8392150274
1.8402150274
1.8412150274
1.8422150274
1.8432150274
1.8442150274
1.8452150274
1.8462150274
1.8472150274
1.8482150274
1.8492150274
1.8502150274
1.8512150274
1.8522150274
1.8532150274
1.8542150274
1.8552150274
1.8562150274
1.8572150274
1.8582150274
1.8592150274
1.8602150274
1.8612150274
1.8622150274
1.8632150274
1.8642150274
1.8652150274
1.8662150274
1.8672150274
1.8682150274
1.8692150274
1.8702150274
1.8712150274
1.8722150274
1.8732150274
1.8742150274
1.8752150274
1.8762150274
1.8772150274
1.8782150274
1.8792150274
1.8802150274
1.8812150274
1.8822150274
1.8832150274
1.8842150274
1.8852150274
1.8862150274
1.8872150274
1.8882150274
1.8892150274
1.8902150274
1.8912150274
1.8922150274
1.8932150274
1.8942150274
1.8952150274
1.8962150274
1.8972150274
