# $W$ = 300 nm, $h$ = 300 nm, $s$ = 20 nm, $d/W = 5$, $E_{\rm e}$ = 200 keV
1.2999978794
1.3009978794
1.3019978794
1.3029978794
1.3039978794
1.3049978794
1.3059978794
1.3069978794
1.3079978794
1.3089978794
1.3099978794
1.3109978794
1.3119978794
1.3129978794
1.3139978794
1.3149978794
1.3159978794
1.3169978794
1.3179978794
1.3189978794
1.3199978794
1.3209978794
1.3219978794
1.3229978794
1.3239978794
1.3249978794
1.3259978794
1.3269978794
1.3279978794
1.3289978794
1.3299978794
1.3309978794
1.3319978794
1.3329978794
1.3339978794
1.3349978794
1.3359978794
1.3369978794
1.3379978794
1.3389978794
1.3399978794
1.3409978794
1.3419978794
1.3429978794
1.3439978794
1.3449978794
1.3459978794
1.3469978794
1.3479978794
1.3489978794
1.3499978794
1.3509978794
1.3519978794
1.3529978794
1.3539978794
1.3549978794
1.3559978794
1.3569978794
1.3579978794
1.3589978794
1.3599978794
1.3609978794
1.3619978794
1.3629978794
1.3639978794
1.3649978794
1.3659978794
1.3669978794
1.3679978794
1.3689978794
1.3699978794
1.3709978794
1.3719978794
1.3729978794
1.3739978794
1.3749978794
1.3759978794
1.3769978794
1.3779978794
1.3789978794
1.3799978794
1.3809978794
1.3819978794
1.3829978794
1.3839978794
1.3849978794
1.3859978794
1.3869978794
1.3879978794
1.3889978794
1.3899978794
1.3909978794
1.3919978794
1.3929978794
1.3939978794
1.3949978794
1.3959978794
1.3969978794
1.3979978794
1.3989978794
1.3999978794
1.4009978794
1.4019978794
1.4029978794
1.4039978794
1.4049978794
