# $W$ = 300 nm, $h$ = 300 nm, $s$ = 20 nm, $d/W = 5$, $E_{\rm e}$ = 200 keV
1.2981946658
1.2991946658
1.3001946658
1.3011946658
1.3021946658
1.3031946658
1.3041946658
1.3051946658
1.3061946658
1.3071946658
1.3081946658
1.3091946658
1.3101946658
1.3111946658
1.3121946658
1.3131946658
1.3141946658
1.3151946658
1.3161946658
1.3171946658
1.3181946658
1.3191946658
1.3201946658
1.3211946658
1.3221946658
1.3231946658
1.3241946658
1.3251946658
1.3261946658
1.3271946658
1.3281946658
1.3291946658
1.3301946658
1.3311946658
1.3321946658
1.3331946658
1.3341946658
1.3351946658
1.3361946658
1.3371946658
1.3381946658
1.3391946658
1.3401946658
1.3411946658
1.3421946658
1.3431946658
1.3441946658
1.3451946658
1.3461946658
1.3471946658
1.3481946658
1.3491946658
1.3501946658
1.3511946658
1.3521946658
1.3531946658
1.3541946658
1.3551946658
1.3561946658
1.3571946658
1.3581946658
1.3591946658
1.3601946658
1.3611946658
1.3621946658
1.3631946658
1.3641946658
1.3651946658
1.3661946658
1.3671946658
1.3681946658
1.3691946658
1.3701946658
1.3711946658
1.3721946658
1.3731946658
1.3741946658
1.3751946658
1.3761946658
1.3771946658
1.3781946658
1.3791946658
1.3801946658
1.3811946658
1.3821946658
1.3831946658
1.3841946658
1.3851946658
1.3861946658
1.3871946658
1.3881946658
1.3891946658
1.3901946658
1.3911946658
1.3921946658
1.3931946658
1.3941946658
1.3951946658
1.3961946658
1.3971946658
1.3981946658
1.3991946658
1.4001946658
1.4011946658
1.4021946658
1.4031946658
1.4041946658
1.4051946658
1.4061946658
1.4071946658
