# $W$ = 400 nm, $h$ = 300 nm, $s$ = 20 nm, $d/W = 5$, $E_{\rm e}$ = 200 keV
1.2089344210
1.2099344210
1.2109344210
1.2119344210
1.2129344210
1.2139344210
1.2149344210
1.2159344210
1.2169344210
1.2179344210
1.2189344210
1.2199344210
1.2209344210
1.2219344210
1.2229344210
1.2239344210
1.2249344210
1.2259344210
1.2269344210
1.2279344210
1.2289344210
1.2299344210
1.2309344210
1.2319344210
1.2329344210
1.2339344210
1.2349344210
1.2359344210
1.2369344210
1.2379344210
1.2389344210
1.2399344210
1.2409344210
1.2419344210
1.2429344210
1.2439344210
1.2449344210
1.2459344210
1.2469344210
1.2479344210
1.2489344210
1.2499344210
1.2509344210
1.2519344210
1.2529344210
1.2539344210
1.2549344210
1.2559344210
1.2569344210
1.2579344210
1.2589344210
1.2599344210
1.2609344210
1.2619344210
1.2629344210
1.2639344210
1.2649344210
1.2659344210
1.2669344210
1.2679344210
1.2689344210
1.2699344210
1.2709344210
1.2719344210
1.2729344210
1.2739344210
1.2749344210
1.2759344210
1.2769344210
1.2779344210
1.2789344210
1.2799344210
1.2809344210
1.2819344210
1.2829344210
1.2839344210
1.2849344210
1.2859344210
1.2869344210
1.2879344210
1.2889344210
1.2899344210
1.2909344210
1.2919344210
1.2929344210
1.2939344210
1.2949344210
1.2959344210
1.2969344210
1.2979344210
1.2989344210
1.2999344210
1.3009344210
1.3019344210
1.3029344210
1.3039344210
1.3049344210
1.3059344210
1.3069344210
1.3079344210
1.3089344210
1.3099344210
1.3109344210
1.3119344210
1.3129344210
1.3139344210
1.3149344210
1.3159344210
1.3169344210
