# $W$ = 400 nm, $h$ = 300 nm, $s$ = 20 nm, $d/W = 5$, $E_{\rm e}$ = 200 keV
0.2637186376
0.2647186376
0.2657186376
0.2667186376
0.2677186376
0.2687186376
0.2697186376
0.2707186376
0.2717186376
0.2727186376
0.2737186376
0.2747186376
0.2757186376
0.2767186376
0.2777186376
0.2787186376
0.2797186376
0.2807186376
0.2817186376
0.2827186376
0.2837186376
0.2847186376
0.2857186376
0.2867186376
0.2877186376
0.2887186376
0.2897186376
0.2907186376
0.2917186376
0.2927186376
0.2937186376
0.2947186376
0.2957186376
0.2967186376
0.2977186376
0.2987186376
0.2997186376
0.3007186376
0.3017186376
0.3027186376
0.3037186376
0.3047186376
0.3057186376
0.3067186376
0.3077186376
0.3087186376
0.3097186376
0.3107186376
0.3117186376
0.3127186376
0.3137186376
0.3147186376
0.3157186376
0.3167186376
0.3177186376
0.3187186376
0.3197186376
0.3207186376
0.3217186376
0.3227186376
0.3237186376
0.3247186376
0.3257186376
0.3267186376
0.3277186376
0.3287186376
0.3297186376
0.3307186376
0.3317186376
0.3327186376
0.3337186376
0.3347186376
0.3357186376
0.3367186376
0.3377186376
0.3387186376
0.3397186376
0.3407186376
0.3417186376
0.3427186376
0.3437186376
0.3447186376
0.3457186376
0.3467186376
0.3477186376
0.3487186376
0.3497186376
0.3507186376
0.3517186376
0.3527186376
0.3537186376
0.3547186376
0.3557186376
0.3567186376
0.3577186376
0.3587186376
0.3597186376
0.3607186376
0.3617186376
0.3627186376
0.3637186376
0.3647186376
0.3657186376
0.3667186376
0.3677186376
0.3687186376
0.3697186376
0.3707186376
0.3717186376
0.3727186376
0.3737186376
0.3747186376
0.3757186376
0.3767186376
0.3777186376
0.3787186376
0.3797186376
0.3807186376
0.3817186376
0.3827186376
0.3837186376
0.3847186376
0.3857186376
0.3867186376
0.3877186376
0.3887186376
0.3897186376
0.3907186376
0.3917186376
0.3927186376
0.3937186376
0.3947186376
0.3957186376
0.3967186376
0.3977186376
0.3987186376
0.3997186376
0.4007186376
0.4017186376
0.4027186376
0.4037186376
0.4047186376
0.4057186376
0.4067186376
0.4077186376
0.4087186376
0.4097186376
0.4107186376
0.4117186376
0.4127186376
0.4137186376
0.4147186376
0.4157186376
0.4167186376
0.4177186376
0.4187186376
0.4197186376
0.4207186376
0.4217186376
0.4227186376
0.4237186376
0.4247186376
0.4257186376
0.4267186376
0.4277186376
0.4287186376
0.4297186376
0.4307186376
0.4317186376
0.4327186376
0.4337186376
0.4347186376
0.4357186376
0.4367186376
0.4377186376
0.4387186376
0.4397186376
0.4407186376
0.4417186376
0.4427186376
0.4437186376
0.4447186376
0.4457186376
0.4467186376
0.4477186376
0.4487186376
0.4497186376
0.4507186376
0.4517186376
0.4527186376
0.4537186376
0.4547186376
0.4557186376
0.4567186376
0.4577186376
0.4587186376
0.4597186376
0.4607186376
0.4617186376
0.4627186376
0.4637186376
0.4647186376
0.4657186376
0.4667186376
0.4677186376
0.4687186376
0.4697186376
0.4707186376
0.4717186376
0.4727186376
0.4737186376
0.4747186376
0.4757186376
0.4767186376
0.4777186376
0.4787186376
0.4797186376
0.4807186376
0.4817186376
0.4827186376
0.4837186376
0.4847186376
0.4857186376
0.4867186376
0.4877186376
0.4887186376
0.4897186376
0.4907186376
0.4917186376
0.4927186376
0.4937186376
0.4947186376
0.4957186376
0.4967186376
0.4977186376
0.4987186376
0.4997186376
0.5007186376
0.5017186376
0.5027186376
0.5037186376
0.5047186376
0.5057186376
0.5067186376
0.5077186376
0.5087186376
0.5097186376
0.5107186376
0.5117186376
0.5127186376
0.5137186376
0.5147186376
0.5157186376
0.5167186376
0.5177186376
0.5187186376
0.5197186376
0.5207186376
0.5217186376
0.5227186376
0.5237186376
0.5247186376
0.5257186376
0.5267186376
0.5277186376
0.5287186376
0.5297186376
0.5307186376
0.5317186376
0.5327186376
0.5337186376
0.5347186376
0.5357186376
0.5367186376
0.5377186376
0.5387186376
0.5397186376
0.5407186376
0.5417186376
0.5427186376
0.5437186376
0.5447186376
0.5457186376
0.5467186376
0.5477186376
0.5487186376
0.5497186376
0.5507186376
0.5517186376
0.5527186376
0.5537186376
0.5547186376
0.5557186376
0.5567186376
0.5577186376
0.5587186376
0.5597186376
0.5607186376
0.5617186376
0.5627186376
0.5637186376
0.5647186376
0.5657186376
0.5667186376
0.5677186376
0.5687186376
0.5697186376
0.5707186376
0.5717186376
0.5727186376
0.5737186376
0.5747186376
0.5757186376
0.5767186376
0.5777186376
0.5787186376
0.5797186376
0.5807186376
0.5817186376
0.5827186376
0.5837186376
0.5847186376
0.5857186376
0.5867186376
0.5877186376
0.5887186376
0.5897186376
0.5907186376
0.5917186376
0.5927186376
0.5937186376
0.5947186376
0.5957186376
0.5967186376
0.5977186376
0.5987186376
0.5997186376
0.6007186376
0.6017186376
0.6027186376
0.6037186376
0.6047186376
0.6057186376
0.6067186376
0.6077186376
0.6087186376
0.6097186376
0.6107186376
0.6117186376
0.6127186376
0.6137186376
0.6147186376
0.6157186376
0.6167186376
0.6177186376
0.6187186376
0.6197186376
0.6207186376
0.6217186376
0.6227186376
0.6237186376
0.6247186376
0.6257186376
0.6267186376
0.6277186376
0.6287186376
0.6297186376
0.6307186376
0.6317186376
0.6327186376
0.6337186376
0.6347186376
0.6357186376
0.6367186376
0.6377186376
0.6387186376
0.6397186376
0.6407186376
0.6417186376
0.6427186376
0.6437186376
0.6447186376
0.6457186376
0.6467186376
0.6477186376
0.6487186376
0.6497186376
0.6507186376
0.6517186376
0.6527186376
0.6537186376
0.6547186376
0.6557186376
0.6567186376
0.6577186376
0.6587186376
0.6597186376
0.6607186376
0.6617186376
0.6627186376
0.6637186376
0.6647186376
0.6657186376
0.6667186376
0.6677186376
0.6687186376
0.6697186376
0.6707186376
0.6717186376
0.6727186376
0.6737186376
0.6747186376
0.6757186376
0.6767186376
0.6777186376
0.6787186376
0.6797186376
0.6807186376
0.6817186376
0.6827186376
0.6837186376
0.6847186376
0.6857186376
0.6867186376
0.6877186376
0.6887186376
0.6897186376
0.6907186376
0.6917186376
0.6927186376
0.6937186376
0.6947186376
0.6957186376
0.6967186376
0.6977186376
0.6987186376
0.6997186376
0.7007186376
0.7017186376
0.7027186376
0.7037186376
0.7047186376
0.7057186376
0.7067186376
0.7077186376
0.7087186376
0.7097186376
0.7107186376
0.7117186376
0.7127186376
0.7137186376
0.7147186376
0.7157186376
0.7167186376
0.7177186376
0.7187186376
0.7197186376
0.7207186376
0.7217186376
0.7227186376
0.7237186376
0.7247186376
0.7257186376
0.7267186376
0.7277186376
0.7287186376
0.7297186376
0.7307186376
0.7317186376
0.7327186376
0.7337186376
0.7347186376
0.7357186376
0.7367186376
0.7377186376
0.7387186376
0.7397186376
0.7407186376
0.7417186376
0.7427186376
0.7437186376
0.7447186376
0.7457186376
0.7467186376
0.7477186376
0.7487186376
0.7497186376
0.7507186376
0.7517186376
0.7527186376
0.7537186376
0.7547186376
0.7557186376
0.7567186376
0.7577186376
0.7587186376
0.7597186376
0.7607186376
0.7617186376
0.7627186376
0.7637186376
0.7647186376
0.7657186376
0.7667186376
0.7677186376
0.7687186376
0.7697186376
0.7707186376
0.7717186376
0.7727186376
0.7737186376
0.7747186376
0.7757186376
0.7767186376
0.7777186376
0.7787186376
0.7797186376
0.7807186376
0.7817186376
0.7827186376
0.7837186376
0.7847186376
0.7857186376
0.7867186376
0.7877186376
0.7887186376
0.7897186376
0.7907186376
0.7917186376
0.7927186376
0.7937186376
0.7947186376
0.7957186376
0.7967186376
0.7977186376
0.7987186376
0.7997186376
0.8007186376
0.8017186376
0.8027186376
0.8037186376
0.8047186376
0.8057186376
0.8067186376
0.8077186376
0.8087186376
0.8097186376
0.8107186376
0.8117186376
0.8127186376
0.8137186376
0.8147186376
0.8157186376
0.8167186376
0.8177186376
0.8187186376
0.8197186376
0.8207186376
0.8217186376
0.8227186376
0.8237186376
0.8247186376
0.8257186376
0.8267186376
0.8277186376
0.8287186376
0.8297186376
0.8307186376
0.8317186376
0.8327186376
0.8337186376
0.8347186376
0.8357186376
0.8367186376
0.8377186376
0.8387186376
0.8397186376
0.8407186376
0.8417186376
0.8427186376
0.8437186376
0.8447186376
0.8457186376
0.8467186376
0.8477186376
0.8487186376
0.8497186376
0.8507186376
0.8517186376
0.8527186376
0.8537186376
0.8547186376
0.8557186376
0.8567186376
0.8577186376
0.8587186376
0.8597186376
0.8607186376
0.8617186376
0.8627186376
0.8637186376
0.8647186376
0.8657186376
0.8667186376
0.8677186376
0.8687186376
0.8697186376
0.8707186376
0.8717186376
0.8727186376
0.8737186376
0.8747186376
0.8757186376
0.8767186376
0.8777186376
0.8787186376
0.8797186376
0.8807186376
0.8817186376
0.8827186376
0.8837186376
0.8847186376
0.8857186376
0.8867186376
0.8877186376
0.8887186376
0.8897186376
0.8907186376
0.8917186376
0.8927186376
0.8937186376
0.8947186376
0.8957186376
0.8967186376
0.8977186376
0.8987186376
0.8997186376
0.9007186376
0.9017186376
0.9027186376
0.9037186376
0.9047186376
0.9057186376
0.9067186376
0.9077186376
0.9087186376
0.9097186376
0.9107186376
0.9117186376
0.9127186376
0.9137186376
0.9147186376
0.9157186376
0.9167186376
0.9177186376
0.9187186376
0.9197186376
0.9207186376
0.9217186376
0.9227186376
0.9237186376
0.9247186376
0.9257186376
0.9267186376
0.9277186376
0.9287186376
0.9297186376
0.9307186376
0.9317186376
0.9327186376
0.9337186376
0.9347186376
0.9357186376
0.9367186376
0.9377186376
0.9387186376
0.9397186376
0.9407186376
0.9417186376
0.9427186376
0.9437186376
0.9447186376
0.9457186376
0.9467186376
0.9477186376
0.9487186376
0.9497186376
0.9507186376
0.9517186376
0.9527186376
0.9537186376
0.9547186376
0.9557186376
0.9567186376
0.9577186376
0.9587186376
0.9597186376
0.9607186376
0.9617186376
0.9627186376
0.9637186376
0.9647186376
0.9657186376
0.9667186376
0.9677186376
0.9687186376
0.9697186376
0.9707186376
0.9717186376
0.9727186376
0.9737186376
0.9747186376
0.9757186376
0.9767186376
0.9777186376
0.9787186376
0.9797186376
0.9807186376
0.9817186376
0.9827186376
0.9837186376
0.9847186376
0.9857186376
0.9867186376
0.9877186376
0.9887186376
0.9897186376
0.9907186376
0.9917186376
0.9927186376
