# $W$ = 300 nm, $h$ = 300 nm, $s$ = 20 nm, $d/W = 5$, $E_{\rm e}$ = 200 keV
0.7186327578
0.7196327578
0.7206327578
0.7216327578
0.7226327578
0.7236327578
0.7246327578
0.7256327578
0.7266327578
0.7276327578
0.7286327578
0.7296327578
0.7306327578
0.7316327578
0.7326327578
0.7336327578
0.7346327578
0.7356327578
0.7366327578
0.7376327578
0.7386327578
0.7396327578
0.7406327578
0.7416327578
0.7426327578
0.7436327578
0.7446327578
0.7456327578
0.7466327578
0.7476327578
0.7486327578
0.7496327578
0.7506327578
0.7516327578
0.7526327578
0.7536327578
0.7546327578
0.7556327578
0.7566327578
0.7576327578
0.7586327578
0.7596327578
0.7606327578
0.7616327578
0.7626327578
0.7636327578
0.7646327578
0.7656327578
0.7666327578
0.7676327578
0.7686327578
0.7696327578
0.7706327578
0.7716327578
0.7726327578
0.7736327578
0.7746327578
0.7756327578
0.7766327578
0.7776327578
0.7786327578
0.7796327578
0.7806327578
