# $W$ = 400 nm, $h$ = 300 nm, $s$ = 20 nm, $d/W = 5$, $E_{\rm e}$ = 200 keV
0.2636245000
0.2646245000
0.2656245000
0.2666245000
0.2676245000
0.2686245000
0.2696245000
0.2706245000
0.2716245000
0.2726245000
0.2736245000
0.2746245000
0.2756245000
0.2766245000
0.2776245000
0.2786245000
0.2796245000
0.2806245000
0.2816245000
0.2826245000
0.2836245000
0.2846245000
0.2856245000
0.2866245000
0.2876245000
0.2886245000
0.2896245000
0.2906245000
0.2916245000
0.2926245000
0.2936245000
0.2946245000
0.2956245000
0.2966245000
0.2976245000
0.2986245000
0.2996245000
0.3006245000
0.3016245000
0.3026245000
0.3036245000
0.3046245000
0.3056245000
0.3066245000
0.3076245000
0.3086245000
0.3096245000
0.3106245000
0.3116245000
0.3126245000
0.3136245000
0.3146245000
0.3156245000
0.3166245000
0.3176245000
0.3186245000
0.3196245000
0.3206245000
0.3216245000
0.3226245000
0.3236245000
0.3246245000
0.3256245000
0.3266245000
0.3276245000
0.3286245000
0.3296245000
0.3306245000
0.3316245000
0.3326245000
0.3336245000
0.3346245000
0.3356245000
0.3366245000
0.3376245000
0.3386245000
0.3396245000
0.3406245000
0.3416245000
0.3426245000
0.3436245000
0.3446245000
0.3456245000
0.3466245000
0.3476245000
0.3486245000
0.3496245000
0.3506245000
0.3516245000
0.3526245000
0.3536245000
0.3546245000
0.3556245000
0.3566245000
0.3576245000
0.3586245000
0.3596245000
0.3606245000
0.3616245000
0.3626245000
0.3636245000
0.3646245000
0.3656245000
0.3666245000
0.3676245000
0.3686245000
0.3696245000
0.3706245000
0.3716245000
0.3726245000
0.3736245000
0.3746245000
0.3756245000
0.3766245000
0.3776245000
0.3786245000
0.3796245000
0.3806245000
0.3816245000
0.3826245000
0.3836245000
0.3846245000
0.3856245000
0.3866245000
0.3876245000
0.3886245000
0.3896245000
0.3906245000
0.3916245000
0.3926245000
0.3936245000
0.3946245000
0.3956245000
0.3966245000
0.3976245000
0.3986245000
0.3996245000
0.4006245000
0.4016245000
0.4026245000
0.4036245000
0.4046245000
0.4056245000
0.4066245000
0.4076245000
0.4086245000
0.4096245000
0.4106245000
0.4116245000
0.4126245000
0.4136245000
0.4146245000
0.4156245000
0.4166245000
0.4176245000
0.4186245000
0.4196245000
0.4206245000
0.4216245000
0.4226245000
0.4236245000
0.4246245000
0.4256245000
0.4266245000
0.4276245000
0.4286245000
0.4296245000
0.4306245000
0.4316245000
0.4326245000
0.4336245000
0.4346245000
0.4356245000
0.4366245000
0.4376245000
0.4386245000
0.4396245000
0.4406245000
0.4416245000
0.4426245000
0.4436245000
0.4446245000
0.4456245000
0.4466245000
0.4476245000
0.4486245000
0.4496245000
0.4506245000
0.4516245000
0.4526245000
0.4536245000
0.4546245000
0.4556245000
0.4566245000
0.4576245000
0.4586245000
0.4596245000
0.4606245000
0.4616245000
0.4626245000
0.4636245000
0.4646245000
0.4656245000
0.4666245000
0.4676245000
0.4686245000
0.4696245000
0.4706245000
0.4716245000
0.4726245000
0.4736245000
0.4746245000
0.4756245000
0.4766245000
0.4776245000
0.4786245000
0.4796245000
0.4806245000
0.4816245000
0.4826245000
0.4836245000
0.4846245000
0.4856245000
0.4866245000
0.4876245000
0.4886245000
0.4896245000
0.4906245000
0.4916245000
0.4926245000
0.4936245000
0.4946245000
0.4956245000
0.4966245000
0.4976245000
0.4986245000
0.4996245000
0.5006245000
0.5016245000
0.5026245000
0.5036245000
0.5046245000
0.5056245000
0.5066245000
0.5076245000
0.5086245000
0.5096245000
0.5106245000
0.5116245000
0.5126245000
0.5136245000
0.5146245000
0.5156245000
0.5166245000
0.5176245000
0.5186245000
0.5196245000
0.5206245000
0.5216245000
0.5226245000
0.5236245000
0.5246245000
0.5256245000
0.5266245000
0.5276245000
0.5286245000
0.5296245000
0.5306245000
0.5316245000
0.5326245000
0.5336245000
0.5346245000
0.5356245000
0.5366245000
0.5376245000
0.5386245000
0.5396245000
0.5406245000
0.5416245000
0.5426245000
0.5436245000
0.5446245000
0.5456245000
0.5466245000
0.5476245000
0.5486245000
0.5496245000
0.5506245000
0.5516245000
0.5526245000
0.5536245000
0.5546245000
0.5556245000
0.5566245000
0.5576245000
0.5586245000
0.5596245000
0.5606245000
0.5616245000
0.5626245000
0.5636245000
0.5646245000
0.5656245000
0.5666245000
0.5676245000
0.5686245000
0.5696245000
0.5706245000
0.5716245000
0.5726245000
0.5736245000
0.5746245000
0.5756245000
0.5766245000
0.5776245000
0.5786245000
0.5796245000
0.5806245000
0.5816245000
0.5826245000
0.5836245000
0.5846245000
0.5856245000
0.5866245000
0.5876245000
0.5886245000
0.5896245000
0.5906245000
0.5916245000
0.5926245000
0.5936245000
0.5946245000
0.5956245000
0.5966245000
0.5976245000
0.5986245000
0.5996245000
0.6006245000
0.6016245000
0.6026245000
0.6036245000
0.6046245000
0.6056245000
0.6066245000
0.6076245000
0.6086245000
0.6096245000
0.6106245000
0.6116245000
0.6126245000
0.6136245000
0.6146245000
0.6156245000
0.6166245000
0.6176245000
0.6186245000
0.6196245000
0.6206245000
0.6216245000
0.6226245000
0.6236245000
0.6246245000
0.6256245000
0.6266245000
0.6276245000
0.6286245000
0.6296245000
0.6306245000
0.6316245000
0.6326245000
0.6336245000
0.6346245000
0.6356245000
0.6366245000
0.6376245000
0.6386245000
0.6396245000
0.6406245000
0.6416245000
0.6426245000
0.6436245000
0.6446245000
0.6456245000
0.6466245000
0.6476245000
0.6486245000
0.6496245000
0.6506245000
0.6516245000
0.6526245000
0.6536245000
0.6546245000
0.6556245000
0.6566245000
0.6576245000
0.6586245000
0.6596245000
0.6606245000
0.6616245000
0.6626245000
0.6636245000
0.6646245000
0.6656245000
0.6666245000
0.6676245000
0.6686245000
0.6696245000
0.6706245000
0.6716245000
0.6726245000
0.6736245000
0.6746245000
0.6756245000
0.6766245000
0.6776245000
0.6786245000
0.6796245000
0.6806245000
0.6816245000
0.6826245000
0.6836245000
0.6846245000
0.6856245000
0.6866245000
0.6876245000
0.6886245000
0.6896245000
0.6906245000
0.6916245000
0.6926245000
0.6936245000
0.6946245000
0.6956245000
0.6966245000
0.6976245000
0.6986245000
0.6996245000
0.7006245000
0.7016245000
0.7026245000
0.7036245000
0.7046245000
0.7056245000
0.7066245000
0.7076245000
0.7086245000
0.7096245000
0.7106245000
0.7116245000
0.7126245000
0.7136245000
0.7146245000
0.7156245000
0.7166245000
0.7176245000
0.7186245000
0.7196245000
0.7206245000
0.7216245000
0.7226245000
0.7236245000
0.7246245000
0.7256245000
0.7266245000
0.7276245000
0.7286245000
0.7296245000
0.7306245000
0.7316245000
0.7326245000
0.7336245000
0.7346245000
0.7356245000
0.7366245000
0.7376245000
0.7386245000
0.7396245000
0.7406245000
0.7416245000
0.7426245000
0.7436245000
0.7446245000
0.7456245000
0.7466245000
0.7476245000
0.7486245000
0.7496245000
0.7506245000
0.7516245000
0.7526245000
0.7536245000
0.7546245000
0.7556245000
0.7566245000
0.7576245000
0.7586245000
0.7596245000
0.7606245000
0.7616245000
0.7626245000
0.7636245000
0.7646245000
0.7656245000
0.7666245000
0.7676245000
0.7686245000
0.7696245000
0.7706245000
0.7716245000
0.7726245000
0.7736245000
0.7746245000
0.7756245000
0.7766245000
0.7776245000
0.7786245000
0.7796245000
0.7806245000
0.7816245000
0.7826245000
0.7836245000
0.7846245000
0.7856245000
0.7866245000
0.7876245000
0.7886245000
0.7896245000
0.7906245000
0.7916245000
0.7926245000
0.7936245000
0.7946245000
0.7956245000
0.7966245000
0.7976245000
0.7986245000
0.7996245000
0.8006245000
0.8016245000
0.8026245000
0.8036245000
0.8046245000
0.8056245000
0.8066245000
0.8076245000
0.8086245000
0.8096245000
0.8106245000
0.8116245000
0.8126245000
0.8136245000
0.8146245000
0.8156245000
0.8166245000
0.8176245000
0.8186245000
0.8196245000
0.8206245000
0.8216245000
0.8226245000
0.8236245000
0.8246245000
0.8256245000
0.8266245000
0.8276245000
0.8286245000
0.8296245000
0.8306245000
0.8316245000
0.8326245000
0.8336245000
0.8346245000
0.8356245000
0.8366245000
0.8376245000
0.8386245000
0.8396245000
0.8406245000
0.8416245000
0.8426245000
0.8436245000
0.8446245000
0.8456245000
0.8466245000
0.8476245000
0.8486245000
0.8496245000
0.8506245000
0.8516245000
0.8526245000
0.8536245000
0.8546245000
0.8556245000
0.8566245000
0.8576245000
0.8586245000
0.8596245000
0.8606245000
0.8616245000
0.8626245000
0.8636245000
0.8646245000
0.8656245000
0.8666245000
0.8676245000
0.8686245000
0.8696245000
0.8706245000
0.8716245000
0.8726245000
0.8736245000
0.8746245000
0.8756245000
0.8766245000
0.8776245000
0.8786245000
0.8796245000
0.8806245000
0.8816245000
0.8826245000
0.8836245000
0.8846245000
0.8856245000
0.8866245000
0.8876245000
0.8886245000
0.8896245000
0.8906245000
0.8916245000
0.8926245000
0.8936245000
0.8946245000
0.8956245000
0.8966245000
0.8976245000
0.8986245000
0.8996245000
0.9006245000
0.9016245000
0.9026245000
0.9036245000
0.9046245000
0.9056245000
0.9066245000
0.9076245000
0.9086245000
0.9096245000
0.9106245000
0.9116245000
0.9126245000
0.9136245000
0.9146245000
0.9156245000
0.9166245000
0.9176245000
0.9186245000
0.9196245000
0.9206245000
0.9216245000
0.9226245000
0.9236245000
0.9246245000
0.9256245000
0.9266245000
0.9276245000
0.9286245000
0.9296245000
0.9306245000
0.9316245000
0.9326245000
0.9336245000
0.9346245000
0.9356245000
0.9366245000
0.9376245000
0.9386245000
0.9396245000
0.9406245000
0.9416245000
0.9426245000
0.9436245000
0.9446245000
0.9456245000
0.9466245000
0.9476245000
0.9486245000
0.9496245000
0.9506245000
0.9516245000
0.9526245000
0.9536245000
0.9546245000
0.9556245000
0.9566245000
0.9576245000
0.9586245000
0.9596245000
0.9606245000
0.9616245000
0.9626245000
0.9636245000
0.9646245000
0.9656245000
0.9666245000
0.9676245000
0.9686245000
0.9696245000
0.9706245000
0.9716245000
0.9726245000
0.9736245000
0.9746245000
0.9756245000
0.9766245000
0.9776245000
0.9786245000
0.9796245000
0.9806245000
0.9816245000
0.9826245000
0.9836245000
0.9846245000
0.9856245000
0.9866245000
0.9876245000
0.9886245000
0.9896245000
0.9906245000
0.9916245000
0.9926245000
0.9936245000
