# $W$ = 300 nm, $h$ = 300 nm, $s$ = 20 nm, $d/W = 5$, $E_{\rm e}$ = 200 keV
1.1707978234
1.1717978234
1.1727978234
1.1737978234
1.1747978234
1.1757978234
1.1767978234
1.1777978234
1.1787978234
1.1797978234
1.1807978234
1.1817978234
1.1827978234
1.1837978234
1.1847978234
1.1857978234
1.1867978234
1.1877978234
1.1887978234
1.1897978234
1.1907978234
1.1917978234
1.1927978234
1.1937978234
1.1947978234
1.1957978234
1.1967978234
1.1977978234
1.1987978234
1.1997978234
1.2007978234
1.2017978234
1.2027978234
1.2037978234
1.2047978234
1.2057978234
1.2067978234
1.2077978234
1.2087978234
1.2097978234
1.2107978234
1.2117978234
1.2127978234
1.2137978234
1.2147978234
1.2157978234
1.2167978234
1.2177978234
1.2187978234
1.2197978234
1.2207978234
1.2217978234
1.2227978234
1.2237978234
1.2247978234
1.2257978234
1.2267978234
1.2277978234
1.2287978234
1.2297978234
1.2307978234
1.2317978234
1.2327978234
1.2337978234
1.2347978234
1.2357978234
1.2367978234
1.2377978234
1.2387978234
1.2397978234
1.2407978234
1.2417978234
1.2427978234
1.2437978234
1.2447978234
1.2457978234
1.2467978234
1.2477978234
1.2487978234
1.2497978234
1.2507978234
1.2517978234
1.2527978234
1.2537978234
1.2547978234
1.2557978234
1.2567978234
1.2577978234
1.2587978234
1.2597978234
1.2607978234
1.2617978234
1.2627978234
1.2637978234
1.2647978234
1.2657978234
1.2667978234
1.2677978234
1.2687978234
1.2697978234
1.2707978234
1.2717978234
1.2727978234
1.2737978234
