# $W$ = 300 nm, $h$ = 300 nm, $s$ = 20 nm, $d/W = 5$, $E_{\rm e}$ = 200 keV
1.1707449754
1.1717449754
1.1727449754
1.1737449754
1.1747449754
1.1757449754
1.1767449754
1.1777449754
1.1787449754
1.1797449754
1.1807449754
1.1817449754
1.1827449754
1.1837449754
1.1847449754
1.1857449754
1.1867449754
1.1877449754
1.1887449754
1.1897449754
1.1907449754
1.1917449754
1.1927449754
1.1937449754
1.1947449754
1.1957449754
1.1967449754
1.1977449754
1.1987449754
1.1997449754
1.2007449754
1.2017449754
1.2027449754
1.2037449754
1.2047449754
1.2057449754
1.2067449754
1.2077449754
1.2087449754
1.2097449754
1.2107449754
1.2117449754
1.2127449754
1.2137449754
1.2147449754
1.2157449754
1.2167449754
1.2177449754
1.2187449754
1.2197449754
1.2207449754
1.2217449754
1.2227449754
1.2237449754
1.2247449754
1.2257449754
1.2267449754
1.2277449754
1.2287449754
1.2297449754
1.2307449754
1.2317449754
1.2327449754
1.2337449754
1.2347449754
1.2357449754
1.2367449754
1.2377449754
1.2387449754
1.2397449754
1.2407449754
1.2417449754
1.2427449754
1.2437449754
1.2447449754
1.2457449754
1.2467449754
1.2477449754
1.2487449754
1.2497449754
1.2507449754
1.2517449754
1.2527449754
1.2537449754
1.2547449754
1.2557449754
1.2567449754
1.2577449754
1.2587449754
1.2597449754
1.2607449754
1.2617449754
1.2627449754
1.2637449754
1.2647449754
1.2657449754
1.2667449754
1.2677449754
1.2687449754
1.2697449754
1.2707449754
1.2717449754
1.2727449754
1.2737449754
