# $W$ = 400 nm, $h$ = 300 nm, $s$ = 20 nm, $d/W = 5$, $E_{\rm e}$ = 200 keV
0.2636600668
0.2646600668
0.2656600668
0.2666600668
0.2676600668
0.2686600668
0.2696600668
0.2706600668
0.2716600668
0.2726600668
0.2736600668
0.2746600668
0.2756600668
0.2766600668
0.2776600668
0.2786600668
0.2796600668
0.2806600668
0.2816600668
0.2826600668
0.2836600668
0.2846600668
0.2856600668
0.2866600668
0.2876600668
0.2886600668
0.2896600668
0.2906600668
0.2916600668
0.2926600668
0.2936600668
0.2946600668
0.2956600668
0.2966600668
0.2976600668
0.2986600668
0.2996600668
0.3006600668
0.3016600668
0.3026600668
0.3036600668
0.3046600668
0.3056600668
0.3066600668
0.3076600668
0.3086600668
0.3096600668
0.3106600668
0.3116600668
0.3126600668
0.3136600668
0.3146600668
0.3156600668
0.3166600668
0.3176600668
0.3186600668
0.3196600668
0.3206600668
0.3216600668
0.3226600668
0.3236600668
0.3246600668
0.3256600668
0.3266600668
0.3276600668
0.3286600668
0.3296600668
0.3306600668
0.3316600668
0.3326600668
0.3336600668
0.3346600668
0.3356600668
0.3366600668
0.3376600668
0.3386600668
0.3396600668
0.3406600668
0.3416600668
0.3426600668
0.3436600668
0.3446600668
0.3456600668
0.3466600668
0.3476600668
0.3486600668
0.3496600668
0.3506600668
0.3516600668
0.3526600668
0.3536600668
0.3546600668
0.3556600668
0.3566600668
0.3576600668
0.3586600668
0.3596600668
0.3606600668
0.3616600668
0.3626600668
0.3636600668
0.3646600668
0.3656600668
0.3666600668
0.3676600668
0.3686600668
0.3696600668
0.3706600668
0.3716600668
0.3726600668
0.3736600668
0.3746600668
0.3756600668
0.3766600668
0.3776600668
0.3786600668
0.3796600668
0.3806600668
0.3816600668
0.3826600668
0.3836600668
0.3846600668
0.3856600668
0.3866600668
0.3876600668
0.3886600668
0.3896600668
0.3906600668
0.3916600668
0.3926600668
0.3936600668
0.3946600668
0.3956600668
0.3966600668
0.3976600668
0.3986600668
0.3996600668
0.4006600668
0.4016600668
0.4026600668
0.4036600668
0.4046600668
0.4056600668
0.4066600668
0.4076600668
0.4086600668
0.4096600668
0.4106600668
0.4116600668
0.4126600668
0.4136600668
0.4146600668
0.4156600668
0.4166600668
0.4176600668
0.4186600668
0.4196600668
0.4206600668
0.4216600668
0.4226600668
0.4236600668
0.4246600668
0.4256600668
0.4266600668
0.4276600668
0.4286600668
0.4296600668
0.4306600668
0.4316600668
0.4326600668
0.4336600668
0.4346600668
0.4356600668
0.4366600668
0.4376600668
0.4386600668
0.4396600668
0.4406600668
0.4416600668
0.4426600668
0.4436600668
0.4446600668
0.4456600668
0.4466600668
0.4476600668
0.4486600668
0.4496600668
0.4506600668
0.4516600668
0.4526600668
0.4536600668
0.4546600668
0.4556600668
0.4566600668
0.4576600668
0.4586600668
0.4596600668
0.4606600668
0.4616600668
0.4626600668
0.4636600668
0.4646600668
0.4656600668
0.4666600668
0.4676600668
0.4686600668
0.4696600668
0.4706600668
0.4716600668
0.4726600668
0.4736600668
0.4746600668
0.4756600668
0.4766600668
0.4776600668
0.4786600668
0.4796600668
0.4806600668
0.4816600668
0.4826600668
0.4836600668
0.4846600668
0.4856600668
0.4866600668
0.4876600668
0.4886600668
0.4896600668
0.4906600668
0.4916600668
0.4926600668
0.4936600668
0.4946600668
0.4956600668
0.4966600668
0.4976600668
0.4986600668
0.4996600668
0.5006600668
0.5016600668
0.5026600668
0.5036600668
0.5046600668
0.5056600668
0.5066600668
0.5076600668
0.5086600668
0.5096600668
0.5106600668
0.5116600668
0.5126600668
0.5136600668
0.5146600668
0.5156600668
0.5166600668
0.5176600668
0.5186600668
0.5196600668
0.5206600668
0.5216600668
0.5226600668
0.5236600668
0.5246600668
0.5256600668
0.5266600668
0.5276600668
0.5286600668
0.5296600668
0.5306600668
0.5316600668
0.5326600668
0.5336600668
0.5346600668
0.5356600668
0.5366600668
0.5376600668
0.5386600668
0.5396600668
0.5406600668
0.5416600668
0.5426600668
0.5436600668
0.5446600668
0.5456600668
0.5466600668
0.5476600668
0.5486600668
0.5496600668
0.5506600668
0.5516600668
0.5526600668
0.5536600668
0.5546600668
0.5556600668
0.5566600668
0.5576600668
0.5586600668
0.5596600668
0.5606600668
0.5616600668
0.5626600668
0.5636600668
0.5646600668
0.5656600668
0.5666600668
0.5676600668
0.5686600668
0.5696600668
0.5706600668
0.5716600668
0.5726600668
0.5736600668
0.5746600668
0.5756600668
0.5766600668
0.5776600668
0.5786600668
0.5796600668
0.5806600668
0.5816600668
0.5826600668
0.5836600668
0.5846600668
0.5856600668
0.5866600668
0.5876600668
0.5886600668
0.5896600668
0.5906600668
0.5916600668
0.5926600668
0.5936600668
0.5946600668
0.5956600668
0.5966600668
0.5976600668
0.5986600668
0.5996600668
0.6006600668
0.6016600668
0.6026600668
0.6036600668
0.6046600668
0.6056600668
0.6066600668
0.6076600668
0.6086600668
0.6096600668
0.6106600668
0.6116600668
0.6126600668
0.6136600668
0.6146600668
0.6156600668
0.6166600668
0.6176600668
0.6186600668
0.6196600668
0.6206600668
0.6216600668
0.6226600668
0.6236600668
0.6246600668
0.6256600668
0.6266600668
0.6276600668
0.6286600668
0.6296600668
0.6306600668
0.6316600668
0.6326600668
0.6336600668
0.6346600668
0.6356600668
0.6366600668
0.6376600668
0.6386600668
0.6396600668
0.6406600668
0.6416600668
0.6426600668
0.6436600668
0.6446600668
0.6456600668
0.6466600668
0.6476600668
0.6486600668
0.6496600668
0.6506600668
0.6516600668
0.6526600668
0.6536600668
0.6546600668
0.6556600668
0.6566600668
0.6576600668
0.6586600668
0.6596600668
0.6606600668
0.6616600668
0.6626600668
0.6636600668
0.6646600668
0.6656600668
0.6666600668
0.6676600668
0.6686600668
0.6696600668
0.6706600668
0.6716600668
0.6726600668
0.6736600668
0.6746600668
0.6756600668
0.6766600668
0.6776600668
0.6786600668
0.6796600668
0.6806600668
0.6816600668
0.6826600668
0.6836600668
0.6846600668
0.6856600668
0.6866600668
0.6876600668
0.6886600668
0.6896600668
0.6906600668
0.6916600668
0.6926600668
0.6936600668
0.6946600668
0.6956600668
0.6966600668
0.6976600668
0.6986600668
0.6996600668
0.7006600668
0.7016600668
0.7026600668
0.7036600668
0.7046600668
0.7056600668
0.7066600668
0.7076600668
0.7086600668
0.7096600668
0.7106600668
0.7116600668
0.7126600668
0.7136600668
0.7146600668
0.7156600668
0.7166600668
0.7176600668
0.7186600668
0.7196600668
0.7206600668
0.7216600668
0.7226600668
0.7236600668
0.7246600668
0.7256600668
0.7266600668
0.7276600668
0.7286600668
0.7296600668
0.7306600668
0.7316600668
0.7326600668
0.7336600668
0.7346600668
0.7356600668
0.7366600668
0.7376600668
0.7386600668
0.7396600668
0.7406600668
0.7416600668
0.7426600668
0.7436600668
0.7446600668
0.7456600668
0.7466600668
0.7476600668
0.7486600668
0.7496600668
0.7506600668
0.7516600668
0.7526600668
0.7536600668
0.7546600668
0.7556600668
0.7566600668
0.7576600668
0.7586600668
0.7596600668
0.7606600668
0.7616600668
0.7626600668
0.7636600668
0.7646600668
0.7656600668
0.7666600668
0.7676600668
0.7686600668
0.7696600668
0.7706600668
0.7716600668
0.7726600668
0.7736600668
0.7746600668
0.7756600668
0.7766600668
0.7776600668
0.7786600668
0.7796600668
0.7806600668
0.7816600668
0.7826600668
0.7836600668
0.7846600668
0.7856600668
0.7866600668
0.7876600668
0.7886600668
0.7896600668
0.7906600668
0.7916600668
0.7926600668
0.7936600668
0.7946600668
0.7956600668
0.7966600668
0.7976600668
0.7986600668
0.7996600668
0.8006600668
0.8016600668
0.8026600668
0.8036600668
0.8046600668
0.8056600668
0.8066600668
0.8076600668
0.8086600668
0.8096600668
0.8106600668
0.8116600668
0.8126600668
0.8136600668
0.8146600668
0.8156600668
0.8166600668
0.8176600668
0.8186600668
0.8196600668
0.8206600668
0.8216600668
0.8226600668
0.8236600668
0.8246600668
0.8256600668
0.8266600668
0.8276600668
0.8286600668
0.8296600668
0.8306600668
0.8316600668
0.8326600668
0.8336600668
0.8346600668
0.8356600668
0.8366600668
0.8376600668
0.8386600668
0.8396600668
0.8406600668
0.8416600668
0.8426600668
0.8436600668
0.8446600668
0.8456600668
0.8466600668
0.8476600668
0.8486600668
0.8496600668
0.8506600668
0.8516600668
0.8526600668
0.8536600668
0.8546600668
0.8556600668
0.8566600668
0.8576600668
0.8586600668
0.8596600668
0.8606600668
0.8616600668
0.8626600668
0.8636600668
0.8646600668
0.8656600668
0.8666600668
0.8676600668
0.8686600668
0.8696600668
0.8706600668
0.8716600668
0.8726600668
0.8736600668
0.8746600668
0.8756600668
0.8766600668
0.8776600668
0.8786600668
0.8796600668
0.8806600668
0.8816600668
0.8826600668
0.8836600668
0.8846600668
0.8856600668
0.8866600668
0.8876600668
0.8886600668
0.8896600668
0.8906600668
0.8916600668
0.8926600668
0.8936600668
0.8946600668
0.8956600668
0.8966600668
0.8976600668
0.8986600668
0.8996600668
0.9006600668
0.9016600668
0.9026600668
0.9036600668
0.9046600668
0.9056600668
0.9066600668
0.9076600668
0.9086600668
0.9096600668
0.9106600668
0.9116600668
0.9126600668
0.9136600668
0.9146600668
0.9156600668
0.9166600668
0.9176600668
0.9186600668
0.9196600668
0.9206600668
0.9216600668
0.9226600668
0.9236600668
0.9246600668
0.9256600668
0.9266600668
0.9276600668
0.9286600668
0.9296600668
0.9306600668
0.9316600668
0.9326600668
0.9336600668
0.9346600668
0.9356600668
0.9366600668
0.9376600668
0.9386600668
0.9396600668
0.9406600668
0.9416600668
0.9426600668
0.9436600668
0.9446600668
0.9456600668
0.9466600668
0.9476600668
0.9486600668
0.9496600668
0.9506600668
0.9516600668
0.9526600668
0.9536600668
0.9546600668
0.9556600668
0.9566600668
0.9576600668
0.9586600668
0.9596600668
0.9606600668
0.9616600668
0.9626600668
0.9636600668
0.9646600668
0.9656600668
0.9666600668
0.9676600668
0.9686600668
0.9696600668
0.9706600668
0.9716600668
0.9726600668
0.9736600668
0.9746600668
0.9756600668
0.9766600668
0.9776600668
0.9786600668
0.9796600668
0.9806600668
0.9816600668
0.9826600668
0.9836600668
0.9846600668
0.9856600668
0.9866600668
0.9876600668
0.9886600668
0.9896600668
0.9906600668
0.9916600668
0.9926600668
0.9936600668
