# $W$ = 400 nm, $h$ = 300 nm, $s$ = 20 nm, $d/W = 5$, $E_{\rm e}$ = 200 keV
1.2089344397
1.2099344397
1.2109344397
1.2119344397
1.2129344397
1.2139344397
1.2149344397
1.2159344397
1.2169344397
1.2179344397
1.2189344397
1.2199344397
1.2209344397
1.2219344397
1.2229344397
1.2239344397
1.2249344397
1.2259344397
1.2269344397
1.2279344397
1.2289344397
1.2299344397
1.2309344397
1.2319344397
1.2329344397
1.2339344397
1.2349344397
1.2359344397
1.2369344397
1.2379344397
1.2389344397
1.2399344397
1.2409344397
1.2419344397
1.2429344397
1.2439344397
1.2449344397
1.2459344397
1.2469344397
1.2479344397
1.2489344397
1.2499344397
1.2509344397
1.2519344397
1.2529344397
1.2539344397
1.2549344397
1.2559344397
1.2569344397
1.2579344397
1.2589344397
1.2599344397
1.2609344397
1.2619344397
1.2629344397
1.2639344397
1.2649344397
1.2659344397
1.2669344397
1.2679344397
1.2689344397
1.2699344397
1.2709344397
1.2719344397
1.2729344397
1.2739344397
1.2749344397
1.2759344397
1.2769344397
1.2779344397
1.2789344397
1.2799344397
1.2809344397
1.2819344397
1.2829344397
1.2839344397
1.2849344397
1.2859344397
1.2869344397
1.2879344397
1.2889344397
1.2899344397
1.2909344397
1.2919344397
1.2929344397
1.2939344397
1.2949344397
1.2959344397
1.2969344397
1.2979344397
1.2989344397
1.2999344397
1.3009344397
1.3019344397
1.3029344397
1.3039344397
1.3049344397
1.3059344397
1.3069344397
1.3079344397
1.3089344397
1.3099344397
1.3109344397
1.3119344397
1.3129344397
1.3139344397
1.3149344397
1.3159344397
1.3169344397
