# $W$ = 400 nm, $h$ = 300 nm, $s$ = 20 nm, $d/W = 5$, $E_{\rm e}$ = 200 keV
1.6405733670
1.6415733670
1.6425733670
1.6435733670
1.6445733670
1.6455733670
1.6465733670
1.6475733670
1.6485733670
1.6495733670
1.6505733670
1.6515733670
1.6525733670
1.6535733670
1.6545733670
1.6555733670
1.6565733670
1.6575733670
1.6585733670
1.6595733670
1.6605733670
1.6615733670
1.6625733670
1.6635733670
1.6645733670
1.6655733670
1.6665733670
1.6675733670
1.6685733670
1.6695733670
1.6705733670
1.6715733670
1.6725733670
1.6735733670
1.6745733670
1.6755733670
1.6765733670
1.6775733670
1.6785733670
1.6795733670
1.6805733670
1.6815733670
1.6825733670
1.6835733670
1.6845733670
1.6855733670
1.6865733670
1.6875733670
1.6885733670
1.6895733670
1.6905733670
1.6915733670
1.6925733670
1.6935733670
1.6945733670
1.6955733670
1.6965733670
1.6975733670
1.6985733670
1.6995733670
1.7005733670
1.7015733670
1.7025733670
1.7035733670
1.7045733670
1.7055733670
1.7065733670
1.7075733670
1.7085733670
1.7095733670
1.7105733670
1.7115733670
1.7125733670
1.7135733670
1.7145733670
1.7155733670
1.7165733670
1.7175733670
1.7185733670
1.7195733670
1.7205733670
1.7215733670
1.7225733670
1.7235733670
1.7245733670
1.7255733670
1.7265733670
1.7275733670
1.7285733670
1.7295733670
1.7305733670
1.7315733670
1.7325733670
1.7335733670
1.7345733670
1.7355733670
1.7365733670
1.7375733670
1.7385733670
1.7395733670
1.7405733670
1.7415733670
1.7425733670
1.7435733670
1.7445733670
1.7455733670
1.7465733670
1.7475733670
1.7485733670
1.7495733670
1.7505733670
1.7515733670
1.7525733670
1.7535733670
1.7545733670
1.7555733670
1.7565733670
1.7575733670
1.7585733670
1.7595733670
1.7605733670
1.7615733670
1.7625733670
1.7635733670
1.7645733670
1.7655733670
1.7665733670
1.7675733670
1.7685733670
1.7695733670
1.7705733670
1.7715733670
1.7725733670
1.7735733670
1.7745733670
1.7755733670
1.7765733670
1.7775733670
1.7785733670
1.7795733670
1.7805733670
1.7815733670
1.7825733670
1.7835733670
1.7845733670
1.7855733670
1.7865733670
1.7875733670
1.7885733670
1.7895733670
1.7905733670
1.7915733670
1.7925733670
1.7935733670
1.7945733670
1.7955733670
1.7965733670
1.7975733670
1.7985733670
1.7995733670
1.8005733670
1.8015733670
1.8025733670
1.8035733670
1.8045733670
1.8055733670
1.8065733670
1.8075733670
1.8085733670
1.8095733670
1.8105733670
1.8115733670
1.8125733670
1.8135733670
1.8145733670
1.8155733670
1.8165733670
1.8175733670
1.8185733670
1.8195733670
1.8205733670
1.8215733670
1.8225733670
1.8235733670
1.8245733670
1.8255733670
1.8265733670
1.8275733670
1.8285733670
1.8295733670
1.8305733670
1.8315733670
1.8325733670
1.8335733670
1.8345733670
1.8355733670
1.8365733670
1.8375733670
1.8385733670
1.8395733670
1.8405733670
1.8415733670
1.8425733670
1.8435733670
1.8445733670
1.8455733670
1.8465733670
1.8475733670
1.8485733670
1.8495733670
1.8505733670
1.8515733670
1.8525733670
1.8535733670
1.8545733670
1.8555733670
1.8565733670
1.8575733670
1.8585733670
1.8595733670
1.8605733670
1.8615733670
1.8625733670
1.8635733670
1.8645733670
