# $W$ = 300 nm, $h$ = 300 nm, $s$ = 20 nm, $d/W = 5$, $E_{\rm e}$ = 200 keV
1.2981918403
1.2991918403
1.3001918403
1.3011918403
1.3021918403
1.3031918403
1.3041918403
1.3051918403
1.3061918403
1.3071918403
1.3081918403
1.3091918403
1.3101918403
1.3111918403
1.3121918403
1.3131918403
1.3141918403
1.3151918403
1.3161918403
1.3171918403
1.3181918403
1.3191918403
1.3201918403
1.3211918403
1.3221918403
1.3231918403
1.3241918403
1.3251918403
1.3261918403
1.3271918403
1.3281918403
1.3291918403
1.3301918403
1.3311918403
1.3321918403
1.3331918403
1.3341918403
1.3351918403
1.3361918403
1.3371918403
1.3381918403
1.3391918403
1.3401918403
1.3411918403
1.3421918403
1.3431918403
1.3441918403
1.3451918403
1.3461918403
1.3471918403
1.3481918403
1.3491918403
1.3501918403
1.3511918403
1.3521918403
1.3531918403
1.3541918403
1.3551918403
1.3561918403
1.3571918403
1.3581918403
1.3591918403
1.3601918403
1.3611918403
1.3621918403
1.3631918403
1.3641918403
1.3651918403
1.3661918403
1.3671918403
1.3681918403
1.3691918403
1.3701918403
1.3711918403
1.3721918403
1.3731918403
1.3741918403
1.3751918403
1.3761918403
1.3771918403
1.3781918403
1.3791918403
1.3801918403
1.3811918403
1.3821918403
1.3831918403
1.3841918403
1.3851918403
1.3861918403
1.3871918403
1.3881918403
1.3891918403
1.3901918403
1.3911918403
1.3921918403
1.3931918403
1.3941918403
1.3951918403
1.3961918403
1.3971918403
1.3981918403
1.3991918403
1.4001918403
1.4011918403
1.4021918403
1.4031918403
1.4041918403
1.4051918403
1.4061918403
1.4071918403
