# $W$ = 300 nm, $h$ = 300 nm, $s$ = 20 nm, $d/W = 5$, $E_{\rm e}$ = 200 keV
0.7186326482
0.7196326482
0.7206326482
0.7216326482
0.7226326482
0.7236326482
0.7246326482
0.7256326482
0.7266326482
0.7276326482
0.7286326482
0.7296326482
0.7306326482
0.7316326482
0.7326326482
0.7336326482
0.7346326482
0.7356326482
0.7366326482
0.7376326482
0.7386326482
0.7396326482
0.7406326482
0.7416326482
0.7426326482
0.7436326482
0.7446326482
0.7456326482
0.7466326482
0.7476326482
0.7486326482
0.7496326482
0.7506326482
0.7516326482
0.7526326482
0.7536326482
0.7546326482
0.7556326482
0.7566326482
0.7576326482
0.7586326482
0.7596326482
0.7606326482
0.7616326482
0.7626326482
0.7636326482
0.7646326482
0.7656326482
0.7666326482
0.7676326482
0.7686326482
0.7696326482
0.7706326482
0.7716326482
0.7726326482
0.7736326482
0.7746326482
0.7756326482
0.7766326482
0.7776326482
0.7786326482
0.7796326482
0.7806326482
