# $W$ = 300 nm, $h$ = 300 nm, $s$ = 20 nm, $d/W = 5$, $E_{\rm e}$ = 200 keV
1.6842165808
1.6852165808
1.6862165808
1.6872165808
1.6882165808
1.6892165808
1.6902165808
1.6912165808
1.6922165808
1.6932165808
1.6942165808
1.6952165808
1.6962165808
1.6972165808
1.6982165808
1.6992165808
1.7002165808
1.7012165808
1.7022165808
1.7032165808
1.7042165808
1.7052165808
1.7062165808
1.7072165808
1.7082165808
1.7092165808
1.7102165808
1.7112165808
1.7122165808
1.7132165808
1.7142165808
1.7152165808
1.7162165808
1.7172165808
1.7182165808
1.7192165808
1.7202165808
1.7212165808
1.7222165808
1.7232165808
1.7242165808
1.7252165808
1.7262165808
1.7272165808
1.7282165808
1.7292165808
1.7302165808
1.7312165808
1.7322165808
1.7332165808
1.7342165808
1.7352165808
1.7362165808
1.7372165808
1.7382165808
1.7392165808
1.7402165808
1.7412165808
1.7422165808
1.7432165808
1.7442165808
1.7452165808
1.7462165808
1.7472165808
1.7482165808
1.7492165808
1.7502165808
1.7512165808
1.7522165808
1.7532165808
1.7542165808
1.7552165808
1.7562165808
1.7572165808
1.7582165808
1.7592165808
1.7602165808
1.7612165808
1.7622165808
1.7632165808
1.7642165808
1.7652165808
1.7662165808
1.7672165808
1.7682165808
1.7692165808
1.7702165808
1.7712165808
1.7722165808
1.7732165808
1.7742165808
1.7752165808
1.7762165808
1.7772165808
1.7782165808
1.7792165808
1.7802165808
1.7812165808
1.7822165808
1.7832165808
1.7842165808
1.7852165808
1.7862165808
1.7872165808
1.7882165808
1.7892165808
1.7902165808
1.7912165808
1.7922165808
1.7932165808
1.7942165808
1.7952165808
1.7962165808
1.7972165808
1.7982165808
1.7992165808
1.8002165808
1.8012165808
1.8022165808
1.8032165808
1.8042165808
1.8052165808
1.8062165808
1.8072165808
1.8082165808
1.8092165808
1.8102165808
1.8112165808
1.8122165808
1.8132165808
1.8142165808
1.8152165808
1.8162165808
1.8172165808
1.8182165808
1.8192165808
1.8202165808
1.8212165808
1.8222165808
1.8232165808
1.8242165808
1.8252165808
1.8262165808
1.8272165808
1.8282165808
1.8292165808
1.8302165808
1.8312165808
1.8322165808
1.8332165808
1.8342165808
1.8352165808
1.8362165808
1.8372165808
1.8382165808
1.8392165808
1.8402165808
1.8412165808
1.8422165808
1.8432165808
1.8442165808
1.8452165808
1.8462165808
1.8472165808
1.8482165808
1.8492165808
1.8502165808
1.8512165808
1.8522165808
1.8532165808
1.8542165808
1.8552165808
1.8562165808
1.8572165808
1.8582165808
1.8592165808
1.8602165808
1.8612165808
1.8622165808
1.8632165808
1.8642165808
1.8652165808
1.8662165808
1.8672165808
1.8682165808
1.8692165808
1.8702165808
1.8712165808
1.8722165808
1.8732165808
1.8742165808
1.8752165808
1.8762165808
1.8772165808
1.8782165808
1.8792165808
1.8802165808
1.8812165808
1.8822165808
1.8832165808
1.8842165808
1.8852165808
1.8862165808
1.8872165808
1.8882165808
1.8892165808
1.8902165808
1.8912165808
1.8922165808
1.8932165808
1.8942165808
1.8952165808
1.8962165808
1.8972165808
