# $W$ = 300 nm, $h$ = 300 nm, $s$ = 20 nm, $d/W = 5$, $E_{\rm e}$ = 200 keV
0.7186326416
0.7196326416
0.7206326416
0.7216326416
0.7226326416
0.7236326416
0.7246326416
0.7256326416
0.7266326416
0.7276326416
0.7286326416
0.7296326416
0.7306326416
0.7316326416
0.7326326416
0.7336326416
0.7346326416
0.7356326416
0.7366326416
0.7376326416
0.7386326416
0.7396326416
0.7406326416
0.7416326416
0.7426326416
0.7436326416
0.7446326416
0.7456326416
0.7466326416
0.7476326416
0.7486326416
0.7496326416
0.7506326416
0.7516326416
0.7526326416
0.7536326416
0.7546326416
0.7556326416
0.7566326416
0.7576326416
0.7586326416
0.7596326416
0.7606326416
0.7616326416
0.7626326416
0.7636326416
0.7646326416
0.7656326416
0.7666326416
0.7676326416
0.7686326416
0.7696326416
0.7706326416
0.7716326416
0.7726326416
0.7736326416
0.7746326416
0.7756326416
0.7766326416
0.7776326416
0.7786326416
0.7796326416
0.7806326416
