# $W$ = 400 nm, $h$ = 300 nm, $s$ = 20 nm, $d/W = 5$, $E_{\rm e}$ = 200 keV
0.2637501956
0.2647501956
0.2657501956
0.2667501956
0.2677501956
0.2687501956
0.2697501956
0.2707501956
0.2717501956
0.2727501956
0.2737501956
0.2747501956
0.2757501956
0.2767501956
0.2777501956
0.2787501956
0.2797501956
0.2807501956
0.2817501956
0.2827501956
0.2837501956
0.2847501956
0.2857501956
0.2867501956
0.2877501956
0.2887501956
0.2897501956
0.2907501956
0.2917501956
0.2927501956
0.2937501956
0.2947501956
0.2957501956
0.2967501956
0.2977501956
0.2987501956
0.2997501956
0.3007501956
0.3017501956
0.3027501956
0.3037501956
0.3047501956
0.3057501956
0.3067501956
0.3077501956
0.3087501956
0.3097501956
0.3107501956
0.3117501956
0.3127501956
0.3137501956
0.3147501956
0.3157501956
0.3167501956
0.3177501956
0.3187501956
0.3197501956
0.3207501956
0.3217501956
0.3227501956
0.3237501956
0.3247501956
0.3257501956
0.3267501956
0.3277501956
0.3287501956
0.3297501956
0.3307501956
0.3317501956
0.3327501956
0.3337501956
0.3347501956
0.3357501956
0.3367501956
0.3377501956
0.3387501956
0.3397501956
0.3407501956
0.3417501956
0.3427501956
0.3437501956
0.3447501956
0.3457501956
0.3467501956
0.3477501956
0.3487501956
0.3497501956
0.3507501956
0.3517501956
0.3527501956
0.3537501956
0.3547501956
0.3557501956
0.3567501956
0.3577501956
0.3587501956
0.3597501956
0.3607501956
0.3617501956
0.3627501956
0.3637501956
0.3647501956
0.3657501956
0.3667501956
0.3677501956
0.3687501956
0.3697501956
0.3707501956
0.3717501956
0.3727501956
0.3737501956
0.3747501956
0.3757501956
0.3767501956
0.3777501956
0.3787501956
0.3797501956
0.3807501956
0.3817501956
0.3827501956
0.3837501956
0.3847501956
0.3857501956
0.3867501956
0.3877501956
0.3887501956
0.3897501956
0.3907501956
0.3917501956
0.3927501956
0.3937501956
0.3947501956
0.3957501956
0.3967501956
0.3977501956
0.3987501956
0.3997501956
0.4007501956
0.4017501956
0.4027501956
0.4037501956
0.4047501956
0.4057501956
0.4067501956
0.4077501956
0.4087501956
0.4097501956
0.4107501956
0.4117501956
0.4127501956
0.4137501956
0.4147501956
0.4157501956
0.4167501956
0.4177501956
0.4187501956
0.4197501956
0.4207501956
0.4217501956
0.4227501956
0.4237501956
0.4247501956
0.4257501956
0.4267501956
0.4277501956
0.4287501956
0.4297501956
0.4307501956
0.4317501956
0.4327501956
0.4337501956
0.4347501956
0.4357501956
0.4367501956
0.4377501956
0.4387501956
0.4397501956
0.4407501956
0.4417501956
0.4427501956
0.4437501956
0.4447501956
0.4457501956
0.4467501956
0.4477501956
0.4487501956
0.4497501956
0.4507501956
0.4517501956
0.4527501956
0.4537501956
0.4547501956
0.4557501956
0.4567501956
0.4577501956
0.4587501956
0.4597501956
0.4607501956
0.4617501956
0.4627501956
0.4637501956
0.4647501956
0.4657501956
0.4667501956
0.4677501956
0.4687501956
0.4697501956
0.4707501956
0.4717501956
0.4727501956
0.4737501956
0.4747501956
0.4757501956
0.4767501956
0.4777501956
0.4787501956
0.4797501956
0.4807501956
0.4817501956
0.4827501956
0.4837501956
0.4847501956
0.4857501956
0.4867501956
0.4877501956
0.4887501956
0.4897501956
0.4907501956
0.4917501956
0.4927501956
0.4937501956
0.4947501956
0.4957501956
0.4967501956
0.4977501956
0.4987501956
0.4997501956
0.5007501956
0.5017501956
0.5027501956
0.5037501956
0.5047501956
0.5057501956
0.5067501956
0.5077501956
0.5087501956
0.5097501956
0.5107501956
0.5117501956
0.5127501956
0.5137501956
0.5147501956
0.5157501956
0.5167501956
0.5177501956
0.5187501956
0.5197501956
0.5207501956
0.5217501956
0.5227501956
0.5237501956
0.5247501956
0.5257501956
0.5267501956
0.5277501956
0.5287501956
0.5297501956
0.5307501956
0.5317501956
0.5327501956
0.5337501956
0.5347501956
0.5357501956
0.5367501956
0.5377501956
0.5387501956
0.5397501956
0.5407501956
0.5417501956
0.5427501956
0.5437501956
0.5447501956
0.5457501956
0.5467501956
0.5477501956
0.5487501956
0.5497501956
0.5507501956
0.5517501956
0.5527501956
0.5537501956
0.5547501956
0.5557501956
0.5567501956
0.5577501956
0.5587501956
0.5597501956
0.5607501956
0.5617501956
0.5627501956
0.5637501956
0.5647501956
0.5657501956
0.5667501956
0.5677501956
0.5687501956
0.5697501956
0.5707501956
0.5717501956
0.5727501956
0.5737501956
0.5747501956
0.5757501956
0.5767501956
0.5777501956
0.5787501956
0.5797501956
0.5807501956
0.5817501956
0.5827501956
0.5837501956
0.5847501956
0.5857501956
0.5867501956
0.5877501956
0.5887501956
0.5897501956
0.5907501956
0.5917501956
0.5927501956
0.5937501956
0.5947501956
0.5957501956
0.5967501956
0.5977501956
0.5987501956
0.5997501956
0.6007501956
0.6017501956
0.6027501956
0.6037501956
0.6047501956
0.6057501956
0.6067501956
0.6077501956
0.6087501956
0.6097501956
0.6107501956
0.6117501956
0.6127501956
0.6137501956
0.6147501956
0.6157501956
0.6167501956
0.6177501956
0.6187501956
0.6197501956
0.6207501956
0.6217501956
0.6227501956
0.6237501956
0.6247501956
0.6257501956
0.6267501956
0.6277501956
0.6287501956
0.6297501956
0.6307501956
0.6317501956
0.6327501956
0.6337501956
0.6347501956
0.6357501956
0.6367501956
0.6377501956
0.6387501956
0.6397501956
0.6407501956
0.6417501956
0.6427501956
0.6437501956
0.6447501956
0.6457501956
0.6467501956
0.6477501956
0.6487501956
0.6497501956
0.6507501956
0.6517501956
0.6527501956
0.6537501956
0.6547501956
0.6557501956
0.6567501956
0.6577501956
0.6587501956
0.6597501956
0.6607501956
0.6617501956
0.6627501956
0.6637501956
0.6647501956
0.6657501956
0.6667501956
0.6677501956
0.6687501956
0.6697501956
0.6707501956
0.6717501956
0.6727501956
0.6737501956
0.6747501956
0.6757501956
0.6767501956
0.6777501956
0.6787501956
0.6797501956
0.6807501956
0.6817501956
0.6827501956
0.6837501956
0.6847501956
0.6857501956
0.6867501956
0.6877501956
0.6887501956
0.6897501956
0.6907501956
0.6917501956
0.6927501956
0.6937501956
0.6947501956
0.6957501956
0.6967501956
0.6977501956
0.6987501956
0.6997501956
0.7007501956
0.7017501956
0.7027501956
0.7037501956
0.7047501956
0.7057501956
0.7067501956
0.7077501956
0.7087501956
0.7097501956
0.7107501956
0.7117501956
0.7127501956
0.7137501956
0.7147501956
0.7157501956
0.7167501956
0.7177501956
0.7187501956
0.7197501956
0.7207501956
0.7217501956
0.7227501956
0.7237501956
0.7247501956
0.7257501956
0.7267501956
0.7277501956
0.7287501956
0.7297501956
0.7307501956
0.7317501956
0.7327501956
0.7337501956
0.7347501956
0.7357501956
0.7367501956
0.7377501956
0.7387501956
0.7397501956
0.7407501956
0.7417501956
0.7427501956
0.7437501956
0.7447501956
0.7457501956
0.7467501956
0.7477501956
0.7487501956
0.7497501956
0.7507501956
0.7517501956
0.7527501956
0.7537501956
0.7547501956
0.7557501956
0.7567501956
0.7577501956
0.7587501956
0.7597501956
0.7607501956
0.7617501956
0.7627501956
0.7637501956
0.7647501956
0.7657501956
0.7667501956
0.7677501956
0.7687501956
0.7697501956
0.7707501956
0.7717501956
0.7727501956
0.7737501956
0.7747501956
0.7757501956
0.7767501956
0.7777501956
0.7787501956
0.7797501956
0.7807501956
0.7817501956
0.7827501956
0.7837501956
0.7847501956
0.7857501956
0.7867501956
0.7877501956
0.7887501956
0.7897501956
0.7907501956
0.7917501956
0.7927501956
0.7937501956
0.7947501956
0.7957501956
0.7967501956
0.7977501956
0.7987501956
0.7997501956
0.8007501956
0.8017501956
0.8027501956
0.8037501956
0.8047501956
0.8057501956
0.8067501956
0.8077501956
0.8087501956
0.8097501956
0.8107501956
0.8117501956
0.8127501956
0.8137501956
0.8147501956
0.8157501956
0.8167501956
0.8177501956
0.8187501956
0.8197501956
0.8207501956
0.8217501956
0.8227501956
0.8237501956
0.8247501956
0.8257501956
0.8267501956
0.8277501956
0.8287501956
0.8297501956
0.8307501956
0.8317501956
0.8327501956
0.8337501956
0.8347501956
0.8357501956
0.8367501956
0.8377501956
0.8387501956
0.8397501956
0.8407501956
0.8417501956
0.8427501956
0.8437501956
0.8447501956
0.8457501956
0.8467501956
0.8477501956
0.8487501956
0.8497501956
0.8507501956
0.8517501956
0.8527501956
0.8537501956
0.8547501956
0.8557501956
0.8567501956
0.8577501956
0.8587501956
0.8597501956
0.8607501956
0.8617501956
0.8627501956
0.8637501956
0.8647501956
0.8657501956
0.8667501956
0.8677501956
0.8687501956
0.8697501956
0.8707501956
0.8717501956
0.8727501956
0.8737501956
0.8747501956
0.8757501956
0.8767501956
0.8777501956
0.8787501956
0.8797501956
0.8807501956
0.8817501956
0.8827501956
0.8837501956
0.8847501956
0.8857501956
0.8867501956
0.8877501956
0.8887501956
0.8897501956
0.8907501956
0.8917501956
0.8927501956
0.8937501956
0.8947501956
0.8957501956
0.8967501956
0.8977501956
0.8987501956
0.8997501956
0.9007501956
0.9017501956
0.9027501956
0.9037501956
0.9047501956
0.9057501956
0.9067501956
0.9077501956
0.9087501956
0.9097501956
0.9107501956
0.9117501956
0.9127501956
0.9137501956
0.9147501956
0.9157501956
0.9167501956
0.9177501956
0.9187501956
0.9197501956
0.9207501956
0.9217501956
0.9227501956
0.9237501956
0.9247501956
0.9257501956
0.9267501956
0.9277501956
0.9287501956
0.9297501956
0.9307501956
0.9317501956
0.9327501956
0.9337501956
0.9347501956
0.9357501956
0.9367501956
0.9377501956
0.9387501956
0.9397501956
0.9407501956
0.9417501956
0.9427501956
0.9437501956
0.9447501956
0.9457501956
0.9467501956
0.9477501956
0.9487501956
0.9497501956
0.9507501956
0.9517501956
0.9527501956
0.9537501956
0.9547501956
0.9557501956
0.9567501956
0.9577501956
0.9587501956
0.9597501956
0.9607501956
0.9617501956
0.9627501956
0.9637501956
0.9647501956
0.9657501956
0.9667501956
0.9677501956
0.9687501956
0.9697501956
0.9707501956
0.9717501956
0.9727501956
0.9737501956
0.9747501956
0.9757501956
0.9767501956
0.9777501956
0.9787501956
0.9797501956
0.9807501956
0.9817501956
0.9827501956
0.9837501956
0.9847501956
0.9857501956
0.9867501956
0.9877501956
0.9887501956
0.9897501956
0.9907501956
0.9917501956
0.9927501956
