# $W$ = 300 nm, $h$ = 300 nm, $s$ = 20 nm, $d/W = 5$, $E_{\rm e}$ = 200 keV
1.1707434781
1.1717434781
1.1727434781
1.1737434781
1.1747434781
1.1757434781
1.1767434781
1.1777434781
1.1787434781
1.1797434781
1.1807434781
1.1817434781
1.1827434781
1.1837434781
1.1847434781
1.1857434781
1.1867434781
1.1877434781
1.1887434781
1.1897434781
1.1907434781
1.1917434781
1.1927434781
1.1937434781
1.1947434781
1.1957434781
1.1967434781
1.1977434781
1.1987434781
1.1997434781
1.2007434781
1.2017434781
1.2027434781
1.2037434781
1.2047434781
1.2057434781
1.2067434781
1.2077434781
1.2087434781
1.2097434781
1.2107434781
1.2117434781
1.2127434781
1.2137434781
1.2147434781
1.2157434781
1.2167434781
1.2177434781
1.2187434781
1.2197434781
1.2207434781
1.2217434781
1.2227434781
1.2237434781
1.2247434781
1.2257434781
1.2267434781
1.2277434781
1.2287434781
1.2297434781
1.2307434781
1.2317434781
1.2327434781
1.2337434781
1.2347434781
1.2357434781
1.2367434781
1.2377434781
1.2387434781
1.2397434781
1.2407434781
1.2417434781
1.2427434781
1.2437434781
1.2447434781
1.2457434781
1.2467434781
1.2477434781
1.2487434781
1.2497434781
1.2507434781
1.2517434781
1.2527434781
1.2537434781
1.2547434781
1.2557434781
1.2567434781
1.2577434781
1.2587434781
1.2597434781
1.2607434781
1.2617434781
1.2627434781
1.2637434781
1.2647434781
1.2657434781
1.2667434781
1.2677434781
1.2687434781
1.2697434781
1.2707434781
1.2717434781
1.2727434781
1.2737434781
