# $W$ = 300 nm, $h$ = 300 nm, $s$ = 20 nm, $d/W = 5$, $E_{\rm e}$ = 200 keV
1.3018918652
1.3028918652
1.3038918652
1.3048918652
1.3058918652
1.3068918652
1.3078918652
1.3088918652
1.3098918652
1.3108918652
1.3118918652
1.3128918652
1.3138918652
1.3148918652
1.3158918652
1.3168918652
1.3178918652
1.3188918652
1.3198918652
1.3208918652
1.3218918652
1.3228918652
1.3238918652
1.3248918652
1.3258918652
1.3268918652
1.3278918652
1.3288918652
1.3298918652
1.3308918652
1.3318918652
1.3328918652
1.3338918652
1.3348918652
1.3358918652
1.3368918652
1.3378918652
1.3388918652
1.3398918652
1.3408918652
1.3418918652
1.3428918652
1.3438918652
1.3448918652
1.3458918652
1.3468918652
1.3478918652
1.3488918652
1.3498918652
1.3508918652
1.3518918652
1.3528918652
1.3538918652
1.3548918652
1.3558918652
1.3568918652
1.3578918652
1.3588918652
1.3598918652
1.3608918652
1.3618918652
1.3628918652
1.3638918652
1.3648918652
1.3658918652
1.3668918652
1.3678918652
1.3688918652
1.3698918652
1.3708918652
1.3718918652
1.3728918652
1.3738918652
1.3748918652
1.3758918652
1.3768918652
1.3778918652
1.3788918652
1.3798918652
1.3808918652
1.3818918652
1.3828918652
1.3838918652
1.3848918652
1.3858918652
1.3868918652
1.3878918652
1.3888918652
1.3898918652
1.3908918652
1.3918918652
1.3928918652
1.3938918652
1.3948918652
1.3958918652
1.3968918652
1.3978918652
1.3988918652
1.3998918652
1.4008918652
1.4018918652
1.4028918652
