# $W$ = 400 nm, $h$ = 300 nm, $s$ = 20 nm, $d/W = 5$, $E_{\rm e}$ = 200 keV
0.6729992939
0.6739992939
0.6749992939
0.6759992939
0.6769992939
0.6779992939
0.6789992939
0.6799992939
0.6809992939
0.6819992939
0.6829992939
0.6839992939
0.6849992939
0.6859992939
0.6869992939
0.6879992939
0.6889992939
0.6899992939
0.6909992939
0.6919992939
0.6929992939
0.6939992939
0.6949992939
0.6959992939
0.6969992939
0.6979992939
0.6989992939
0.6999992939
0.7009992939
0.7019992939
0.7029992939
0.7039992939
0.7049992939
0.7059992939
0.7069992939
0.7079992939
0.7089992939
0.7099992939
0.7109992939
0.7119992939
0.7129992939
0.7139992939
0.7149992939
0.7159992939
0.7169992939
0.7179992939
0.7189992939
0.7199992939
0.7209992939
0.7219992939
0.7229992939
0.7239992939
0.7249992939
0.7259992939
0.7269992939
0.7279992939
0.7289992939
0.7299992939
