# $W$ = 300 nm, $h$ = 300 nm, $s$ = 20 nm, $d/W = 5$, $E_{\rm e}$ = 200 keV
1.2999674598
1.3009674598
1.3019674598
1.3029674598
1.3039674598
1.3049674598
1.3059674598
1.3069674598
1.3079674598
1.3089674598
1.3099674598
1.3109674598
1.3119674598
1.3129674598
1.3139674598
1.3149674598
1.3159674598
1.3169674598
1.3179674598
1.3189674598
1.3199674598
1.3209674598
1.3219674598
1.3229674598
1.3239674598
1.3249674598
1.3259674598
1.3269674598
1.3279674598
1.3289674598
1.3299674598
1.3309674598
1.3319674598
1.3329674598
1.3339674598
1.3349674598
1.3359674598
1.3369674598
1.3379674598
1.3389674598
1.3399674598
1.3409674598
1.3419674598
1.3429674598
1.3439674598
1.3449674598
1.3459674598
1.3469674598
1.3479674598
1.3489674598
1.3499674598
1.3509674598
1.3519674598
1.3529674598
1.3539674598
1.3549674598
1.3559674598
1.3569674598
1.3579674598
1.3589674598
1.3599674598
1.3609674598
1.3619674598
1.3629674598
1.3639674598
1.3649674598
1.3659674598
1.3669674598
1.3679674598
1.3689674598
1.3699674598
1.3709674598
1.3719674598
1.3729674598
1.3739674598
1.3749674598
1.3759674598
1.3769674598
1.3779674598
1.3789674598
1.3799674598
1.3809674598
1.3819674598
1.3829674598
1.3839674598
1.3849674598
1.3859674598
1.3869674598
1.3879674598
1.3889674598
1.3899674598
1.3909674598
1.3919674598
1.3929674598
1.3939674598
1.3949674598
1.3959674598
1.3969674598
1.3979674598
1.3989674598
1.3999674598
1.4009674598
1.4019674598
1.4029674598
1.4039674598
1.4049674598
