# $W$ = 300 nm, $h$ = 300 nm, $s$ = 20 nm, $d/W = 5$, $E_{\rm e}$ = 200 keV
0.7186286858
0.7196286858
0.7206286858
0.7216286858
0.7226286858
0.7236286858
0.7246286858
0.7256286858
0.7266286858
0.7276286858
0.7286286858
0.7296286858
0.7306286858
0.7316286858
0.7326286858
0.7336286858
0.7346286858
0.7356286858
0.7366286858
0.7376286858
0.7386286858
0.7396286858
0.7406286858
0.7416286858
0.7426286858
0.7436286858
0.7446286858
0.7456286858
0.7466286858
0.7476286858
0.7486286858
0.7496286858
0.7506286858
0.7516286858
0.7526286858
0.7536286858
0.7546286858
0.7556286858
0.7566286858
0.7576286858
0.7586286858
0.7596286858
0.7606286858
0.7616286858
0.7626286858
0.7636286858
0.7646286858
0.7656286858
0.7666286858
0.7676286858
0.7686286858
0.7696286858
0.7706286858
0.7716286858
0.7726286858
0.7736286858
0.7746286858
0.7756286858
0.7766286858
0.7776286858
0.7786286858
0.7796286858
0.7806286858
