# $W$ = 300 nm, $h$ = 300 nm, $s$ = 20 nm, $d/W = 5$, $E_{\rm e}$ = 200 keV
1.6842172712
1.6852172712
1.6862172712
1.6872172712
1.6882172712
1.6892172712
1.6902172712
1.6912172712
1.6922172712
1.6932172712
1.6942172712
1.6952172712
1.6962172712
1.6972172712
1.6982172712
1.6992172712
1.7002172712
1.7012172712
1.7022172712
1.7032172712
1.7042172712
1.7052172712
1.7062172712
1.7072172712
1.7082172712
1.7092172712
1.7102172712
1.7112172712
1.7122172712
1.7132172712
1.7142172712
1.7152172712
1.7162172712
1.7172172712
1.7182172712
1.7192172712
1.7202172712
1.7212172712
1.7222172712
1.7232172712
1.7242172712
1.7252172712
1.7262172712
1.7272172712
1.7282172712
1.7292172712
1.7302172712
1.7312172712
1.7322172712
1.7332172712
1.7342172712
1.7352172712
1.7362172712
1.7372172712
1.7382172712
1.7392172712
1.7402172712
1.7412172712
1.7422172712
1.7432172712
1.7442172712
1.7452172712
1.7462172712
1.7472172712
1.7482172712
1.7492172712
1.7502172712
1.7512172712
1.7522172712
1.7532172712
1.7542172712
1.7552172712
1.7562172712
1.7572172712
1.7582172712
1.7592172712
1.7602172712
1.7612172712
1.7622172712
1.7632172712
1.7642172712
1.7652172712
1.7662172712
1.7672172712
1.7682172712
1.7692172712
1.7702172712
1.7712172712
1.7722172712
1.7732172712
1.7742172712
1.7752172712
1.7762172712
1.7772172712
1.7782172712
1.7792172712
1.7802172712
1.7812172712
1.7822172712
1.7832172712
1.7842172712
1.7852172712
1.7862172712
1.7872172712
1.7882172712
1.7892172712
1.7902172712
1.7912172712
1.7922172712
1.7932172712
1.7942172712
1.7952172712
1.7962172712
1.7972172712
1.7982172712
1.7992172712
1.8002172712
1.8012172712
1.8022172712
1.8032172712
1.8042172712
1.8052172712
1.8062172712
1.8072172712
1.8082172712
1.8092172712
1.8102172712
1.8112172712
1.8122172712
1.8132172712
1.8142172712
1.8152172712
1.8162172712
1.8172172712
1.8182172712
1.8192172712
1.8202172712
1.8212172712
1.8222172712
1.8232172712
1.8242172712
1.8252172712
1.8262172712
1.8272172712
1.8282172712
1.8292172712
1.8302172712
1.8312172712
1.8322172712
1.8332172712
1.8342172712
1.8352172712
1.8362172712
1.8372172712
1.8382172712
1.8392172712
1.8402172712
1.8412172712
1.8422172712
1.8432172712
1.8442172712
1.8452172712
1.8462172712
1.8472172712
1.8482172712
1.8492172712
1.8502172712
1.8512172712
1.8522172712
1.8532172712
1.8542172712
1.8552172712
1.8562172712
1.8572172712
1.8582172712
1.8592172712
1.8602172712
1.8612172712
1.8622172712
1.8632172712
1.8642172712
1.8652172712
1.8662172712
1.8672172712
1.8682172712
1.8692172712
1.8702172712
1.8712172712
1.8722172712
1.8732172712
1.8742172712
1.8752172712
1.8762172712
1.8772172712
1.8782172712
1.8792172712
1.8802172712
1.8812172712
1.8822172712
1.8832172712
1.8842172712
1.8852172712
1.8862172712
1.8872172712
1.8882172712
1.8892172712
1.8902172712
1.8912172712
1.8922172712
1.8932172712
1.8942172712
1.8952172712
1.8962172712
1.8972172712
