# $W$ = 300 nm, $h$ = 300 nm, $s$ = 20 nm, $d/W = 5$, $E_{\rm e}$ = 200 keV
1.1707978249
1.1717978249
1.1727978249
1.1737978249
1.1747978249
1.1757978249
1.1767978249
1.1777978249
1.1787978249
1.1797978249
1.1807978249
1.1817978249
1.1827978249
1.1837978249
1.1847978249
1.1857978249
1.1867978249
1.1877978249
1.1887978249
1.1897978249
1.1907978249
1.1917978249
1.1927978249
1.1937978249
1.1947978249
1.1957978249
1.1967978249
1.1977978249
1.1987978249
1.1997978249
1.2007978249
1.2017978249
1.2027978249
1.2037978249
1.2047978249
1.2057978249
1.2067978249
1.2077978249
1.2087978249
1.2097978249
1.2107978249
1.2117978249
1.2127978249
1.2137978249
1.2147978249
1.2157978249
1.2167978249
1.2177978249
1.2187978249
1.2197978249
1.2207978249
1.2217978249
1.2227978249
1.2237978249
1.2247978249
1.2257978249
1.2267978249
1.2277978249
1.2287978249
1.2297978249
1.2307978249
1.2317978249
1.2327978249
1.2337978249
1.2347978249
1.2357978249
1.2367978249
1.2377978249
1.2387978249
1.2397978249
1.2407978249
1.2417978249
1.2427978249
1.2437978249
1.2447978249
1.2457978249
1.2467978249
1.2477978249
1.2487978249
1.2497978249
1.2507978249
1.2517978249
1.2527978249
1.2537978249
1.2547978249
1.2557978249
1.2567978249
1.2577978249
1.2587978249
1.2597978249
1.2607978249
1.2617978249
1.2627978249
1.2637978249
1.2647978249
1.2657978249
1.2667978249
1.2677978249
1.2687978249
1.2697978249
1.2707978249
1.2717978249
1.2727978249
1.2737978249
