# $W$ = 300 nm, $h$ = 300 nm, $s$ = 20 nm, $d/W = 5$, $E_{\rm e}$ = 200 keV
1.1707968281
1.1717968281
1.1727968281
1.1737968281
1.1747968281
1.1757968281
1.1767968281
1.1777968281
1.1787968281
1.1797968281
1.1807968281
1.1817968281
1.1827968281
1.1837968281
1.1847968281
1.1857968281
1.1867968281
1.1877968281
1.1887968281
1.1897968281
1.1907968281
1.1917968281
1.1927968281
1.1937968281
1.1947968281
1.1957968281
1.1967968281
1.1977968281
1.1987968281
1.1997968281
1.2007968281
1.2017968281
1.2027968281
1.2037968281
1.2047968281
1.2057968281
1.2067968281
1.2077968281
1.2087968281
1.2097968281
1.2107968281
1.2117968281
1.2127968281
1.2137968281
1.2147968281
1.2157968281
1.2167968281
1.2177968281
1.2187968281
1.2197968281
1.2207968281
1.2217968281
1.2227968281
1.2237968281
1.2247968281
1.2257968281
1.2267968281
1.2277968281
1.2287968281
1.2297968281
1.2307968281
1.2317968281
1.2327968281
1.2337968281
1.2347968281
1.2357968281
1.2367968281
1.2377968281
1.2387968281
1.2397968281
1.2407968281
1.2417968281
1.2427968281
1.2437968281
1.2447968281
1.2457968281
1.2467968281
1.2477968281
1.2487968281
1.2497968281
1.2507968281
1.2517968281
1.2527968281
1.2537968281
1.2547968281
1.2557968281
1.2567968281
1.2577968281
1.2587968281
1.2597968281
1.2607968281
1.2617968281
1.2627968281
1.2637968281
1.2647968281
1.2657968281
1.2667968281
1.2677968281
1.2687968281
1.2697968281
1.2707968281
1.2717968281
1.2727968281
1.2737968281
