# $W$ = 300 nm, $h$ = 300 nm, $s$ = 20 nm, $d/W = 5$, $E_{\rm e}$ = 200 keV
1.1707983271
1.1717983271
1.1727983271
1.1737983271
1.1747983271
1.1757983271
1.1767983271
1.1777983271
1.1787983271
1.1797983271
1.1807983271
1.1817983271
1.1827983271
1.1837983271
1.1847983271
1.1857983271
1.1867983271
1.1877983271
1.1887983271
1.1897983271
1.1907983271
1.1917983271
1.1927983271
1.1937983271
1.1947983271
1.1957983271
1.1967983271
1.1977983271
1.1987983271
1.1997983271
1.2007983271
1.2017983271
1.2027983271
1.2037983271
1.2047983271
1.2057983271
1.2067983271
1.2077983271
1.2087983271
1.2097983271
1.2107983271
1.2117983271
1.2127983271
1.2137983271
1.2147983271
1.2157983271
1.2167983271
1.2177983271
1.2187983271
1.2197983271
1.2207983271
1.2217983271
1.2227983271
1.2237983271
1.2247983271
1.2257983271
1.2267983271
1.2277983271
1.2287983271
1.2297983271
1.2307983271
1.2317983271
1.2327983271
1.2337983271
1.2347983271
1.2357983271
1.2367983271
1.2377983271
1.2387983271
1.2397983271
1.2407983271
1.2417983271
1.2427983271
1.2437983271
1.2447983271
1.2457983271
1.2467983271
1.2477983271
1.2487983271
1.2497983271
1.2507983271
1.2517983271
1.2527983271
1.2537983271
1.2547983271
1.2557983271
1.2567983271
1.2577983271
1.2587983271
1.2597983271
1.2607983271
1.2617983271
1.2627983271
1.2637983271
1.2647983271
1.2657983271
1.2667983271
1.2677983271
1.2687983271
1.2697983271
1.2707983271
1.2717983271
1.2727983271
1.2737983271
