# $W$ = 300 nm, $h$ = 300 nm, $s$ = 20 nm, $d/W = 5$, $E_{\rm e}$ = 200 keV
0.7186367187
0.7196367187
0.7206367187
0.7216367187
0.7226367187
0.7236367187
0.7246367187
0.7256367187
0.7266367187
0.7276367187
0.7286367187
0.7296367187
0.7306367187
0.7316367187
0.7326367187
0.7336367187
0.7346367187
0.7356367187
0.7366367187
0.7376367187
0.7386367187
0.7396367187
0.7406367187
0.7416367187
0.7426367187
0.7436367187
0.7446367187
0.7456367187
0.7466367187
0.7476367187
0.7486367187
0.7496367187
0.7506367187
0.7516367187
0.7526367187
0.7536367187
0.7546367187
0.7556367187
0.7566367187
0.7576367187
0.7586367187
0.7596367187
0.7606367187
0.7616367187
0.7626367187
0.7636367187
0.7646367187
0.7656367187
0.7666367187
0.7676367187
0.7686367187
0.7696367187
0.7706367187
0.7716367187
0.7726367187
0.7736367187
0.7746367187
0.7756367187
0.7766367187
0.7776367187
0.7786367187
0.7796367187
0.7806367187
