# $W$ = 300 nm, $h$ = 300 nm, $s$ = 20 nm, $d/W = 5$, $E_{\rm e}$ = 200 keV
1.3018918075
1.3028918075
1.3038918075
1.3048918075
1.3058918075
1.3068918075
1.3078918075
1.3088918075
1.3098918075
1.3108918075
1.3118918075
1.3128918075
1.3138918075
1.3148918075
1.3158918075
1.3168918075
1.3178918075
1.3188918075
1.3198918075
1.3208918075
1.3218918075
1.3228918075
1.3238918075
1.3248918075
1.3258918075
1.3268918075
1.3278918075
1.3288918075
1.3298918075
1.3308918075
1.3318918075
1.3328918075
1.3338918075
1.3348918075
1.3358918075
1.3368918075
1.3378918075
1.3388918075
1.3398918075
1.3408918075
1.3418918075
1.3428918075
1.3438918075
1.3448918075
1.3458918075
1.3468918075
1.3478918075
1.3488918075
1.3498918075
1.3508918075
1.3518918075
1.3528918075
1.3538918075
1.3548918075
1.3558918075
1.3568918075
1.3578918075
1.3588918075
1.3598918075
1.3608918075
1.3618918075
1.3628918075
1.3638918075
1.3648918075
1.3658918075
1.3668918075
1.3678918075
1.3688918075
1.3698918075
1.3708918075
1.3718918075
1.3728918075
1.3738918075
1.3748918075
1.3758918075
1.3768918075
1.3778918075
1.3788918075
1.3798918075
1.3808918075
1.3818918075
1.3828918075
1.3838918075
1.3848918075
1.3858918075
1.3868918075
1.3878918075
1.3888918075
1.3898918075
1.3908918075
1.3918918075
1.3928918075
1.3938918075
1.3948918075
1.3958918075
1.3968918075
1.3978918075
1.3988918075
1.3998918075
1.4008918075
1.4018918075
1.4028918075
