# $W$ = 400 nm, $h$ = 300 nm, $s$ = 20 nm, $d/W = 5$, $E_{\rm e}$ = 200 keV
0.6729982614
0.6739982614
0.6749982614
0.6759982614
0.6769982614
0.6779982614
0.6789982614
0.6799982614
0.6809982614
0.6819982614
0.6829982614
0.6839982614
0.6849982614
0.6859982614
0.6869982614
0.6879982614
0.6889982614
0.6899982614
0.6909982614
0.6919982614
0.6929982614
0.6939982614
0.6949982614
0.6959982614
0.6969982614
0.6979982614
0.6989982614
0.6999982614
0.7009982614
0.7019982614
0.7029982614
0.7039982614
0.7049982614
0.7059982614
0.7069982614
0.7079982614
0.7089982614
0.7099982614
0.7109982614
0.7119982614
0.7129982614
0.7139982614
0.7149982614
0.7159982614
0.7169982614
0.7179982614
0.7189982614
0.7199982614
0.7209982614
0.7219982614
0.7229982614
0.7239982614
0.7249982614
0.7259982614
0.7269982614
0.7279982614
0.7289982614
0.7299982614
