# $W$ = 300 nm, $h$ = 300 nm, $s$ = 20 nm, $d/W = 5$, $E_{\rm e}$ = 200 keV
1.1707438539
1.1717438539
1.1727438539
1.1737438539
1.1747438539
1.1757438539
1.1767438539
1.1777438539
1.1787438539
1.1797438539
1.1807438539
1.1817438539
1.1827438539
1.1837438539
1.1847438539
1.1857438539
1.1867438539
1.1877438539
1.1887438539
1.1897438539
1.1907438539
1.1917438539
1.1927438539
1.1937438539
1.1947438539
1.1957438539
1.1967438539
1.1977438539
1.1987438539
1.1997438539
1.2007438539
1.2017438539
1.2027438539
1.2037438539
1.2047438539
1.2057438539
1.2067438539
1.2077438539
1.2087438539
1.2097438539
1.2107438539
1.2117438539
1.2127438539
1.2137438539
1.2147438539
1.2157438539
1.2167438539
1.2177438539
1.2187438539
1.2197438539
1.2207438539
1.2217438539
1.2227438539
1.2237438539
1.2247438539
1.2257438539
1.2267438539
1.2277438539
1.2287438539
1.2297438539
1.2307438539
1.2317438539
1.2327438539
1.2337438539
1.2347438539
1.2357438539
1.2367438539
1.2377438539
1.2387438539
1.2397438539
1.2407438539
1.2417438539
1.2427438539
1.2437438539
1.2447438539
1.2457438539
1.2467438539
1.2477438539
1.2487438539
1.2497438539
1.2507438539
1.2517438539
1.2527438539
1.2537438539
1.2547438539
1.2557438539
1.2567438539
1.2577438539
1.2587438539
1.2597438539
1.2607438539
1.2617438539
1.2627438539
1.2637438539
1.2647438539
1.2657438539
1.2667438539
1.2677438539
1.2687438539
1.2697438539
1.2707438539
1.2717438539
1.2727438539
1.2737438539
