# $W$ = 300 nm, $h$ = 300 nm, $s$ = 20 nm, $d/W = 5$, $E_{\rm e}$ = 200 keV
1.2998732981
1.3008732981
1.3018732981
1.3028732981
1.3038732981
1.3048732981
1.3058732981
1.3068732981
1.3078732981
1.3088732981
1.3098732981
1.3108732981
1.3118732981
1.3128732981
1.3138732981
1.3148732981
1.3158732981
1.3168732981
1.3178732981
1.3188732981
1.3198732981
1.3208732981
1.3218732981
1.3228732981
1.3238732981
1.3248732981
1.3258732981
1.3268732981
1.3278732981
1.3288732981
1.3298732981
1.3308732981
1.3318732981
1.3328732981
1.3338732981
1.3348732981
1.3358732981
1.3368732981
1.3378732981
1.3388732981
1.3398732981
1.3408732981
1.3418732981
1.3428732981
1.3438732981
1.3448732981
1.3458732981
1.3468732981
1.3478732981
1.3488732981
1.3498732981
1.3508732981
1.3518732981
1.3528732981
1.3538732981
1.3548732981
1.3558732981
1.3568732981
1.3578732981
1.3588732981
1.3598732981
1.3608732981
1.3618732981
1.3628732981
1.3638732981
1.3648732981
1.3658732981
1.3668732981
1.3678732981
1.3688732981
1.3698732981
1.3708732981
1.3718732981
1.3728732981
1.3738732981
1.3748732981
1.3758732981
1.3768732981
1.3778732981
1.3788732981
1.3798732981
1.3808732981
1.3818732981
1.3828732981
1.3838732981
1.3848732981
1.3858732981
1.3868732981
1.3878732981
1.3888732981
1.3898732981
1.3908732981
1.3918732981
1.3928732981
1.3938732981
1.3948732981
1.3958732981
1.3968732981
1.3978732981
1.3988732981
1.3998732981
1.4008732981
1.4018732981
1.4028732981
1.4038732981
1.4048732981
