# $W$ = 300 nm, $h$ = 300 nm, $s$ = 20 nm, $d/W = 5$, $E_{\rm e}$ = 200 keV
1.2981888557
1.2991888557
1.3001888557
1.3011888557
1.3021888557
1.3031888557
1.3041888557
1.3051888557
1.3061888557
1.3071888557
1.3081888557
1.3091888557
1.3101888557
1.3111888557
1.3121888557
1.3131888557
1.3141888557
1.3151888557
1.3161888557
1.3171888557
1.3181888557
1.3191888557
1.3201888557
1.3211888557
1.3221888557
1.3231888557
1.3241888557
1.3251888557
1.3261888557
1.3271888557
1.3281888557
1.3291888557
1.3301888557
1.3311888557
1.3321888557
1.3331888557
1.3341888557
1.3351888557
1.3361888557
1.3371888557
1.3381888557
1.3391888557
1.3401888557
1.3411888557
1.3421888557
1.3431888557
1.3441888557
1.3451888557
1.3461888557
1.3471888557
1.3481888557
1.3491888557
1.3501888557
1.3511888557
1.3521888557
1.3531888557
1.3541888557
1.3551888557
1.3561888557
1.3571888557
1.3581888557
1.3591888557
1.3601888557
1.3611888557
1.3621888557
1.3631888557
1.3641888557
1.3651888557
1.3661888557
1.3671888557
1.3681888557
1.3691888557
1.3701888557
1.3711888557
1.3721888557
1.3731888557
1.3741888557
1.3751888557
1.3761888557
1.3771888557
1.3781888557
1.3791888557
1.3801888557
1.3811888557
1.3821888557
1.3831888557
1.3841888557
1.3851888557
1.3861888557
1.3871888557
1.3881888557
1.3891888557
1.3901888557
1.3911888557
1.3921888557
1.3931888557
1.3941888557
1.3951888557
1.3961888557
1.3971888557
1.3981888557
1.3991888557
1.4001888557
1.4011888557
1.4021888557
1.4031888557
1.4041888557
1.4051888557
1.4061888557
1.4071888557
