# $W$ = 400 nm, $h$ = 300 nm, $s$ = 20 nm, $d/W = 5$, $E_{\rm e}$ = 200 keV
1.2089344396
1.2099344396
1.2109344396
1.2119344396
1.2129344396
1.2139344396
1.2149344396
1.2159344396
1.2169344396
1.2179344396
1.2189344396
1.2199344396
1.2209344396
1.2219344396
1.2229344396
1.2239344396
1.2249344396
1.2259344396
1.2269344396
1.2279344396
1.2289344396
1.2299344396
1.2309344396
1.2319344396
1.2329344396
1.2339344396
1.2349344396
1.2359344396
1.2369344396
1.2379344396
1.2389344396
1.2399344396
1.2409344396
1.2419344396
1.2429344396
1.2439344396
1.2449344396
1.2459344396
1.2469344396
1.2479344396
1.2489344396
1.2499344396
1.2509344396
1.2519344396
1.2529344396
1.2539344396
1.2549344396
1.2559344396
1.2569344396
1.2579344396
1.2589344396
1.2599344396
1.2609344396
1.2619344396
1.2629344396
1.2639344396
1.2649344396
1.2659344396
1.2669344396
1.2679344396
1.2689344396
1.2699344396
1.2709344396
1.2719344396
1.2729344396
1.2739344396
1.2749344396
1.2759344396
1.2769344396
1.2779344396
1.2789344396
1.2799344396
1.2809344396
1.2819344396
1.2829344396
1.2839344396
1.2849344396
1.2859344396
1.2869344396
1.2879344396
1.2889344396
1.2899344396
1.2909344396
1.2919344396
1.2929344396
1.2939344396
1.2949344396
1.2959344396
1.2969344396
1.2979344396
1.2989344396
1.2999344396
1.3009344396
1.3019344396
1.3029344396
1.3039344396
1.3049344396
1.3059344396
1.3069344396
1.3079344396
1.3089344396
1.3099344396
1.3109344396
1.3119344396
1.3129344396
1.3139344396
1.3149344396
1.3159344396
1.3169344396
