# $W$ = 300 nm, $h$ = 300 nm, $s$ = 20 nm, $d/W = 5$, $E_{\rm e}$ = 200 keV
1.2999793264
1.3009793264
1.3019793264
1.3029793264
1.3039793264
1.3049793264
1.3059793264
1.3069793264
1.3079793264
1.3089793264
1.3099793264
1.3109793264
1.3119793264
1.3129793264
1.3139793264
1.3149793264
1.3159793264
1.3169793264
1.3179793264
1.3189793264
1.3199793264
1.3209793264
1.3219793264
1.3229793264
1.3239793264
1.3249793264
1.3259793264
1.3269793264
1.3279793264
1.3289793264
1.3299793264
1.3309793264
1.3319793264
1.3329793264
1.3339793264
1.3349793264
1.3359793264
1.3369793264
1.3379793264
1.3389793264
1.3399793264
1.3409793264
1.3419793264
1.3429793264
1.3439793264
1.3449793264
1.3459793264
1.3469793264
1.3479793264
1.3489793264
1.3499793264
1.3509793264
1.3519793264
1.3529793264
1.3539793264
1.3549793264
1.3559793264
1.3569793264
1.3579793264
1.3589793264
1.3599793264
1.3609793264
1.3619793264
1.3629793264
1.3639793264
1.3649793264
1.3659793264
1.3669793264
1.3679793264
1.3689793264
1.3699793264
1.3709793264
1.3719793264
1.3729793264
1.3739793264
1.3749793264
1.3759793264
1.3769793264
1.3779793264
1.3789793264
1.3799793264
1.3809793264
1.3819793264
1.3829793264
1.3839793264
1.3849793264
1.3859793264
1.3869793264
1.3879793264
1.3889793264
1.3899793264
1.3909793264
1.3919793264
1.3929793264
1.3939793264
1.3949793264
1.3959793264
1.3969793264
1.3979793264
1.3989793264
1.3999793264
1.4009793264
1.4019793264
1.4029793264
1.4039793264
1.4049793264
