# $W$ = 300 nm, $h$ = 300 nm, $s$ = 20 nm, $d/W = 5$, $E_{\rm e}$ = 200 keV
0.7186286840
0.7196286840
0.7206286840
0.7216286840
0.7226286840
0.7236286840
0.7246286840
0.7256286840
0.7266286840
0.7276286840
0.7286286840
0.7296286840
0.7306286840
0.7316286840
0.7326286840
0.7336286840
0.7346286840
0.7356286840
0.7366286840
0.7376286840
0.7386286840
0.7396286840
0.7406286840
0.7416286840
0.7426286840
0.7436286840
0.7446286840
0.7456286840
0.7466286840
0.7476286840
0.7486286840
0.7496286840
0.7506286840
0.7516286840
0.7526286840
0.7536286840
0.7546286840
0.7556286840
0.7566286840
0.7576286840
0.7586286840
0.7596286840
0.7606286840
0.7616286840
0.7626286840
0.7636286840
0.7646286840
0.7656286840
0.7666286840
0.7676286840
0.7686286840
0.7696286840
0.7706286840
0.7716286840
0.7726286840
0.7736286840
0.7746286840
0.7756286840
0.7766286840
0.7776286840
0.7786286840
0.7796286840
0.7806286840
