# $W$ = 400 nm, $h$ = 300 nm, $s$ = 20 nm, $d/W = 5$, $E_{\rm e}$ = 200 keV
1.6405738394
1.6415738394
1.6425738394
1.6435738394
1.6445738394
1.6455738394
1.6465738394
1.6475738394
1.6485738394
1.6495738394
1.6505738394
1.6515738394
1.6525738394
1.6535738394
1.6545738394
1.6555738394
1.6565738394
1.6575738394
1.6585738394
1.6595738394
1.6605738394
1.6615738394
1.6625738394
1.6635738394
1.6645738394
1.6655738394
1.6665738394
1.6675738394
1.6685738394
1.6695738394
1.6705738394
1.6715738394
1.6725738394
1.6735738394
1.6745738394
1.6755738394
1.6765738394
1.6775738394
1.6785738394
1.6795738394
1.6805738394
1.6815738394
1.6825738394
1.6835738394
1.6845738394
1.6855738394
1.6865738394
1.6875738394
1.6885738394
1.6895738394
1.6905738394
1.6915738394
1.6925738394
1.6935738394
1.6945738394
1.6955738394
1.6965738394
1.6975738394
1.6985738394
1.6995738394
1.7005738394
1.7015738394
1.7025738394
1.7035738394
1.7045738394
1.7055738394
1.7065738394
1.7075738394
1.7085738394
1.7095738394
1.7105738394
1.7115738394
1.7125738394
1.7135738394
1.7145738394
1.7155738394
1.7165738394
1.7175738394
1.7185738394
1.7195738394
1.7205738394
1.7215738394
1.7225738394
1.7235738394
1.7245738394
1.7255738394
1.7265738394
1.7275738394
1.7285738394
1.7295738394
1.7305738394
1.7315738394
1.7325738394
1.7335738394
1.7345738394
1.7355738394
1.7365738394
1.7375738394
1.7385738394
1.7395738394
1.7405738394
1.7415738394
1.7425738394
1.7435738394
1.7445738394
1.7455738394
1.7465738394
1.7475738394
1.7485738394
1.7495738394
1.7505738394
1.7515738394
1.7525738394
1.7535738394
1.7545738394
1.7555738394
1.7565738394
1.7575738394
1.7585738394
1.7595738394
1.7605738394
1.7615738394
1.7625738394
1.7635738394
1.7645738394
1.7655738394
1.7665738394
1.7675738394
1.7685738394
1.7695738394
1.7705738394
1.7715738394
1.7725738394
1.7735738394
1.7745738394
1.7755738394
1.7765738394
1.7775738394
1.7785738394
1.7795738394
1.7805738394
1.7815738394
1.7825738394
1.7835738394
1.7845738394
1.7855738394
1.7865738394
1.7875738394
1.7885738394
1.7895738394
1.7905738394
1.7915738394
1.7925738394
1.7935738394
1.7945738394
1.7955738394
1.7965738394
1.7975738394
1.7985738394
1.7995738394
1.8005738394
1.8015738394
1.8025738394
1.8035738394
1.8045738394
1.8055738394
1.8065738394
1.8075738394
1.8085738394
1.8095738394
1.8105738394
1.8115738394
1.8125738394
1.8135738394
1.8145738394
1.8155738394
1.8165738394
1.8175738394
1.8185738394
1.8195738394
1.8205738394
1.8215738394
1.8225738394
1.8235738394
1.8245738394
1.8255738394
1.8265738394
1.8275738394
1.8285738394
1.8295738394
1.8305738394
1.8315738394
1.8325738394
1.8335738394
1.8345738394
1.8355738394
1.8365738394
1.8375738394
1.8385738394
1.8395738394
1.8405738394
1.8415738394
1.8425738394
1.8435738394
1.8445738394
1.8455738394
1.8465738394
1.8475738394
1.8485738394
1.8495738394
1.8505738394
1.8515738394
1.8525738394
1.8535738394
1.8545738394
1.8555738394
1.8565738394
1.8575738394
1.8585738394
1.8595738394
1.8605738394
1.8615738394
1.8625738394
1.8635738394
1.8645738394
