# $W$ = 300 nm, $h$ = 300 nm, $s$ = 20 nm, $d/W = 5$, $E_{\rm e}$ = 200 keV
1.1707972786
1.1717972786
1.1727972786
1.1737972786
1.1747972786
1.1757972786
1.1767972786
1.1777972786
1.1787972786
1.1797972786
1.1807972786
1.1817972786
1.1827972786
1.1837972786
1.1847972786
1.1857972786
1.1867972786
1.1877972786
1.1887972786
1.1897972786
1.1907972786
1.1917972786
1.1927972786
1.1937972786
1.1947972786
1.1957972786
1.1967972786
1.1977972786
1.1987972786
1.1997972786
1.2007972786
1.2017972786
1.2027972786
1.2037972786
1.2047972786
1.2057972786
1.2067972786
1.2077972786
1.2087972786
1.2097972786
1.2107972786
1.2117972786
1.2127972786
1.2137972786
1.2147972786
1.2157972786
1.2167972786
1.2177972786
1.2187972786
1.2197972786
1.2207972786
1.2217972786
1.2227972786
1.2237972786
1.2247972786
1.2257972786
1.2267972786
1.2277972786
1.2287972786
1.2297972786
1.2307972786
1.2317972786
1.2327972786
1.2337972786
1.2347972786
1.2357972786
1.2367972786
1.2377972786
1.2387972786
1.2397972786
1.2407972786
1.2417972786
1.2427972786
1.2437972786
1.2447972786
1.2457972786
1.2467972786
1.2477972786
1.2487972786
1.2497972786
1.2507972786
1.2517972786
1.2527972786
1.2537972786
1.2547972786
1.2557972786
1.2567972786
1.2577972786
1.2587972786
1.2597972786
1.2607972786
1.2617972786
1.2627972786
1.2637972786
1.2647972786
1.2657972786
1.2667972786
1.2677972786
1.2687972786
1.2697972786
1.2707972786
1.2717972786
1.2727972786
1.2737972786
