# $W$ = 300 nm, $h$ = 300 nm, $s$ = 20 nm, $d/W = 5$, $E_{\rm e}$ = 200 keV
1.2999817867
1.3009817867
1.3019817867
1.3029817867
1.3039817867
1.3049817867
1.3059817867
1.3069817867
1.3079817867
1.3089817867
1.3099817867
1.3109817867
1.3119817867
1.3129817867
1.3139817867
1.3149817867
1.3159817867
1.3169817867
1.3179817867
1.3189817867
1.3199817867
1.3209817867
1.3219817867
1.3229817867
1.3239817867
1.3249817867
1.3259817867
1.3269817867
1.3279817867
1.3289817867
1.3299817867
1.3309817867
1.3319817867
1.3329817867
1.3339817867
1.3349817867
1.3359817867
1.3369817867
1.3379817867
1.3389817867
1.3399817867
1.3409817867
1.3419817867
1.3429817867
1.3439817867
1.3449817867
1.3459817867
1.3469817867
1.3479817867
1.3489817867
1.3499817867
1.3509817867
1.3519817867
1.3529817867
1.3539817867
1.3549817867
1.3559817867
1.3569817867
1.3579817867
1.3589817867
1.3599817867
1.3609817867
1.3619817867
1.3629817867
1.3639817867
1.3649817867
1.3659817867
1.3669817867
1.3679817867
1.3689817867
1.3699817867
1.3709817867
1.3719817867
1.3729817867
1.3739817867
1.3749817867
1.3759817867
1.3769817867
1.3779817867
1.3789817867
1.3799817867
1.3809817867
1.3819817867
1.3829817867
1.3839817867
1.3849817867
1.3859817867
1.3869817867
1.3879817867
1.3889817867
1.3899817867
1.3909817867
1.3919817867
1.3929817867
1.3939817867
1.3949817867
1.3959817867
1.3969817867
1.3979817867
1.3989817867
1.3999817867
1.4009817867
1.4019817867
1.4029817867
1.4039817867
1.4049817867
