# $W$ = 300 nm, $h$ = 300 nm, $s$ = 20 nm, $d/W = 5$, $E_{\rm e}$ = 200 keV
0.7186325857
0.7196325857
0.7206325857
0.7216325857
0.7226325857
0.7236325857
0.7246325857
0.7256325857
0.7266325857
0.7276325857
0.7286325857
0.7296325857
0.7306325857
0.7316325857
0.7326325857
0.7336325857
0.7346325857
0.7356325857
0.7366325857
0.7376325857
0.7386325857
0.7396325857
0.7406325857
0.7416325857
0.7426325857
0.7436325857
0.7446325857
0.7456325857
0.7466325857
0.7476325857
0.7486325857
0.7496325857
0.7506325857
0.7516325857
0.7526325857
0.7536325857
0.7546325857
0.7556325857
0.7566325857
0.7576325857
0.7586325857
0.7596325857
0.7606325857
0.7616325857
0.7626325857
0.7636325857
0.7646325857
0.7656325857
0.7666325857
0.7676325857
0.7686325857
0.7696325857
0.7706325857
0.7716325857
0.7726325857
0.7736325857
0.7746325857
0.7756325857
0.7766325857
0.7776325857
0.7786325857
0.7796325857
0.7806325857
