# $W$ = 300 nm, $h$ = 300 nm, $s$ = 20 nm, $d/W = 5$, $E_{\rm e}$ = 200 keV
1.6842164255
1.6852164255
1.6862164255
1.6872164255
1.6882164255
1.6892164255
1.6902164255
1.6912164255
1.6922164255
1.6932164255
1.6942164255
1.6952164255
1.6962164255
1.6972164255
1.6982164255
1.6992164255
1.7002164255
1.7012164255
1.7022164255
1.7032164255
1.7042164255
1.7052164255
1.7062164255
1.7072164255
1.7082164255
1.7092164255
1.7102164255
1.7112164255
1.7122164255
1.7132164255
1.7142164255
1.7152164255
1.7162164255
1.7172164255
1.7182164255
1.7192164255
1.7202164255
1.7212164255
1.7222164255
1.7232164255
1.7242164255
1.7252164255
1.7262164255
1.7272164255
1.7282164255
1.7292164255
1.7302164255
1.7312164255
1.7322164255
1.7332164255
1.7342164255
1.7352164255
1.7362164255
1.7372164255
1.7382164255
1.7392164255
1.7402164255
1.7412164255
1.7422164255
1.7432164255
1.7442164255
1.7452164255
1.7462164255
1.7472164255
1.7482164255
1.7492164255
1.7502164255
1.7512164255
1.7522164255
1.7532164255
1.7542164255
1.7552164255
1.7562164255
1.7572164255
1.7582164255
1.7592164255
1.7602164255
1.7612164255
1.7622164255
1.7632164255
1.7642164255
1.7652164255
1.7662164255
1.7672164255
1.7682164255
1.7692164255
1.7702164255
1.7712164255
1.7722164255
1.7732164255
1.7742164255
1.7752164255
1.7762164255
1.7772164255
1.7782164255
1.7792164255
1.7802164255
1.7812164255
1.7822164255
1.7832164255
1.7842164255
1.7852164255
1.7862164255
1.7872164255
1.7882164255
1.7892164255
1.7902164255
1.7912164255
1.7922164255
1.7932164255
1.7942164255
1.7952164255
1.7962164255
1.7972164255
1.7982164255
1.7992164255
1.8002164255
1.8012164255
1.8022164255
1.8032164255
1.8042164255
1.8052164255
1.8062164255
1.8072164255
1.8082164255
1.8092164255
1.8102164255
1.8112164255
1.8122164255
1.8132164255
1.8142164255
1.8152164255
1.8162164255
1.8172164255
1.8182164255
1.8192164255
1.8202164255
1.8212164255
1.8222164255
1.8232164255
1.8242164255
1.8252164255
1.8262164255
1.8272164255
1.8282164255
1.8292164255
1.8302164255
1.8312164255
1.8322164255
1.8332164255
1.8342164255
1.8352164255
1.8362164255
1.8372164255
1.8382164255
1.8392164255
1.8402164255
1.8412164255
1.8422164255
1.8432164255
1.8442164255
1.8452164255
1.8462164255
1.8472164255
1.8482164255
1.8492164255
1.8502164255
1.8512164255
1.8522164255
1.8532164255
1.8542164255
1.8552164255
1.8562164255
1.8572164255
1.8582164255
1.8592164255
1.8602164255
1.8612164255
1.8622164255
1.8632164255
1.8642164255
1.8652164255
1.8662164255
1.8672164255
1.8682164255
1.8692164255
1.8702164255
1.8712164255
1.8722164255
1.8732164255
1.8742164255
1.8752164255
1.8762164255
1.8772164255
1.8782164255
1.8792164255
1.8802164255
1.8812164255
1.8822164255
1.8832164255
1.8842164255
1.8852164255
1.8862164255
1.8872164255
1.8882164255
1.8892164255
1.8902164255
1.8912164255
1.8922164255
1.8932164255
1.8942164255
1.8952164255
1.8962164255
1.8972164255
