# $W$ = 300 nm, $h$ = 300 nm, $s$ = 20 nm, $d/W = 5$, $E_{\rm e}$ = 200 keV
0.7186326389
0.7196326389
0.7206326389
0.7216326389
0.7226326389
0.7236326389
0.7246326389
0.7256326389
0.7266326389
0.7276326389
0.7286326389
0.7296326389
0.7306326389
0.7316326389
0.7326326389
0.7336326389
0.7346326389
0.7356326389
0.7366326389
0.7376326389
0.7386326389
0.7396326389
0.7406326389
0.7416326389
0.7426326389
0.7436326389
0.7446326389
0.7456326389
0.7466326389
0.7476326389
0.7486326389
0.7496326389
0.7506326389
0.7516326389
0.7526326389
0.7536326389
0.7546326389
0.7556326389
0.7566326389
0.7576326389
0.7586326389
0.7596326389
0.7606326389
0.7616326389
0.7626326389
0.7636326389
0.7646326389
0.7656326389
0.7666326389
0.7676326389
0.7686326389
0.7696326389
0.7706326389
0.7716326389
0.7726326389
0.7736326389
0.7746326389
0.7756326389
0.7766326389
0.7776326389
0.7786326389
0.7796326389
0.7806326389
