# $W$ = 300 nm, $h$ = 300 nm, $s$ = 20 nm, $d/W = 5$, $E_{\rm e}$ = 200 keV
1.6842228096
1.6852228096
1.6862228096
1.6872228096
1.6882228096
1.6892228096
1.6902228096
1.6912228096
1.6922228096
1.6932228096
1.6942228096
1.6952228096
1.6962228096
1.6972228096
1.6982228096
1.6992228096
1.7002228096
1.7012228096
1.7022228096
1.7032228096
1.7042228096
1.7052228096
1.7062228096
1.7072228096
1.7082228096
1.7092228096
1.7102228096
1.7112228096
1.7122228096
1.7132228096
1.7142228096
1.7152228096
1.7162228096
1.7172228096
1.7182228096
1.7192228096
1.7202228096
1.7212228096
1.7222228096
1.7232228096
1.7242228096
1.7252228096
1.7262228096
1.7272228096
1.7282228096
1.7292228096
1.7302228096
1.7312228096
1.7322228096
1.7332228096
1.7342228096
1.7352228096
1.7362228096
1.7372228096
1.7382228096
1.7392228096
1.7402228096
1.7412228096
1.7422228096
1.7432228096
1.7442228096
1.7452228096
1.7462228096
1.7472228096
1.7482228096
1.7492228096
1.7502228096
1.7512228096
1.7522228096
1.7532228096
1.7542228096
1.7552228096
1.7562228096
1.7572228096
1.7582228096
1.7592228096
1.7602228096
1.7612228096
1.7622228096
1.7632228096
1.7642228096
1.7652228096
1.7662228096
1.7672228096
1.7682228096
1.7692228096
1.7702228096
1.7712228096
1.7722228096
1.7732228096
1.7742228096
1.7752228096
1.7762228096
1.7772228096
1.7782228096
1.7792228096
1.7802228096
1.7812228096
1.7822228096
1.7832228096
1.7842228096
1.7852228096
1.7862228096
1.7872228096
1.7882228096
1.7892228096
1.7902228096
1.7912228096
1.7922228096
1.7932228096
1.7942228096
1.7952228096
1.7962228096
1.7972228096
1.7982228096
1.7992228096
1.8002228096
1.8012228096
1.8022228096
1.8032228096
1.8042228096
1.8052228096
1.8062228096
1.8072228096
1.8082228096
1.8092228096
1.8102228096
1.8112228096
1.8122228096
1.8132228096
1.8142228096
1.8152228096
1.8162228096
1.8172228096
1.8182228096
1.8192228096
1.8202228096
1.8212228096
1.8222228096
1.8232228096
1.8242228096
1.8252228096
1.8262228096
1.8272228096
1.8282228096
1.8292228096
1.8302228096
1.8312228096
1.8322228096
1.8332228096
1.8342228096
1.8352228096
1.8362228096
1.8372228096
1.8382228096
1.8392228096
1.8402228096
1.8412228096
1.8422228096
1.8432228096
1.8442228096
1.8452228096
1.8462228096
1.8472228096
1.8482228096
1.8492228096
1.8502228096
1.8512228096
1.8522228096
1.8532228096
1.8542228096
1.8552228096
1.8562228096
1.8572228096
1.8582228096
1.8592228096
1.8602228096
1.8612228096
1.8622228096
1.8632228096
1.8642228096
1.8652228096
1.8662228096
1.8672228096
1.8682228096
1.8692228096
1.8702228096
1.8712228096
1.8722228096
1.8732228096
1.8742228096
1.8752228096
1.8762228096
1.8772228096
1.8782228096
1.8792228096
1.8802228096
1.8812228096
1.8822228096
1.8832228096
1.8842228096
1.8852228096
1.8862228096
1.8872228096
1.8882228096
1.8892228096
1.8902228096
1.8912228096
1.8922228096
1.8932228096
1.8942228096
1.8952228096
1.8962228096
1.8972228096
