# $W$ = 300 nm, $h$ = 300 nm, $s$ = 20 nm, $d/W = 5$, $E_{\rm e}$ = 200 keV
1.6842182297
1.6852182297
1.6862182297
1.6872182297
1.6882182297
1.6892182297
1.6902182297
1.6912182297
1.6922182297
1.6932182297
1.6942182297
1.6952182297
1.6962182297
1.6972182297
1.6982182297
1.6992182297
1.7002182297
1.7012182297
1.7022182297
1.7032182297
1.7042182297
1.7052182297
1.7062182297
1.7072182297
1.7082182297
1.7092182297
1.7102182297
1.7112182297
1.7122182297
1.7132182297
1.7142182297
1.7152182297
1.7162182297
1.7172182297
1.7182182297
1.7192182297
1.7202182297
1.7212182297
1.7222182297
1.7232182297
1.7242182297
1.7252182297
1.7262182297
1.7272182297
1.7282182297
1.7292182297
1.7302182297
1.7312182297
1.7322182297
1.7332182297
1.7342182297
1.7352182297
1.7362182297
1.7372182297
1.7382182297
1.7392182297
1.7402182297
1.7412182297
1.7422182297
1.7432182297
1.7442182297
1.7452182297
1.7462182297
1.7472182297
1.7482182297
1.7492182297
1.7502182297
1.7512182297
1.7522182297
1.7532182297
1.7542182297
1.7552182297
1.7562182297
1.7572182297
1.7582182297
1.7592182297
1.7602182297
1.7612182297
1.7622182297
1.7632182297
1.7642182297
1.7652182297
1.7662182297
1.7672182297
1.7682182297
1.7692182297
1.7702182297
1.7712182297
1.7722182297
1.7732182297
1.7742182297
1.7752182297
1.7762182297
1.7772182297
1.7782182297
1.7792182297
1.7802182297
1.7812182297
1.7822182297
1.7832182297
1.7842182297
1.7852182297
1.7862182297
1.7872182297
1.7882182297
1.7892182297
1.7902182297
1.7912182297
1.7922182297
1.7932182297
1.7942182297
1.7952182297
1.7962182297
1.7972182297
1.7982182297
1.7992182297
1.8002182297
1.8012182297
1.8022182297
1.8032182297
1.8042182297
1.8052182297
1.8062182297
1.8072182297
1.8082182297
1.8092182297
1.8102182297
1.8112182297
1.8122182297
1.8132182297
1.8142182297
1.8152182297
1.8162182297
1.8172182297
1.8182182297
1.8192182297
1.8202182297
1.8212182297
1.8222182297
1.8232182297
1.8242182297
1.8252182297
1.8262182297
1.8272182297
1.8282182297
1.8292182297
1.8302182297
1.8312182297
1.8322182297
1.8332182297
1.8342182297
1.8352182297
1.8362182297
1.8372182297
1.8382182297
1.8392182297
1.8402182297
1.8412182297
1.8422182297
1.8432182297
1.8442182297
1.8452182297
1.8462182297
1.8472182297
1.8482182297
1.8492182297
1.8502182297
1.8512182297
1.8522182297
1.8532182297
1.8542182297
1.8552182297
1.8562182297
1.8572182297
1.8582182297
1.8592182297
1.8602182297
1.8612182297
1.8622182297
1.8632182297
1.8642182297
1.8652182297
1.8662182297
1.8672182297
1.8682182297
1.8692182297
1.8702182297
1.8712182297
1.8722182297
1.8732182297
1.8742182297
1.8752182297
1.8762182297
1.8772182297
1.8782182297
1.8792182297
1.8802182297
1.8812182297
1.8822182297
1.8832182297
1.8842182297
1.8852182297
1.8862182297
1.8872182297
1.8882182297
1.8892182297
1.8902182297
1.8912182297
1.8922182297
1.8932182297
1.8942182297
1.8952182297
1.8962182297
1.8972182297
