# $W$ = 400 nm, $h$ = 300 nm, $s$ = 20 nm, $d/W = 5$, $E_{\rm e}$ = 200 keV
1.6405738304
1.6415738304
1.6425738304
1.6435738304
1.6445738304
1.6455738304
1.6465738304
1.6475738304
1.6485738304
1.6495738304
1.6505738304
1.6515738304
1.6525738304
1.6535738304
1.6545738304
1.6555738304
1.6565738304
1.6575738304
1.6585738304
1.6595738304
1.6605738304
1.6615738304
1.6625738304
1.6635738304
1.6645738304
1.6655738304
1.6665738304
1.6675738304
1.6685738304
1.6695738304
1.6705738304
1.6715738304
1.6725738304
1.6735738304
1.6745738304
1.6755738304
1.6765738304
1.6775738304
1.6785738304
1.6795738304
1.6805738304
1.6815738304
1.6825738304
1.6835738304
1.6845738304
1.6855738304
1.6865738304
1.6875738304
1.6885738304
1.6895738304
1.6905738304
1.6915738304
1.6925738304
1.6935738304
1.6945738304
1.6955738304
1.6965738304
1.6975738304
1.6985738304
1.6995738304
1.7005738304
1.7015738304
1.7025738304
1.7035738304
1.7045738304
1.7055738304
1.7065738304
1.7075738304
1.7085738304
1.7095738304
1.7105738304
1.7115738304
1.7125738304
1.7135738304
1.7145738304
1.7155738304
1.7165738304
1.7175738304
1.7185738304
1.7195738304
1.7205738304
1.7215738304
1.7225738304
1.7235738304
1.7245738304
1.7255738304
1.7265738304
1.7275738304
1.7285738304
1.7295738304
1.7305738304
1.7315738304
1.7325738304
1.7335738304
1.7345738304
1.7355738304
1.7365738304
1.7375738304
1.7385738304
1.7395738304
1.7405738304
1.7415738304
1.7425738304
1.7435738304
1.7445738304
1.7455738304
1.7465738304
1.7475738304
1.7485738304
1.7495738304
1.7505738304
1.7515738304
1.7525738304
1.7535738304
1.7545738304
1.7555738304
1.7565738304
1.7575738304
1.7585738304
1.7595738304
1.7605738304
1.7615738304
1.7625738304
1.7635738304
1.7645738304
1.7655738304
1.7665738304
1.7675738304
1.7685738304
1.7695738304
1.7705738304
1.7715738304
1.7725738304
1.7735738304
1.7745738304
1.7755738304
1.7765738304
1.7775738304
1.7785738304
1.7795738304
1.7805738304
1.7815738304
1.7825738304
1.7835738304
1.7845738304
1.7855738304
1.7865738304
1.7875738304
1.7885738304
1.7895738304
1.7905738304
1.7915738304
1.7925738304
1.7935738304
1.7945738304
1.7955738304
1.7965738304
1.7975738304
1.7985738304
1.7995738304
1.8005738304
1.8015738304
1.8025738304
1.8035738304
1.8045738304
1.8055738304
1.8065738304
1.8075738304
1.8085738304
1.8095738304
1.8105738304
1.8115738304
1.8125738304
1.8135738304
1.8145738304
1.8155738304
1.8165738304
1.8175738304
1.8185738304
1.8195738304
1.8205738304
1.8215738304
1.8225738304
1.8235738304
1.8245738304
1.8255738304
1.8265738304
1.8275738304
1.8285738304
1.8295738304
1.8305738304
1.8315738304
1.8325738304
1.8335738304
1.8345738304
1.8355738304
1.8365738304
1.8375738304
1.8385738304
1.8395738304
1.8405738304
1.8415738304
1.8425738304
1.8435738304
1.8445738304
1.8455738304
1.8465738304
1.8475738304
1.8485738304
1.8495738304
1.8505738304
1.8515738304
1.8525738304
1.8535738304
1.8545738304
1.8555738304
1.8565738304
1.8575738304
1.8585738304
1.8595738304
1.8605738304
1.8615738304
1.8625738304
1.8635738304
1.8645738304
