# $W$ = 400 nm, $h$ = 300 nm, $s$ = 20 nm, $d/W = 5$, $E_{\rm e}$ = 200 keV
1.6405718461
1.6415718461
1.6425718461
1.6435718461
1.6445718461
1.6455718461
1.6465718461
1.6475718461
1.6485718461
1.6495718461
1.6505718461
1.6515718461
1.6525718461
1.6535718461
1.6545718461
1.6555718461
1.6565718461
1.6575718461
1.6585718461
1.6595718461
1.6605718461
1.6615718461
1.6625718461
1.6635718461
1.6645718461
1.6655718461
1.6665718461
1.6675718461
1.6685718461
1.6695718461
1.6705718461
1.6715718461
1.6725718461
1.6735718461
1.6745718461
1.6755718461
1.6765718461
1.6775718461
1.6785718461
1.6795718461
1.6805718461
1.6815718461
1.6825718461
1.6835718461
1.6845718461
1.6855718461
1.6865718461
1.6875718461
1.6885718461
1.6895718461
1.6905718461
1.6915718461
1.6925718461
1.6935718461
1.6945718461
1.6955718461
1.6965718461
1.6975718461
1.6985718461
1.6995718461
1.7005718461
1.7015718461
1.7025718461
1.7035718461
1.7045718461
1.7055718461
1.7065718461
1.7075718461
1.7085718461
1.7095718461
1.7105718461
1.7115718461
1.7125718461
1.7135718461
1.7145718461
1.7155718461
1.7165718461
1.7175718461
1.7185718461
1.7195718461
1.7205718461
1.7215718461
1.7225718461
1.7235718461
1.7245718461
1.7255718461
1.7265718461
1.7275718461
1.7285718461
1.7295718461
1.7305718461
1.7315718461
1.7325718461
1.7335718461
1.7345718461
1.7355718461
1.7365718461
1.7375718461
1.7385718461
1.7395718461
1.7405718461
1.7415718461
1.7425718461
1.7435718461
1.7445718461
1.7455718461
1.7465718461
1.7475718461
1.7485718461
1.7495718461
1.7505718461
1.7515718461
1.7525718461
1.7535718461
1.7545718461
1.7555718461
1.7565718461
1.7575718461
1.7585718461
1.7595718461
1.7605718461
1.7615718461
1.7625718461
1.7635718461
1.7645718461
1.7655718461
1.7665718461
1.7675718461
1.7685718461
1.7695718461
1.7705718461
1.7715718461
1.7725718461
1.7735718461
1.7745718461
1.7755718461
1.7765718461
1.7775718461
1.7785718461
1.7795718461
1.7805718461
1.7815718461
1.7825718461
1.7835718461
1.7845718461
1.7855718461
1.7865718461
1.7875718461
1.7885718461
1.7895718461
1.7905718461
1.7915718461
1.7925718461
1.7935718461
1.7945718461
1.7955718461
1.7965718461
1.7975718461
1.7985718461
1.7995718461
1.8005718461
1.8015718461
1.8025718461
1.8035718461
1.8045718461
1.8055718461
1.8065718461
1.8075718461
1.8085718461
1.8095718461
1.8105718461
1.8115718461
1.8125718461
1.8135718461
1.8145718461
1.8155718461
1.8165718461
1.8175718461
1.8185718461
1.8195718461
1.8205718461
1.8215718461
1.8225718461
1.8235718461
1.8245718461
1.8255718461
1.8265718461
1.8275718461
1.8285718461
1.8295718461
1.8305718461
1.8315718461
1.8325718461
1.8335718461
1.8345718461
1.8355718461
1.8365718461
1.8375718461
1.8385718461
1.8395718461
1.8405718461
1.8415718461
1.8425718461
1.8435718461
1.8445718461
1.8455718461
1.8465718461
1.8475718461
1.8485718461
1.8495718461
1.8505718461
1.8515718461
1.8525718461
1.8535718461
1.8545718461
1.8555718461
1.8565718461
1.8575718461
1.8585718461
1.8595718461
1.8605718461
1.8615718461
1.8625718461
1.8635718461
1.8645718461
