# $W$ = 300 nm, $h$ = 300 nm, $s$ = 20 nm, $d/W = 5$, $E_{\rm e}$ = 200 keV
1.2999817833
1.3009817833
1.3019817833
1.3029817833
1.3039817833
1.3049817833
1.3059817833
1.3069817833
1.3079817833
1.3089817833
1.3099817833
1.3109817833
1.3119817833
1.3129817833
1.3139817833
1.3149817833
1.3159817833
1.3169817833
1.3179817833
1.3189817833
1.3199817833
1.3209817833
1.3219817833
1.3229817833
1.3239817833
1.3249817833
1.3259817833
1.3269817833
1.3279817833
1.3289817833
1.3299817833
1.3309817833
1.3319817833
1.3329817833
1.3339817833
1.3349817833
1.3359817833
1.3369817833
1.3379817833
1.3389817833
1.3399817833
1.3409817833
1.3419817833
1.3429817833
1.3439817833
1.3449817833
1.3459817833
1.3469817833
1.3479817833
1.3489817833
1.3499817833
1.3509817833
1.3519817833
1.3529817833
1.3539817833
1.3549817833
1.3559817833
1.3569817833
1.3579817833
1.3589817833
1.3599817833
1.3609817833
1.3619817833
1.3629817833
1.3639817833
1.3649817833
1.3659817833
1.3669817833
1.3679817833
1.3689817833
1.3699817833
1.3709817833
1.3719817833
1.3729817833
1.3739817833
1.3749817833
1.3759817833
1.3769817833
1.3779817833
1.3789817833
1.3799817833
1.3809817833
1.3819817833
1.3829817833
1.3839817833
1.3849817833
1.3859817833
1.3869817833
1.3879817833
1.3889817833
1.3899817833
1.3909817833
1.3919817833
1.3929817833
1.3939817833
1.3949817833
1.3959817833
1.3969817833
1.3979817833
1.3989817833
1.3999817833
1.4009817833
1.4019817833
1.4029817833
1.4039817833
1.4049817833
