# $W$ = 300 nm, $h$ = 300 nm, $s$ = 20 nm, $d/W = 5$, $E_{\rm e}$ = 200 keV
1.2999809971
1.3009809971
1.3019809971
1.3029809971
1.3039809971
1.3049809971
1.3059809971
1.3069809971
1.3079809971
1.3089809971
1.3099809971
1.3109809971
1.3119809971
1.3129809971
1.3139809971
1.3149809971
1.3159809971
1.3169809971
1.3179809971
1.3189809971
1.3199809971
1.3209809971
1.3219809971
1.3229809971
1.3239809971
1.3249809971
1.3259809971
1.3269809971
1.3279809971
1.3289809971
1.3299809971
1.3309809971
1.3319809971
1.3329809971
1.3339809971
1.3349809971
1.3359809971
1.3369809971
1.3379809971
1.3389809971
1.3399809971
1.3409809971
1.3419809971
1.3429809971
1.3439809971
1.3449809971
1.3459809971
1.3469809971
1.3479809971
1.3489809971
1.3499809971
1.3509809971
1.3519809971
1.3529809971
1.3539809971
1.3549809971
1.3559809971
1.3569809971
1.3579809971
1.3589809971
1.3599809971
1.3609809971
1.3619809971
1.3629809971
1.3639809971
1.3649809971
1.3659809971
1.3669809971
1.3679809971
1.3689809971
1.3699809971
1.3709809971
1.3719809971
1.3729809971
1.3739809971
1.3749809971
1.3759809971
1.3769809971
1.3779809971
1.3789809971
1.3799809971
1.3809809971
1.3819809971
1.3829809971
1.3839809971
1.3849809971
1.3859809971
1.3869809971
1.3879809971
1.3889809971
1.3899809971
1.3909809971
1.3919809971
1.3929809971
1.3939809971
1.3949809971
1.3959809971
1.3969809971
1.3979809971
1.3989809971
1.3999809971
1.4009809971
1.4019809971
1.4029809971
1.4039809971
1.4049809971
