# $W$ = 400 nm, $h$ = 300 nm, $s$ = 20 nm, $d/W = 5$, $E_{\rm e}$ = 200 keV
0.6729986557
0.6739986557
0.6749986557
0.6759986557
0.6769986557
0.6779986557
0.6789986557
0.6799986557
0.6809986557
0.6819986557
0.6829986557
0.6839986557
0.6849986557
0.6859986557
0.6869986557
0.6879986557
0.6889986557
0.6899986557
0.6909986557
0.6919986557
0.6929986557
0.6939986557
0.6949986557
0.6959986557
0.6969986557
0.6979986557
0.6989986557
0.6999986557
0.7009986557
0.7019986557
0.7029986557
0.7039986557
0.7049986557
0.7059986557
0.7069986557
0.7079986557
0.7089986557
0.7099986557
0.7109986557
0.7119986557
0.7129986557
0.7139986557
0.7149986557
0.7159986557
0.7169986557
0.7179986557
0.7189986557
0.7199986557
0.7209986557
0.7219986557
0.7229986557
0.7239986557
0.7249986557
0.7259986557
0.7269986557
0.7279986557
0.7289986557
0.7299986557
