# $W$ = 300 nm, $h$ = 300 nm, $s$ = 20 nm, $d/W = 5$, $E_{\rm e}$ = 200 keV
1.1707988256
1.1717988256
1.1727988256
1.1737988256
1.1747988256
1.1757988256
1.1767988256
1.1777988256
1.1787988256
1.1797988256
1.1807988256
1.1817988256
1.1827988256
1.1837988256
1.1847988256
1.1857988256
1.1867988256
1.1877988256
1.1887988256
1.1897988256
1.1907988256
1.1917988256
1.1927988256
1.1937988256
1.1947988256
1.1957988256
1.1967988256
1.1977988256
1.1987988256
1.1997988256
1.2007988256
1.2017988256
1.2027988256
1.2037988256
1.2047988256
1.2057988256
1.2067988256
1.2077988256
1.2087988256
1.2097988256
1.2107988256
1.2117988256
1.2127988256
1.2137988256
1.2147988256
1.2157988256
1.2167988256
1.2177988256
1.2187988256
1.2197988256
1.2207988256
1.2217988256
1.2227988256
1.2237988256
1.2247988256
1.2257988256
1.2267988256
1.2277988256
1.2287988256
1.2297988256
1.2307988256
1.2317988256
1.2327988256
1.2337988256
1.2347988256
1.2357988256
1.2367988256
1.2377988256
1.2387988256
1.2397988256
1.2407988256
1.2417988256
1.2427988256
1.2437988256
1.2447988256
1.2457988256
1.2467988256
1.2477988256
1.2487988256
1.2497988256
1.2507988256
1.2517988256
1.2527988256
1.2537988256
1.2547988256
1.2557988256
1.2567988256
1.2577988256
1.2587988256
1.2597988256
1.2607988256
1.2617988256
1.2627988256
1.2637988256
1.2647988256
1.2657988256
1.2667988256
1.2677988256
1.2687988256
1.2697988256
1.2707988256
1.2717988256
1.2727988256
1.2737988256
