# $W$ = 300 nm, $h$ = 300 nm, $s$ = 20 nm, $d/W = 5$, $E_{\rm e}$ = 200 keV
1.1707434825
1.1717434825
1.1727434825
1.1737434825
1.1747434825
1.1757434825
1.1767434825
1.1777434825
1.1787434825
1.1797434825
1.1807434825
1.1817434825
1.1827434825
1.1837434825
1.1847434825
1.1857434825
1.1867434825
1.1877434825
1.1887434825
1.1897434825
1.1907434825
1.1917434825
1.1927434825
1.1937434825
1.1947434825
1.1957434825
1.1967434825
1.1977434825
1.1987434825
1.1997434825
1.2007434825
1.2017434825
1.2027434825
1.2037434825
1.2047434825
1.2057434825
1.2067434825
1.2077434825
1.2087434825
1.2097434825
1.2107434825
1.2117434825
1.2127434825
1.2137434825
1.2147434825
1.2157434825
1.2167434825
1.2177434825
1.2187434825
1.2197434825
1.2207434825
1.2217434825
1.2227434825
1.2237434825
1.2247434825
1.2257434825
1.2267434825
1.2277434825
1.2287434825
1.2297434825
1.2307434825
1.2317434825
1.2327434825
1.2337434825
1.2347434825
1.2357434825
1.2367434825
1.2377434825
1.2387434825
1.2397434825
1.2407434825
1.2417434825
1.2427434825
1.2437434825
1.2447434825
1.2457434825
1.2467434825
1.2477434825
1.2487434825
1.2497434825
1.2507434825
1.2517434825
1.2527434825
1.2537434825
1.2547434825
1.2557434825
1.2567434825
1.2577434825
1.2587434825
1.2597434825
1.2607434825
1.2617434825
1.2627434825
1.2637434825
1.2647434825
1.2657434825
1.2667434825
1.2677434825
1.2687434825
1.2697434825
1.2707434825
1.2717434825
1.2727434825
1.2737434825
