# $W$ = 300 nm, $h$ = 300 nm, $s$ = 20 nm, $d/W = 5$, $E_{\rm e}$ = 200 keV
1.2999290059
1.3009290059
1.3019290059
1.3029290059
1.3039290059
1.3049290059
1.3059290059
1.3069290059
1.3079290059
1.3089290059
1.3099290059
1.3109290059
1.3119290059
1.3129290059
1.3139290059
1.3149290059
1.3159290059
1.3169290059
1.3179290059
1.3189290059
1.3199290059
1.3209290059
1.3219290059
1.3229290059
1.3239290059
1.3249290059
1.3259290059
1.3269290059
1.3279290059
1.3289290059
1.3299290059
1.3309290059
1.3319290059
1.3329290059
1.3339290059
1.3349290059
1.3359290059
1.3369290059
1.3379290059
1.3389290059
1.3399290059
1.3409290059
1.3419290059
1.3429290059
1.3439290059
1.3449290059
1.3459290059
1.3469290059
1.3479290059
1.3489290059
1.3499290059
1.3509290059
1.3519290059
1.3529290059
1.3539290059
1.3549290059
1.3559290059
1.3569290059
1.3579290059
1.3589290059
1.3599290059
1.3609290059
1.3619290059
1.3629290059
1.3639290059
1.3649290059
1.3659290059
1.3669290059
1.3679290059
1.3689290059
1.3699290059
1.3709290059
1.3719290059
1.3729290059
1.3739290059
1.3749290059
1.3759290059
1.3769290059
1.3779290059
1.3789290059
1.3799290059
1.3809290059
1.3819290059
1.3829290059
1.3839290059
1.3849290059
1.3859290059
1.3869290059
1.3879290059
1.3889290059
1.3899290059
1.3909290059
1.3919290059
1.3929290059
1.3939290059
1.3949290059
1.3959290059
1.3969290059
1.3979290059
1.3989290059
1.3999290059
1.4009290059
1.4019290059
1.4029290059
1.4039290059
1.4049290059
