# $W$ = 300 nm, $h$ = 300 nm, $s$ = 20 nm, $d/W = 5$, $E_{\rm e}$ = 200 keV
0.7186323185
0.7196323185
0.7206323185
0.7216323185
0.7226323185
0.7236323185
0.7246323185
0.7256323185
0.7266323185
0.7276323185
0.7286323185
0.7296323185
0.7306323185
0.7316323185
0.7326323185
0.7336323185
0.7346323185
0.7356323185
0.7366323185
0.7376323185
0.7386323185
0.7396323185
0.7406323185
0.7416323185
0.7426323185
0.7436323185
0.7446323185
0.7456323185
0.7466323185
0.7476323185
0.7486323185
0.7496323185
0.7506323185
0.7516323185
0.7526323185
0.7536323185
0.7546323185
0.7556323185
0.7566323185
0.7576323185
0.7586323185
0.7596323185
0.7606323185
0.7616323185
0.7626323185
0.7636323185
0.7646323185
0.7656323185
0.7666323185
0.7676323185
0.7686323185
0.7696323185
0.7706323185
0.7716323185
0.7726323185
0.7736323185
0.7746323185
0.7756323185
0.7766323185
0.7776323185
0.7786323185
0.7796323185
0.7806323185
