# $W$ = 300 nm, $h$ = 300 nm, $s$ = 20 nm, $d/W = 5$, $E_{\rm e}$ = 200 keV
0.7186324930
0.7196324930
0.7206324930
0.7216324930
0.7226324930
0.7236324930
0.7246324930
0.7256324930
0.7266324930
0.7276324930
0.7286324930
0.7296324930
0.7306324930
0.7316324930
0.7326324930
0.7336324930
0.7346324930
0.7356324930
0.7366324930
0.7376324930
0.7386324930
0.7396324930
0.7406324930
0.7416324930
0.7426324930
0.7436324930
0.7446324930
0.7456324930
0.7466324930
0.7476324930
0.7486324930
0.7496324930
0.7506324930
0.7516324930
0.7526324930
0.7536324930
0.7546324930
0.7556324930
0.7566324930
0.7576324930
0.7586324930
0.7596324930
0.7606324930
0.7616324930
0.7626324930
0.7636324930
0.7646324930
0.7656324930
0.7666324930
0.7676324930
0.7686324930
0.7696324930
0.7706324930
0.7716324930
0.7726324930
0.7736324930
0.7746324930
0.7756324930
0.7766324930
0.7776324930
0.7786324930
0.7796324930
0.7806324930
