# $W$ = 300 nm, $h$ = 300 nm, $s$ = 20 nm, $d/W = 5$, $E_{\rm e}$ = 200 keV
0.7186326850
0.7196326850
0.7206326850
0.7216326850
0.7226326850
0.7236326850
0.7246326850
0.7256326850
0.7266326850
0.7276326850
0.7286326850
0.7296326850
0.7306326850
0.7316326850
0.7326326850
0.7336326850
0.7346326850
0.7356326850
0.7366326850
0.7376326850
0.7386326850
0.7396326850
0.7406326850
0.7416326850
0.7426326850
0.7436326850
0.7446326850
0.7456326850
0.7466326850
0.7476326850
0.7486326850
0.7496326850
0.7506326850
0.7516326850
0.7526326850
0.7536326850
0.7546326850
0.7556326850
0.7566326850
0.7576326850
0.7586326850
0.7596326850
0.7606326850
0.7616326850
0.7626326850
0.7636326850
0.7646326850
0.7656326850
0.7666326850
0.7676326850
0.7686326850
0.7696326850
0.7706326850
0.7716326850
0.7726326850
0.7736326850
0.7746326850
0.7756326850
0.7766326850
0.7776326850
0.7786326850
0.7796326850
0.7806326850
