# $W$ = 300 nm, $h$ = 300 nm, $s$ = 20 nm, $d/W = 5$, $E_{\rm e}$ = 200 keV
1.3018913784
1.3028913784
1.3038913784
1.3048913784
1.3058913784
1.3068913784
1.3078913784
1.3088913784
1.3098913784
1.3108913784
1.3118913784
1.3128913784
1.3138913784
1.3148913784
1.3158913784
1.3168913784
1.3178913784
1.3188913784
1.3198913784
1.3208913784
1.3218913784
1.3228913784
1.3238913784
1.3248913784
1.3258913784
1.3268913784
1.3278913784
1.3288913784
1.3298913784
1.3308913784
1.3318913784
1.3328913784
1.3338913784
1.3348913784
1.3358913784
1.3368913784
1.3378913784
1.3388913784
1.3398913784
1.3408913784
1.3418913784
1.3428913784
1.3438913784
1.3448913784
1.3458913784
1.3468913784
1.3478913784
1.3488913784
1.3498913784
1.3508913784
1.3518913784
1.3528913784
1.3538913784
1.3548913784
1.3558913784
1.3568913784
1.3578913784
1.3588913784
1.3598913784
1.3608913784
1.3618913784
1.3628913784
1.3638913784
1.3648913784
1.3658913784
1.3668913784
1.3678913784
1.3688913784
1.3698913784
1.3708913784
1.3718913784
1.3728913784
1.3738913784
1.3748913784
1.3758913784
1.3768913784
1.3778913784
1.3788913784
1.3798913784
1.3808913784
1.3818913784
1.3828913784
1.3838913784
1.3848913784
1.3858913784
1.3868913784
1.3878913784
1.3888913784
1.3898913784
1.3908913784
1.3918913784
1.3928913784
1.3938913784
1.3948913784
1.3958913784
1.3968913784
1.3978913784
1.3988913784
1.3998913784
1.4008913784
1.4018913784
1.4028913784
