# $W$ = 300 nm, $h$ = 300 nm, $s$ = 20 nm, $d/W = 5$, $E_{\rm e}$ = 200 keV
1.6842176016
1.6852176016
1.6862176016
1.6872176016
1.6882176016
1.6892176016
1.6902176016
1.6912176016
1.6922176016
1.6932176016
1.6942176016
1.6952176016
1.6962176016
1.6972176016
1.6982176016
1.6992176016
1.7002176016
1.7012176016
1.7022176016
1.7032176016
1.7042176016
1.7052176016
1.7062176016
1.7072176016
1.7082176016
1.7092176016
1.7102176016
1.7112176016
1.7122176016
1.7132176016
1.7142176016
1.7152176016
1.7162176016
1.7172176016
1.7182176016
1.7192176016
1.7202176016
1.7212176016
1.7222176016
1.7232176016
1.7242176016
1.7252176016
1.7262176016
1.7272176016
1.7282176016
1.7292176016
1.7302176016
1.7312176016
1.7322176016
1.7332176016
1.7342176016
1.7352176016
1.7362176016
1.7372176016
1.7382176016
1.7392176016
1.7402176016
1.7412176016
1.7422176016
1.7432176016
1.7442176016
1.7452176016
1.7462176016
1.7472176016
1.7482176016
1.7492176016
1.7502176016
1.7512176016
1.7522176016
1.7532176016
1.7542176016
1.7552176016
1.7562176016
1.7572176016
1.7582176016
1.7592176016
1.7602176016
1.7612176016
1.7622176016
1.7632176016
1.7642176016
1.7652176016
1.7662176016
1.7672176016
1.7682176016
1.7692176016
1.7702176016
1.7712176016
1.7722176016
1.7732176016
1.7742176016
1.7752176016
1.7762176016
1.7772176016
1.7782176016
1.7792176016
1.7802176016
1.7812176016
1.7822176016
1.7832176016
1.7842176016
1.7852176016
1.7862176016
1.7872176016
1.7882176016
1.7892176016
1.7902176016
1.7912176016
1.7922176016
1.7932176016
1.7942176016
1.7952176016
1.7962176016
1.7972176016
1.7982176016
1.7992176016
1.8002176016
1.8012176016
1.8022176016
1.8032176016
1.8042176016
1.8052176016
1.8062176016
1.8072176016
1.8082176016
1.8092176016
1.8102176016
1.8112176016
1.8122176016
1.8132176016
1.8142176016
1.8152176016
1.8162176016
1.8172176016
1.8182176016
1.8192176016
1.8202176016
1.8212176016
1.8222176016
1.8232176016
1.8242176016
1.8252176016
1.8262176016
1.8272176016
1.8282176016
1.8292176016
1.8302176016
1.8312176016
1.8322176016
1.8332176016
1.8342176016
1.8352176016
1.8362176016
1.8372176016
1.8382176016
1.8392176016
1.8402176016
1.8412176016
1.8422176016
1.8432176016
1.8442176016
1.8452176016
1.8462176016
1.8472176016
1.8482176016
1.8492176016
1.8502176016
1.8512176016
1.8522176016
1.8532176016
1.8542176016
1.8552176016
1.8562176016
1.8572176016
1.8582176016
1.8592176016
1.8602176016
1.8612176016
1.8622176016
1.8632176016
1.8642176016
1.8652176016
1.8662176016
1.8672176016
1.8682176016
1.8692176016
1.8702176016
1.8712176016
1.8722176016
1.8732176016
1.8742176016
1.8752176016
1.8762176016
1.8772176016
1.8782176016
1.8792176016
1.8802176016
1.8812176016
1.8822176016
1.8832176016
1.8842176016
1.8852176016
1.8862176016
1.8872176016
1.8882176016
1.8892176016
1.8902176016
1.8912176016
1.8922176016
1.8932176016
1.8942176016
1.8952176016
1.8962176016
1.8972176016
