# $W$ = 300 nm, $h$ = 300 nm, $s$ = 20 nm, $d/W = 5$, $E_{\rm e}$ = 200 keV
1.2999866612
1.3009866612
1.3019866612
1.3029866612
1.3039866612
1.3049866612
1.3059866612
1.3069866612
1.3079866612
1.3089866612
1.3099866612
1.3109866612
1.3119866612
1.3129866612
1.3139866612
1.3149866612
1.3159866612
1.3169866612
1.3179866612
1.3189866612
1.3199866612
1.3209866612
1.3219866612
1.3229866612
1.3239866612
1.3249866612
1.3259866612
1.3269866612
1.3279866612
1.3289866612
1.3299866612
1.3309866612
1.3319866612
1.3329866612
1.3339866612
1.3349866612
1.3359866612
1.3369866612
1.3379866612
1.3389866612
1.3399866612
1.3409866612
1.3419866612
1.3429866612
1.3439866612
1.3449866612
1.3459866612
1.3469866612
1.3479866612
1.3489866612
1.3499866612
1.3509866612
1.3519866612
1.3529866612
1.3539866612
1.3549866612
1.3559866612
1.3569866612
1.3579866612
1.3589866612
1.3599866612
1.3609866612
1.3619866612
1.3629866612
1.3639866612
1.3649866612
1.3659866612
1.3669866612
1.3679866612
1.3689866612
1.3699866612
1.3709866612
1.3719866612
1.3729866612
1.3739866612
1.3749866612
1.3759866612
1.3769866612
1.3779866612
1.3789866612
1.3799866612
1.3809866612
1.3819866612
1.3829866612
1.3839866612
1.3849866612
1.3859866612
1.3869866612
1.3879866612
1.3889866612
1.3899866612
1.3909866612
1.3919866612
1.3929866612
1.3939866612
1.3949866612
1.3959866612
1.3969866612
1.3979866612
1.3989866612
1.3999866612
1.4009866612
1.4019866612
1.4029866612
1.4039866612
1.4049866612
