# $W$ = 400 nm, $h$ = 300 nm, $s$ = 20 nm, $d/W = 5$, $E_{\rm e}$ = 200 keV
1.2089343848
1.2099343848
1.2109343848
1.2119343848
1.2129343848
1.2139343848
1.2149343848
1.2159343848
1.2169343848
1.2179343848
1.2189343848
1.2199343848
1.2209343848
1.2219343848
1.2229343848
1.2239343848
1.2249343848
1.2259343848
1.2269343848
1.2279343848
1.2289343848
1.2299343848
1.2309343848
1.2319343848
1.2329343848
1.2339343848
1.2349343848
1.2359343848
1.2369343848
1.2379343848
1.2389343848
1.2399343848
1.2409343848
1.2419343848
1.2429343848
1.2439343848
1.2449343848
1.2459343848
1.2469343848
1.2479343848
1.2489343848
1.2499343848
1.2509343848
1.2519343848
1.2529343848
1.2539343848
1.2549343848
1.2559343848
1.2569343848
1.2579343848
1.2589343848
1.2599343848
1.2609343848
1.2619343848
1.2629343848
1.2639343848
1.2649343848
1.2659343848
1.2669343848
1.2679343848
1.2689343848
1.2699343848
1.2709343848
1.2719343848
1.2729343848
1.2739343848
1.2749343848
1.2759343848
1.2769343848
1.2779343848
1.2789343848
1.2799343848
1.2809343848
1.2819343848
1.2829343848
1.2839343848
1.2849343848
1.2859343848
1.2869343848
1.2879343848
1.2889343848
1.2899343848
1.2909343848
1.2919343848
1.2929343848
1.2939343848
1.2949343848
1.2959343848
1.2969343848
1.2979343848
1.2989343848
1.2999343848
1.3009343848
1.3019343848
1.3029343848
1.3039343848
1.3049343848
1.3059343848
1.3069343848
1.3079343848
1.3089343848
1.3099343848
1.3109343848
1.3119343848
1.3129343848
1.3139343848
1.3149343848
1.3159343848
1.3169343848
