# $W$ = 400 nm, $h$ = 300 nm, $s$ = 20 nm, $d/W = 5$, $E_{\rm e}$ = 200 keV
1.2089344244
1.2099344244
1.2109344244
1.2119344244
1.2129344244
1.2139344244
1.2149344244
1.2159344244
1.2169344244
1.2179344244
1.2189344244
1.2199344244
1.2209344244
1.2219344244
1.2229344244
1.2239344244
1.2249344244
1.2259344244
1.2269344244
1.2279344244
1.2289344244
1.2299344244
1.2309344244
1.2319344244
1.2329344244
1.2339344244
1.2349344244
1.2359344244
1.2369344244
1.2379344244
1.2389344244
1.2399344244
1.2409344244
1.2419344244
1.2429344244
1.2439344244
1.2449344244
1.2459344244
1.2469344244
1.2479344244
1.2489344244
1.2499344244
1.2509344244
1.2519344244
1.2529344244
1.2539344244
1.2549344244
1.2559344244
1.2569344244
1.2579344244
1.2589344244
1.2599344244
1.2609344244
1.2619344244
1.2629344244
1.2639344244
1.2649344244
1.2659344244
1.2669344244
1.2679344244
1.2689344244
1.2699344244
1.2709344244
1.2719344244
1.2729344244
1.2739344244
1.2749344244
1.2759344244
1.2769344244
1.2779344244
1.2789344244
1.2799344244
1.2809344244
1.2819344244
1.2829344244
1.2839344244
1.2849344244
1.2859344244
1.2869344244
1.2879344244
1.2889344244
1.2899344244
1.2909344244
1.2919344244
1.2929344244
1.2939344244
1.2949344244
1.2959344244
1.2969344244
1.2979344244
1.2989344244
1.2999344244
1.3009344244
1.3019344244
1.3029344244
1.3039344244
1.3049344244
1.3059344244
1.3069344244
1.3079344244
1.3089344244
1.3099344244
1.3109344244
1.3119344244
1.3129344244
1.3139344244
1.3149344244
1.3159344244
1.3169344244
