# $W$ = 300 nm, $h$ = 300 nm, $s$ = 20 nm, $d/W = 5$, $E_{\rm e}$ = 200 keV
1.2999828869
1.3009828869
1.3019828869
1.3029828869
1.3039828869
1.3049828869
1.3059828869
1.3069828869
1.3079828869
1.3089828869
1.3099828869
1.3109828869
1.3119828869
1.3129828869
1.3139828869
1.3149828869
1.3159828869
1.3169828869
1.3179828869
1.3189828869
1.3199828869
1.3209828869
1.3219828869
1.3229828869
1.3239828869
1.3249828869
1.3259828869
1.3269828869
1.3279828869
1.3289828869
1.3299828869
1.3309828869
1.3319828869
1.3329828869
1.3339828869
1.3349828869
1.3359828869
1.3369828869
1.3379828869
1.3389828869
1.3399828869
1.3409828869
1.3419828869
1.3429828869
1.3439828869
1.3449828869
1.3459828869
1.3469828869
1.3479828869
1.3489828869
1.3499828869
1.3509828869
1.3519828869
1.3529828869
1.3539828869
1.3549828869
1.3559828869
1.3569828869
1.3579828869
1.3589828869
1.3599828869
1.3609828869
1.3619828869
1.3629828869
1.3639828869
1.3649828869
1.3659828869
1.3669828869
1.3679828869
1.3689828869
1.3699828869
1.3709828869
1.3719828869
1.3729828869
1.3739828869
1.3749828869
1.3759828869
1.3769828869
1.3779828869
1.3789828869
1.3799828869
1.3809828869
1.3819828869
1.3829828869
1.3839828869
1.3849828869
1.3859828869
1.3869828869
1.3879828869
1.3889828869
1.3899828869
1.3909828869
1.3919828869
1.3929828869
1.3939828869
1.3949828869
1.3959828869
1.3969828869
1.3979828869
1.3989828869
1.3999828869
1.4009828869
1.4019828869
1.4029828869
1.4039828869
1.4049828869
