# $W$ = 300 nm, $h$ = 300 nm, $s$ = 20 nm, $d/W = 5$, $E_{\rm e}$ = 200 keV
0.7186287207
0.7196287207
0.7206287207
0.7216287207
0.7226287207
0.7236287207
0.7246287207
0.7256287207
0.7266287207
0.7276287207
0.7286287207
0.7296287207
0.7306287207
0.7316287207
0.7326287207
0.7336287207
0.7346287207
0.7356287207
0.7366287207
0.7376287207
0.7386287207
0.7396287207
0.7406287207
0.7416287207
0.7426287207
0.7436287207
0.7446287207
0.7456287207
0.7466287207
0.7476287207
0.7486287207
0.7496287207
0.7506287207
0.7516287207
0.7526287207
0.7536287207
0.7546287207
0.7556287207
0.7566287207
0.7576287207
0.7586287207
0.7596287207
0.7606287207
0.7616287207
0.7626287207
0.7636287207
0.7646287207
0.7656287207
0.7666287207
0.7676287207
0.7686287207
0.7696287207
0.7706287207
0.7716287207
0.7726287207
0.7736287207
0.7746287207
0.7756287207
0.7766287207
0.7776287207
0.7786287207
0.7796287207
0.7806287207
