# $W$ = 300 nm, $h$ = 300 nm, $s$ = 20 nm, $d/W = 5$, $E_{\rm e}$ = 200 keV
0.7186287076
0.7196287076
0.7206287076
0.7216287076
0.7226287076
0.7236287076
0.7246287076
0.7256287076
0.7266287076
0.7276287076
0.7286287076
0.7296287076
0.7306287076
0.7316287076
0.7326287076
0.7336287076
0.7346287076
0.7356287076
0.7366287076
0.7376287076
0.7386287076
0.7396287076
0.7406287076
0.7416287076
0.7426287076
0.7436287076
0.7446287076
0.7456287076
0.7466287076
0.7476287076
0.7486287076
0.7496287076
0.7506287076
0.7516287076
0.7526287076
0.7536287076
0.7546287076
0.7556287076
0.7566287076
0.7576287076
0.7586287076
0.7596287076
0.7606287076
0.7616287076
0.7626287076
0.7636287076
0.7646287076
0.7656287076
0.7666287076
0.7676287076
0.7686287076
0.7696287076
0.7706287076
0.7716287076
0.7726287076
0.7736287076
0.7746287076
0.7756287076
0.7766287076
0.7776287076
0.7786287076
0.7796287076
0.7806287076
