# $W$ = 400 nm, $h$ = 300 nm, $s$ = 20 nm, $d/W = 5$, $E_{\rm e}$ = 200 keV
1.2089344263
1.2099344263
1.2109344263
1.2119344263
1.2129344263
1.2139344263
1.2149344263
1.2159344263
1.2169344263
1.2179344263
1.2189344263
1.2199344263
1.2209344263
1.2219344263
1.2229344263
1.2239344263
1.2249344263
1.2259344263
1.2269344263
1.2279344263
1.2289344263
1.2299344263
1.2309344263
1.2319344263
1.2329344263
1.2339344263
1.2349344263
1.2359344263
1.2369344263
1.2379344263
1.2389344263
1.2399344263
1.2409344263
1.2419344263
1.2429344263
1.2439344263
1.2449344263
1.2459344263
1.2469344263
1.2479344263
1.2489344263
1.2499344263
1.2509344263
1.2519344263
1.2529344263
1.2539344263
1.2549344263
1.2559344263
1.2569344263
1.2579344263
1.2589344263
1.2599344263
1.2609344263
1.2619344263
1.2629344263
1.2639344263
1.2649344263
1.2659344263
1.2669344263
1.2679344263
1.2689344263
1.2699344263
1.2709344263
1.2719344263
1.2729344263
1.2739344263
1.2749344263
1.2759344263
1.2769344263
1.2779344263
1.2789344263
1.2799344263
1.2809344263
1.2819344263
1.2829344263
1.2839344263
1.2849344263
1.2859344263
1.2869344263
1.2879344263
1.2889344263
1.2899344263
1.2909344263
1.2919344263
1.2929344263
1.2939344263
1.2949344263
1.2959344263
1.2969344263
1.2979344263
1.2989344263
1.2999344263
1.3009344263
1.3019344263
1.3029344263
1.3039344263
1.3049344263
1.3059344263
1.3069344263
1.3079344263
1.3089344263
1.3099344263
1.3109344263
1.3119344263
1.3129344263
1.3139344263
1.3149344263
1.3159344263
1.3169344263
