# $W$ = 300 nm, $h$ = 300 nm, $s$ = 20 nm, $d/W = 5$, $E_{\rm e}$ = 200 keV
0.7186287292
0.7196287292
0.7206287292
0.7216287292
0.7226287292
0.7236287292
0.7246287292
0.7256287292
0.7266287292
0.7276287292
0.7286287292
0.7296287292
0.7306287292
0.7316287292
0.7326287292
0.7336287292
0.7346287292
0.7356287292
0.7366287292
0.7376287292
0.7386287292
0.7396287292
0.7406287292
0.7416287292
0.7426287292
0.7436287292
0.7446287292
0.7456287292
0.7466287292
0.7476287292
0.7486287292
0.7496287292
0.7506287292
0.7516287292
0.7526287292
0.7536287292
0.7546287292
0.7556287292
0.7566287292
0.7576287292
0.7586287292
0.7596287292
0.7606287292
0.7616287292
0.7626287292
0.7636287292
0.7646287292
0.7656287292
0.7666287292
0.7676287292
0.7686287292
0.7696287292
0.7706287292
0.7716287292
0.7726287292
0.7736287292
0.7746287292
0.7756287292
0.7766287292
0.7776287292
0.7786287292
0.7796287292
0.7806287292
