# $W$ = 300 nm, $h$ = 300 nm, $s$ = 20 nm, $d/W = 5$, $E_{\rm e}$ = 200 keV
1.2981903415
1.2991903415
1.3001903415
1.3011903415
1.3021903415
1.3031903415
1.3041903415
1.3051903415
1.3061903415
1.3071903415
1.3081903415
1.3091903415
1.3101903415
1.3111903415
1.3121903415
1.3131903415
1.3141903415
1.3151903415
1.3161903415
1.3171903415
1.3181903415
1.3191903415
1.3201903415
1.3211903415
1.3221903415
1.3231903415
1.3241903415
1.3251903415
1.3261903415
1.3271903415
1.3281903415
1.3291903415
1.3301903415
1.3311903415
1.3321903415
1.3331903415
1.3341903415
1.3351903415
1.3361903415
1.3371903415
1.3381903415
1.3391903415
1.3401903415
1.3411903415
1.3421903415
1.3431903415
1.3441903415
1.3451903415
1.3461903415
1.3471903415
1.3481903415
1.3491903415
1.3501903415
1.3511903415
1.3521903415
1.3531903415
1.3541903415
1.3551903415
1.3561903415
1.3571903415
1.3581903415
1.3591903415
1.3601903415
1.3611903415
1.3621903415
1.3631903415
1.3641903415
1.3651903415
1.3661903415
1.3671903415
1.3681903415
1.3691903415
1.3701903415
1.3711903415
1.3721903415
1.3731903415
1.3741903415
1.3751903415
1.3761903415
1.3771903415
1.3781903415
1.3791903415
1.3801903415
1.3811903415
1.3821903415
1.3831903415
1.3841903415
1.3851903415
1.3861903415
1.3871903415
1.3881903415
1.3891903415
1.3901903415
1.3911903415
1.3921903415
1.3931903415
1.3941903415
1.3951903415
1.3961903415
1.3971903415
1.3981903415
1.3991903415
1.4001903415
1.4011903415
1.4021903415
1.4031903415
1.4041903415
1.4051903415
1.4061903415
1.4071903415
