# $W$ = 400 nm, $h$ = 300 nm, $s$ = 20 nm, $d/W = 5$, $E_{\rm e}$ = 200 keV
0.6729985423
0.6739985423
0.6749985423
0.6759985423
0.6769985423
0.6779985423
0.6789985423
0.6799985423
0.6809985423
0.6819985423
0.6829985423
0.6839985423
0.6849985423
0.6859985423
0.6869985423
0.6879985423
0.6889985423
0.6899985423
0.6909985423
0.6919985423
0.6929985423
0.6939985423
0.6949985423
0.6959985423
0.6969985423
0.6979985423
0.6989985423
0.6999985423
0.7009985423
0.7019985423
0.7029985423
0.7039985423
0.7049985423
0.7059985423
0.7069985423
0.7079985423
0.7089985423
0.7099985423
0.7109985423
0.7119985423
0.7129985423
0.7139985423
0.7149985423
0.7159985423
0.7169985423
0.7179985423
0.7189985423
0.7199985423
0.7209985423
0.7219985423
0.7229985423
0.7239985423
0.7249985423
0.7259985423
0.7269985423
0.7279985423
0.7289985423
0.7299985423
