# $W$ = 400 nm, $h$ = 300 nm, $s$ = 20 nm, $d/W = 5$, $E_{\rm e}$ = 200 keV
1.6405738418
1.6415738418
1.6425738418
1.6435738418
1.6445738418
1.6455738418
1.6465738418
1.6475738418
1.6485738418
1.6495738418
1.6505738418
1.6515738418
1.6525738418
1.6535738418
1.6545738418
1.6555738418
1.6565738418
1.6575738418
1.6585738418
1.6595738418
1.6605738418
1.6615738418
1.6625738418
1.6635738418
1.6645738418
1.6655738418
1.6665738418
1.6675738418
1.6685738418
1.6695738418
1.6705738418
1.6715738418
1.6725738418
1.6735738418
1.6745738418
1.6755738418
1.6765738418
1.6775738418
1.6785738418
1.6795738418
1.6805738418
1.6815738418
1.6825738418
1.6835738418
1.6845738418
1.6855738418
1.6865738418
1.6875738418
1.6885738418
1.6895738418
1.6905738418
1.6915738418
1.6925738418
1.6935738418
1.6945738418
1.6955738418
1.6965738418
1.6975738418
1.6985738418
1.6995738418
1.7005738418
1.7015738418
1.7025738418
1.7035738418
1.7045738418
1.7055738418
1.7065738418
1.7075738418
1.7085738418
1.7095738418
1.7105738418
1.7115738418
1.7125738418
1.7135738418
1.7145738418
1.7155738418
1.7165738418
1.7175738418
1.7185738418
1.7195738418
1.7205738418
1.7215738418
1.7225738418
1.7235738418
1.7245738418
1.7255738418
1.7265738418
1.7275738418
1.7285738418
1.7295738418
1.7305738418
1.7315738418
1.7325738418
1.7335738418
1.7345738418
1.7355738418
1.7365738418
1.7375738418
1.7385738418
1.7395738418
1.7405738418
1.7415738418
1.7425738418
1.7435738418
1.7445738418
1.7455738418
1.7465738418
1.7475738418
1.7485738418
1.7495738418
1.7505738418
1.7515738418
1.7525738418
1.7535738418
1.7545738418
1.7555738418
1.7565738418
1.7575738418
1.7585738418
1.7595738418
1.7605738418
1.7615738418
1.7625738418
1.7635738418
1.7645738418
1.7655738418
1.7665738418
1.7675738418
1.7685738418
1.7695738418
1.7705738418
1.7715738418
1.7725738418
1.7735738418
1.7745738418
1.7755738418
1.7765738418
1.7775738418
1.7785738418
1.7795738418
1.7805738418
1.7815738418
1.7825738418
1.7835738418
1.7845738418
1.7855738418
1.7865738418
1.7875738418
1.7885738418
1.7895738418
1.7905738418
1.7915738418
1.7925738418
1.7935738418
1.7945738418
1.7955738418
1.7965738418
1.7975738418
1.7985738418
1.7995738418
1.8005738418
1.8015738418
1.8025738418
1.8035738418
1.8045738418
1.8055738418
1.8065738418
1.8075738418
1.8085738418
1.8095738418
1.8105738418
1.8115738418
1.8125738418
1.8135738418
1.8145738418
1.8155738418
1.8165738418
1.8175738418
1.8185738418
1.8195738418
1.8205738418
1.8215738418
1.8225738418
1.8235738418
1.8245738418
1.8255738418
1.8265738418
1.8275738418
1.8285738418
1.8295738418
1.8305738418
1.8315738418
1.8325738418
1.8335738418
1.8345738418
1.8355738418
1.8365738418
1.8375738418
1.8385738418
1.8395738418
1.8405738418
1.8415738418
1.8425738418
1.8435738418
1.8445738418
1.8455738418
1.8465738418
1.8475738418
1.8485738418
1.8495738418
1.8505738418
1.8515738418
1.8525738418
1.8535738418
1.8545738418
1.8555738418
1.8565738418
1.8575738418
1.8585738418
1.8595738418
1.8605738418
1.8615738418
1.8625738418
1.8635738418
1.8645738418
