# $W$ = 400 nm, $h$ = 300 nm, $s$ = 20 nm, $d/W = 5$, $E_{\rm e}$ = 200 keV
0.6729984583
0.6739984583
0.6749984583
0.6759984583
0.6769984583
0.6779984583
0.6789984583
0.6799984583
0.6809984583
0.6819984583
0.6829984583
0.6839984583
0.6849984583
0.6859984583
0.6869984583
0.6879984583
0.6889984583
0.6899984583
0.6909984583
0.6919984583
0.6929984583
0.6939984583
0.6949984583
0.6959984583
0.6969984583
0.6979984583
0.6989984583
0.6999984583
0.7009984583
0.7019984583
0.7029984583
0.7039984583
0.7049984583
0.7059984583
0.7069984583
0.7079984583
0.7089984583
0.7099984583
0.7109984583
0.7119984583
0.7129984583
0.7139984583
0.7149984583
0.7159984583
0.7169984583
0.7179984583
0.7189984583
0.7199984583
0.7209984583
0.7219984583
0.7229984583
0.7239984583
0.7249984583
0.7259984583
0.7269984583
0.7279984583
0.7289984583
0.7299984583
