# $W$ = 400 nm, $h$ = 300 nm, $s$ = 20 nm, $d/W = 5$, $E_{\rm e}$ = 200 keV
1.2089343061
1.2099343061
1.2109343061
1.2119343061
1.2129343061
1.2139343061
1.2149343061
1.2159343061
1.2169343061
1.2179343061
1.2189343061
1.2199343061
1.2209343061
1.2219343061
1.2229343061
1.2239343061
1.2249343061
1.2259343061
1.2269343061
1.2279343061
1.2289343061
1.2299343061
1.2309343061
1.2319343061
1.2329343061
1.2339343061
1.2349343061
1.2359343061
1.2369343061
1.2379343061
1.2389343061
1.2399343061
1.2409343061
1.2419343061
1.2429343061
1.2439343061
1.2449343061
1.2459343061
1.2469343061
1.2479343061
1.2489343061
1.2499343061
1.2509343061
1.2519343061
1.2529343061
1.2539343061
1.2549343061
1.2559343061
1.2569343061
1.2579343061
1.2589343061
1.2599343061
1.2609343061
1.2619343061
1.2629343061
1.2639343061
1.2649343061
1.2659343061
1.2669343061
1.2679343061
1.2689343061
1.2699343061
1.2709343061
1.2719343061
1.2729343061
1.2739343061
1.2749343061
1.2759343061
1.2769343061
1.2779343061
1.2789343061
1.2799343061
1.2809343061
1.2819343061
1.2829343061
1.2839343061
1.2849343061
1.2859343061
1.2869343061
1.2879343061
1.2889343061
1.2899343061
1.2909343061
1.2919343061
1.2929343061
1.2939343061
1.2949343061
1.2959343061
1.2969343061
1.2979343061
1.2989343061
1.2999343061
1.3009343061
1.3019343061
1.3029343061
1.3039343061
1.3049343061
1.3059343061
1.3069343061
1.3079343061
1.3089343061
1.3099343061
1.3109343061
1.3119343061
1.3129343061
1.3139343061
1.3149343061
1.3159343061
1.3169343061
