# $W$ = 300 nm, $h$ = 300 nm, $s$ = 20 nm, $d/W = 5$, $E_{\rm e}$ = 200 keV
0.7186324430
0.7196324430
0.7206324430
0.7216324430
0.7226324430
0.7236324430
0.7246324430
0.7256324430
0.7266324430
0.7276324430
0.7286324430
0.7296324430
0.7306324430
0.7316324430
0.7326324430
0.7336324430
0.7346324430
0.7356324430
0.7366324430
0.7376324430
0.7386324430
0.7396324430
0.7406324430
0.7416324430
0.7426324430
0.7436324430
0.7446324430
0.7456324430
0.7466324430
0.7476324430
0.7486324430
0.7496324430
0.7506324430
0.7516324430
0.7526324430
0.7536324430
0.7546324430
0.7556324430
0.7566324430
0.7576324430
0.7586324430
0.7596324430
0.7606324430
0.7616324430
0.7626324430
0.7636324430
0.7646324430
0.7656324430
0.7666324430
0.7676324430
0.7686324430
0.7696324430
0.7706324430
0.7716324430
0.7726324430
0.7736324430
0.7746324430
0.7756324430
0.7766324430
0.7776324430
0.7786324430
0.7796324430
0.7806324430
