# $W$ = 300 nm, $h$ = 300 nm, $s$ = 20 nm, $d/W = 5$, $E_{\rm e}$ = 200 keV
0.7186327764
0.7196327764
0.7206327764
0.7216327764
0.7226327764
0.7236327764
0.7246327764
0.7256327764
0.7266327764
0.7276327764
0.7286327764
0.7296327764
0.7306327764
0.7316327764
0.7326327764
0.7336327764
0.7346327764
0.7356327764
0.7366327764
0.7376327764
0.7386327764
0.7396327764
0.7406327764
0.7416327764
0.7426327764
0.7436327764
0.7446327764
0.7456327764
0.7466327764
0.7476327764
0.7486327764
0.7496327764
0.7506327764
0.7516327764
0.7526327764
0.7536327764
0.7546327764
0.7556327764
0.7566327764
0.7576327764
0.7586327764
0.7596327764
0.7606327764
0.7616327764
0.7626327764
0.7636327764
0.7646327764
0.7656327764
0.7666327764
0.7676327764
0.7686327764
0.7696327764
0.7706327764
0.7716327764
0.7726327764
0.7736327764
0.7746327764
0.7756327764
0.7766327764
0.7776327764
0.7786327764
0.7796327764
0.7806327764
