# $W$ = 400 nm, $h$ = 300 nm, $s$ = 20 nm, $d/W = 5$, $E_{\rm e}$ = 200 keV
1.6405714868
1.6415714868
1.6425714868
1.6435714868
1.6445714868
1.6455714868
1.6465714868
1.6475714868
1.6485714868
1.6495714868
1.6505714868
1.6515714868
1.6525714868
1.6535714868
1.6545714868
1.6555714868
1.6565714868
1.6575714868
1.6585714868
1.6595714868
1.6605714868
1.6615714868
1.6625714868
1.6635714868
1.6645714868
1.6655714868
1.6665714868
1.6675714868
1.6685714868
1.6695714868
1.6705714868
1.6715714868
1.6725714868
1.6735714868
1.6745714868
1.6755714868
1.6765714868
1.6775714868
1.6785714868
1.6795714868
1.6805714868
1.6815714868
1.6825714868
1.6835714868
1.6845714868
1.6855714868
1.6865714868
1.6875714868
1.6885714868
1.6895714868
1.6905714868
1.6915714868
1.6925714868
1.6935714868
1.6945714868
1.6955714868
1.6965714868
1.6975714868
1.6985714868
1.6995714868
1.7005714868
1.7015714868
1.7025714868
1.7035714868
1.7045714868
1.7055714868
1.7065714868
1.7075714868
1.7085714868
1.7095714868
1.7105714868
1.7115714868
1.7125714868
1.7135714868
1.7145714868
1.7155714868
1.7165714868
1.7175714868
1.7185714868
1.7195714868
1.7205714868
1.7215714868
1.7225714868
1.7235714868
1.7245714868
1.7255714868
1.7265714868
1.7275714868
1.7285714868
1.7295714868
1.7305714868
1.7315714868
1.7325714868
1.7335714868
1.7345714868
1.7355714868
1.7365714868
1.7375714868
1.7385714868
1.7395714868
1.7405714868
1.7415714868
1.7425714868
1.7435714868
1.7445714868
1.7455714868
1.7465714868
1.7475714868
1.7485714868
1.7495714868
1.7505714868
1.7515714868
1.7525714868
1.7535714868
1.7545714868
1.7555714868
1.7565714868
1.7575714868
1.7585714868
1.7595714868
1.7605714868
1.7615714868
1.7625714868
1.7635714868
1.7645714868
1.7655714868
1.7665714868
1.7675714868
1.7685714868
1.7695714868
1.7705714868
1.7715714868
1.7725714868
1.7735714868
1.7745714868
1.7755714868
1.7765714868
1.7775714868
1.7785714868
1.7795714868
1.7805714868
1.7815714868
1.7825714868
1.7835714868
1.7845714868
1.7855714868
1.7865714868
1.7875714868
1.7885714868
1.7895714868
1.7905714868
1.7915714868
1.7925714868
1.7935714868
1.7945714868
1.7955714868
1.7965714868
1.7975714868
1.7985714868
1.7995714868
1.8005714868
1.8015714868
1.8025714868
1.8035714868
1.8045714868
1.8055714868
1.8065714868
1.8075714868
1.8085714868
1.8095714868
1.8105714868
1.8115714868
1.8125714868
1.8135714868
1.8145714868
1.8155714868
1.8165714868
1.8175714868
1.8185714868
1.8195714868
1.8205714868
1.8215714868
1.8225714868
1.8235714868
1.8245714868
1.8255714868
1.8265714868
1.8275714868
1.8285714868
1.8295714868
1.8305714868
1.8315714868
1.8325714868
1.8335714868
1.8345714868
1.8355714868
1.8365714868
1.8375714868
1.8385714868
1.8395714868
1.8405714868
1.8415714868
1.8425714868
1.8435714868
1.8445714868
1.8455714868
1.8465714868
1.8475714868
1.8485714868
1.8495714868
1.8505714868
1.8515714868
1.8525714868
1.8535714868
1.8545714868
1.8555714868
1.8565714868
1.8575714868
1.8585714868
1.8595714868
1.8605714868
1.8615714868
1.8625714868
1.8635714868
1.8645714868
