# $W$ = 300 nm, $h$ = 300 nm, $s$ = 20 nm, $d/W = 5$, $E_{\rm e}$ = 200 keV
0.7186326774
0.7196326774
0.7206326774
0.7216326774
0.7226326774
0.7236326774
0.7246326774
0.7256326774
0.7266326774
0.7276326774
0.7286326774
0.7296326774
0.7306326774
0.7316326774
0.7326326774
0.7336326774
0.7346326774
0.7356326774
0.7366326774
0.7376326774
0.7386326774
0.7396326774
0.7406326774
0.7416326774
0.7426326774
0.7436326774
0.7446326774
0.7456326774
0.7466326774
0.7476326774
0.7486326774
0.7496326774
0.7506326774
0.7516326774
0.7526326774
0.7536326774
0.7546326774
0.7556326774
0.7566326774
0.7576326774
0.7586326774
0.7596326774
0.7606326774
0.7616326774
0.7626326774
0.7636326774
0.7646326774
0.7656326774
0.7666326774
0.7676326774
0.7686326774
0.7696326774
0.7706326774
0.7716326774
0.7726326774
0.7736326774
0.7746326774
0.7756326774
0.7766326774
0.7776326774
0.7786326774
0.7796326774
0.7806326774
