# $W$ = 400 nm, $h$ = 300 nm, $s$ = 20 nm, $d/W = 5$, $E_{\rm e}$ = 200 keV
1.6405738415
1.6415738415
1.6425738415
1.6435738415
1.6445738415
1.6455738415
1.6465738415
1.6475738415
1.6485738415
1.6495738415
1.6505738415
1.6515738415
1.6525738415
1.6535738415
1.6545738415
1.6555738415
1.6565738415
1.6575738415
1.6585738415
1.6595738415
1.6605738415
1.6615738415
1.6625738415
1.6635738415
1.6645738415
1.6655738415
1.6665738415
1.6675738415
1.6685738415
1.6695738415
1.6705738415
1.6715738415
1.6725738415
1.6735738415
1.6745738415
1.6755738415
1.6765738415
1.6775738415
1.6785738415
1.6795738415
1.6805738415
1.6815738415
1.6825738415
1.6835738415
1.6845738415
1.6855738415
1.6865738415
1.6875738415
1.6885738415
1.6895738415
1.6905738415
1.6915738415
1.6925738415
1.6935738415
1.6945738415
1.6955738415
1.6965738415
1.6975738415
1.6985738415
1.6995738415
1.7005738415
1.7015738415
1.7025738415
1.7035738415
1.7045738415
1.7055738415
1.7065738415
1.7075738415
1.7085738415
1.7095738415
1.7105738415
1.7115738415
1.7125738415
1.7135738415
1.7145738415
1.7155738415
1.7165738415
1.7175738415
1.7185738415
1.7195738415
1.7205738415
1.7215738415
1.7225738415
1.7235738415
1.7245738415
1.7255738415
1.7265738415
1.7275738415
1.7285738415
1.7295738415
1.7305738415
1.7315738415
1.7325738415
1.7335738415
1.7345738415
1.7355738415
1.7365738415
1.7375738415
1.7385738415
1.7395738415
1.7405738415
1.7415738415
1.7425738415
1.7435738415
1.7445738415
1.7455738415
1.7465738415
1.7475738415
1.7485738415
1.7495738415
1.7505738415
1.7515738415
1.7525738415
1.7535738415
1.7545738415
1.7555738415
1.7565738415
1.7575738415
1.7585738415
1.7595738415
1.7605738415
1.7615738415
1.7625738415
1.7635738415
1.7645738415
1.7655738415
1.7665738415
1.7675738415
1.7685738415
1.7695738415
1.7705738415
1.7715738415
1.7725738415
1.7735738415
1.7745738415
1.7755738415
1.7765738415
1.7775738415
1.7785738415
1.7795738415
1.7805738415
1.7815738415
1.7825738415
1.7835738415
1.7845738415
1.7855738415
1.7865738415
1.7875738415
1.7885738415
1.7895738415
1.7905738415
1.7915738415
1.7925738415
1.7935738415
1.7945738415
1.7955738415
1.7965738415
1.7975738415
1.7985738415
1.7995738415
1.8005738415
1.8015738415
1.8025738415
1.8035738415
1.8045738415
1.8055738415
1.8065738415
1.8075738415
1.8085738415
1.8095738415
1.8105738415
1.8115738415
1.8125738415
1.8135738415
1.8145738415
1.8155738415
1.8165738415
1.8175738415
1.8185738415
1.8195738415
1.8205738415
1.8215738415
1.8225738415
1.8235738415
1.8245738415
1.8255738415
1.8265738415
1.8275738415
1.8285738415
1.8295738415
1.8305738415
1.8315738415
1.8325738415
1.8335738415
1.8345738415
1.8355738415
1.8365738415
1.8375738415
1.8385738415
1.8395738415
1.8405738415
1.8415738415
1.8425738415
1.8435738415
1.8445738415
1.8455738415
1.8465738415
1.8475738415
1.8485738415
1.8495738415
1.8505738415
1.8515738415
1.8525738415
1.8535738415
1.8545738415
1.8555738415
1.8565738415
1.8575738415
1.8585738415
1.8595738415
1.8605738415
1.8615738415
1.8625738415
1.8635738415
1.8645738415
