# $W$ = 400 nm, $h$ = 300 nm, $s$ = 20 nm, $d/W = 5$, $E_{\rm e}$ = 200 keV
1.2089344064
1.2099344064
1.2109344064
1.2119344064
1.2129344064
1.2139344064
1.2149344064
1.2159344064
1.2169344064
1.2179344064
1.2189344064
1.2199344064
1.2209344064
1.2219344064
1.2229344064
1.2239344064
1.2249344064
1.2259344064
1.2269344064
1.2279344064
1.2289344064
1.2299344064
1.2309344064
1.2319344064
1.2329344064
1.2339344064
1.2349344064
1.2359344064
1.2369344064
1.2379344064
1.2389344064
1.2399344064
1.2409344064
1.2419344064
1.2429344064
1.2439344064
1.2449344064
1.2459344064
1.2469344064
1.2479344064
1.2489344064
1.2499344064
1.2509344064
1.2519344064
1.2529344064
1.2539344064
1.2549344064
1.2559344064
1.2569344064
1.2579344064
1.2589344064
1.2599344064
1.2609344064
1.2619344064
1.2629344064
1.2639344064
1.2649344064
1.2659344064
1.2669344064
1.2679344064
1.2689344064
1.2699344064
1.2709344064
1.2719344064
1.2729344064
1.2739344064
1.2749344064
1.2759344064
1.2769344064
1.2779344064
1.2789344064
1.2799344064
1.2809344064
1.2819344064
1.2829344064
1.2839344064
1.2849344064
1.2859344064
1.2869344064
1.2879344064
1.2889344064
1.2899344064
1.2909344064
1.2919344064
1.2929344064
1.2939344064
1.2949344064
1.2959344064
1.2969344064
1.2979344064
1.2989344064
1.2999344064
1.3009344064
1.3019344064
1.3029344064
1.3039344064
1.3049344064
1.3059344064
1.3069344064
1.3079344064
1.3089344064
1.3099344064
1.3109344064
1.3119344064
1.3129344064
1.3139344064
1.3149344064
1.3159344064
1.3169344064
