# $W$ = 300 nm, $h$ = 300 nm, $s$ = 20 nm, $d/W = 5$, $E_{\rm e}$ = 200 keV
0.7186286568
0.7196286568
0.7206286568
0.7216286568
0.7226286568
0.7236286568
0.7246286568
0.7256286568
0.7266286568
0.7276286568
0.7286286568
0.7296286568
0.7306286568
0.7316286568
0.7326286568
0.7336286568
0.7346286568
0.7356286568
0.7366286568
0.7376286568
0.7386286568
0.7396286568
0.7406286568
0.7416286568
0.7426286568
0.7436286568
0.7446286568
0.7456286568
0.7466286568
0.7476286568
0.7486286568
0.7496286568
0.7506286568
0.7516286568
0.7526286568
0.7536286568
0.7546286568
0.7556286568
0.7566286568
0.7576286568
0.7586286568
0.7596286568
0.7606286568
0.7616286568
0.7626286568
0.7636286568
0.7646286568
0.7656286568
0.7666286568
0.7676286568
0.7686286568
0.7696286568
0.7706286568
0.7716286568
0.7726286568
0.7736286568
0.7746286568
0.7756286568
0.7766286568
0.7776286568
0.7786286568
0.7796286568
0.7806286568
