# $W$ = 300 nm, $h$ = 300 nm, $s$ = 20 nm, $d/W = 5$, $E_{\rm e}$ = 200 keV
1.1707431359
1.1717431359
1.1727431359
1.1737431359
1.1747431359
1.1757431359
1.1767431359
1.1777431359
1.1787431359
1.1797431359
1.1807431359
1.1817431359
1.1827431359
1.1837431359
1.1847431359
1.1857431359
1.1867431359
1.1877431359
1.1887431359
1.1897431359
1.1907431359
1.1917431359
1.1927431359
1.1937431359
1.1947431359
1.1957431359
1.1967431359
1.1977431359
1.1987431359
1.1997431359
1.2007431359
1.2017431359
1.2027431359
1.2037431359
1.2047431359
1.2057431359
1.2067431359
1.2077431359
1.2087431359
1.2097431359
1.2107431359
1.2117431359
1.2127431359
1.2137431359
1.2147431359
1.2157431359
1.2167431359
1.2177431359
1.2187431359
1.2197431359
1.2207431359
1.2217431359
1.2227431359
1.2237431359
1.2247431359
1.2257431359
1.2267431359
1.2277431359
1.2287431359
1.2297431359
1.2307431359
1.2317431359
1.2327431359
1.2337431359
1.2347431359
1.2357431359
1.2367431359
1.2377431359
1.2387431359
1.2397431359
1.2407431359
1.2417431359
1.2427431359
1.2437431359
1.2447431359
1.2457431359
1.2467431359
1.2477431359
1.2487431359
1.2497431359
1.2507431359
1.2517431359
1.2527431359
1.2537431359
1.2547431359
1.2557431359
1.2567431359
1.2577431359
1.2587431359
1.2597431359
1.2607431359
1.2617431359
1.2627431359
1.2637431359
1.2647431359
1.2657431359
1.2667431359
1.2677431359
1.2687431359
1.2697431359
1.2707431359
1.2717431359
1.2727431359
1.2737431359
