# $W$ = 300 nm, $h$ = 300 nm, $s$ = 20 nm, $d/W = 5$, $E_{\rm e}$ = 200 keV
1.3018867792
1.3028867792
1.3038867792
1.3048867792
1.3058867792
1.3068867792
1.3078867792
1.3088867792
1.3098867792
1.3108867792
1.3118867792
1.3128867792
1.3138867792
1.3148867792
1.3158867792
1.3168867792
1.3178867792
1.3188867792
1.3198867792
1.3208867792
1.3218867792
1.3228867792
1.3238867792
1.3248867792
1.3258867792
1.3268867792
1.3278867792
1.3288867792
1.3298867792
1.3308867792
1.3318867792
1.3328867792
1.3338867792
1.3348867792
1.3358867792
1.3368867792
1.3378867792
1.3388867792
1.3398867792
1.3408867792
1.3418867792
1.3428867792
1.3438867792
1.3448867792
1.3458867792
1.3468867792
1.3478867792
1.3488867792
1.3498867792
1.3508867792
1.3518867792
1.3528867792
1.3538867792
1.3548867792
1.3558867792
1.3568867792
1.3578867792
1.3588867792
1.3598867792
1.3608867792
1.3618867792
1.3628867792
1.3638867792
1.3648867792
1.3658867792
1.3668867792
1.3678867792
1.3688867792
1.3698867792
1.3708867792
1.3718867792
1.3728867792
1.3738867792
1.3748867792
1.3758867792
1.3768867792
1.3778867792
1.3788867792
1.3798867792
1.3808867792
1.3818867792
1.3828867792
1.3838867792
1.3848867792
1.3858867792
1.3868867792
1.3878867792
1.3888867792
1.3898867792
1.3908867792
1.3918867792
1.3928867792
1.3938867792
1.3948867792
1.3958867792
1.3968867792
1.3978867792
1.3988867792
1.3998867792
1.4008867792
1.4018867792
1.4028867792
