# $W$ = 300 nm, $h$ = 300 nm, $s$ = 20 nm, $d/W = 5$, $E_{\rm e}$ = 200 keV
1.1707976631
1.1717976631
1.1727976631
1.1737976631
1.1747976631
1.1757976631
1.1767976631
1.1777976631
1.1787976631
1.1797976631
1.1807976631
1.1817976631
1.1827976631
1.1837976631
1.1847976631
1.1857976631
1.1867976631
1.1877976631
1.1887976631
1.1897976631
1.1907976631
1.1917976631
1.1927976631
1.1937976631
1.1947976631
1.1957976631
1.1967976631
1.1977976631
1.1987976631
1.1997976631
1.2007976631
1.2017976631
1.2027976631
1.2037976631
1.2047976631
1.2057976631
1.2067976631
1.2077976631
1.2087976631
1.2097976631
1.2107976631
1.2117976631
1.2127976631
1.2137976631
1.2147976631
1.2157976631
1.2167976631
1.2177976631
1.2187976631
1.2197976631
1.2207976631
1.2217976631
1.2227976631
1.2237976631
1.2247976631
1.2257976631
1.2267976631
1.2277976631
1.2287976631
1.2297976631
1.2307976631
1.2317976631
1.2327976631
1.2337976631
1.2347976631
1.2357976631
1.2367976631
1.2377976631
1.2387976631
1.2397976631
1.2407976631
1.2417976631
1.2427976631
1.2437976631
1.2447976631
1.2457976631
1.2467976631
1.2477976631
1.2487976631
1.2497976631
1.2507976631
1.2517976631
1.2527976631
1.2537976631
1.2547976631
1.2557976631
1.2567976631
1.2577976631
1.2587976631
1.2597976631
1.2607976631
1.2617976631
1.2627976631
1.2637976631
1.2647976631
1.2657976631
1.2667976631
1.2677976631
1.2687976631
1.2697976631
1.2707976631
1.2717976631
1.2727976631
1.2737976631
