# $W$ = 300 nm, $h$ = 300 nm, $s$ = 20 nm, $d/W = 5$, $E_{\rm e}$ = 200 keV
1.1707442775
1.1717442775
1.1727442775
1.1737442775
1.1747442775
1.1757442775
1.1767442775
1.1777442775
1.1787442775
1.1797442775
1.1807442775
1.1817442775
1.1827442775
1.1837442775
1.1847442775
1.1857442775
1.1867442775
1.1877442775
1.1887442775
1.1897442775
1.1907442775
1.1917442775
1.1927442775
1.1937442775
1.1947442775
1.1957442775
1.1967442775
1.1977442775
1.1987442775
1.1997442775
1.2007442775
1.2017442775
1.2027442775
1.2037442775
1.2047442775
1.2057442775
1.2067442775
1.2077442775
1.2087442775
1.2097442775
1.2107442775
1.2117442775
1.2127442775
1.2137442775
1.2147442775
1.2157442775
1.2167442775
1.2177442775
1.2187442775
1.2197442775
1.2207442775
1.2217442775
1.2227442775
1.2237442775
1.2247442775
1.2257442775
1.2267442775
1.2277442775
1.2287442775
1.2297442775
1.2307442775
1.2317442775
1.2327442775
1.2337442775
1.2347442775
1.2357442775
1.2367442775
1.2377442775
1.2387442775
1.2397442775
1.2407442775
1.2417442775
1.2427442775
1.2437442775
1.2447442775
1.2457442775
1.2467442775
1.2477442775
1.2487442775
1.2497442775
1.2507442775
1.2517442775
1.2527442775
1.2537442775
1.2547442775
1.2557442775
1.2567442775
1.2577442775
1.2587442775
1.2597442775
1.2607442775
1.2617442775
1.2627442775
1.2637442775
1.2647442775
1.2657442775
1.2667442775
1.2677442775
1.2687442775
1.2697442775
1.2707442775
1.2717442775
1.2727442775
1.2737442775
