# $W$ = 300 nm, $h$ = 300 nm, $s$ = 20 nm, $d/W = 5$, $E_{\rm e}$ = 200 keV
0.7186326604
0.7196326604
0.7206326604
0.7216326604
0.7226326604
0.7236326604
0.7246326604
0.7256326604
0.7266326604
0.7276326604
0.7286326604
0.7296326604
0.7306326604
0.7316326604
0.7326326604
0.7336326604
0.7346326604
0.7356326604
0.7366326604
0.7376326604
0.7386326604
0.7396326604
0.7406326604
0.7416326604
0.7426326604
0.7436326604
0.7446326604
0.7456326604
0.7466326604
0.7476326604
0.7486326604
0.7496326604
0.7506326604
0.7516326604
0.7526326604
0.7536326604
0.7546326604
0.7556326604
0.7566326604
0.7576326604
0.7586326604
0.7596326604
0.7606326604
0.7616326604
0.7626326604
0.7636326604
0.7646326604
0.7656326604
0.7666326604
0.7676326604
0.7686326604
0.7696326604
0.7706326604
0.7716326604
0.7726326604
0.7736326604
0.7746326604
0.7756326604
0.7766326604
0.7776326604
0.7786326604
0.7796326604
0.7806326604
