# $W$ = 300 nm, $h$ = 300 nm, $s$ = 20 nm, $d/W = 5$, $E_{\rm e}$ = 200 keV
0.7186287242
0.7196287242
0.7206287242
0.7216287242
0.7226287242
0.7236287242
0.7246287242
0.7256287242
0.7266287242
0.7276287242
0.7286287242
0.7296287242
0.7306287242
0.7316287242
0.7326287242
0.7336287242
0.7346287242
0.7356287242
0.7366287242
0.7376287242
0.7386287242
0.7396287242
0.7406287242
0.7416287242
0.7426287242
0.7436287242
0.7446287242
0.7456287242
0.7466287242
0.7476287242
0.7486287242
0.7496287242
0.7506287242
0.7516287242
0.7526287242
0.7536287242
0.7546287242
0.7556287242
0.7566287242
0.7576287242
0.7586287242
0.7596287242
0.7606287242
0.7616287242
0.7626287242
0.7636287242
0.7646287242
0.7656287242
0.7666287242
0.7676287242
0.7686287242
0.7696287242
0.7706287242
0.7716287242
0.7726287242
0.7736287242
0.7746287242
0.7756287242
0.7766287242
0.7776287242
0.7786287242
0.7796287242
0.7806287242
