# $W$ = 300 nm, $h$ = 300 nm, $s$ = 20 nm, $d/W = 5$, $E_{\rm e}$ = 200 keV
1.1707995785
1.1717995785
1.1727995785
1.1737995785
1.1747995785
1.1757995785
1.1767995785
1.1777995785
1.1787995785
1.1797995785
1.1807995785
1.1817995785
1.1827995785
1.1837995785
1.1847995785
1.1857995785
1.1867995785
1.1877995785
1.1887995785
1.1897995785
1.1907995785
1.1917995785
1.1927995785
1.1937995785
1.1947995785
1.1957995785
1.1967995785
1.1977995785
1.1987995785
1.1997995785
1.2007995785
1.2017995785
1.2027995785
1.2037995785
1.2047995785
1.2057995785
1.2067995785
1.2077995785
1.2087995785
1.2097995785
1.2107995785
1.2117995785
1.2127995785
1.2137995785
1.2147995785
1.2157995785
1.2167995785
1.2177995785
1.2187995785
1.2197995785
1.2207995785
1.2217995785
1.2227995785
1.2237995785
1.2247995785
1.2257995785
1.2267995785
1.2277995785
1.2287995785
1.2297995785
1.2307995785
1.2317995785
1.2327995785
1.2337995785
1.2347995785
1.2357995785
1.2367995785
1.2377995785
1.2387995785
1.2397995785
1.2407995785
1.2417995785
1.2427995785
1.2437995785
1.2447995785
1.2457995785
1.2467995785
1.2477995785
1.2487995785
1.2497995785
1.2507995785
1.2517995785
1.2527995785
1.2537995785
1.2547995785
1.2557995785
1.2567995785
1.2577995785
1.2587995785
1.2597995785
1.2607995785
1.2617995785
1.2627995785
1.2637995785
1.2647995785
1.2657995785
1.2667995785
1.2677995785
1.2687995785
1.2697995785
1.2707995785
1.2717995785
1.2727995785
1.2737995785
