# $W$ = 300 nm, $h$ = 300 nm, $s$ = 20 nm, $d/W = 5$, $E_{\rm e}$ = 200 keV
1.3018918691
1.3028918691
1.3038918691
1.3048918691
1.3058918691
1.3068918691
1.3078918691
1.3088918691
1.3098918691
1.3108918691
1.3118918691
1.3128918691
1.3138918691
1.3148918691
1.3158918691
1.3168918691
1.3178918691
1.3188918691
1.3198918691
1.3208918691
1.3218918691
1.3228918691
1.3238918691
1.3248918691
1.3258918691
1.3268918691
1.3278918691
1.3288918691
1.3298918691
1.3308918691
1.3318918691
1.3328918691
1.3338918691
1.3348918691
1.3358918691
1.3368918691
1.3378918691
1.3388918691
1.3398918691
1.3408918691
1.3418918691
1.3428918691
1.3438918691
1.3448918691
1.3458918691
1.3468918691
1.3478918691
1.3488918691
1.3498918691
1.3508918691
1.3518918691
1.3528918691
1.3538918691
1.3548918691
1.3558918691
1.3568918691
1.3578918691
1.3588918691
1.3598918691
1.3608918691
1.3618918691
1.3628918691
1.3638918691
1.3648918691
1.3658918691
1.3668918691
1.3678918691
1.3688918691
1.3698918691
1.3708918691
1.3718918691
1.3728918691
1.3738918691
1.3748918691
1.3758918691
1.3768918691
1.3778918691
1.3788918691
1.3798918691
1.3808918691
1.3818918691
1.3828918691
1.3838918691
1.3848918691
1.3858918691
1.3868918691
1.3878918691
1.3888918691
1.3898918691
1.3908918691
1.3918918691
1.3928918691
1.3938918691
1.3948918691
1.3958918691
1.3968918691
1.3978918691
1.3988918691
1.3998918691
1.4008918691
1.4018918691
1.4028918691
