# $W$ = 300 nm, $h$ = 300 nm, $s$ = 20 nm, $d/W = 5$, $E_{\rm e}$ = 200 keV
1.6842155343
1.6852155343
1.6862155343
1.6872155343
1.6882155343
1.6892155343
1.6902155343
1.6912155343
1.6922155343
1.6932155343
1.6942155343
1.6952155343
1.6962155343
1.6972155343
1.6982155343
1.6992155343
1.7002155343
1.7012155343
1.7022155343
1.7032155343
1.7042155343
1.7052155343
1.7062155343
1.7072155343
1.7082155343
1.7092155343
1.7102155343
1.7112155343
1.7122155343
1.7132155343
1.7142155343
1.7152155343
1.7162155343
1.7172155343
1.7182155343
1.7192155343
1.7202155343
1.7212155343
1.7222155343
1.7232155343
1.7242155343
1.7252155343
1.7262155343
1.7272155343
1.7282155343
1.7292155343
1.7302155343
1.7312155343
1.7322155343
1.7332155343
1.7342155343
1.7352155343
1.7362155343
1.7372155343
1.7382155343
1.7392155343
1.7402155343
1.7412155343
1.7422155343
1.7432155343
1.7442155343
1.7452155343
1.7462155343
1.7472155343
1.7482155343
1.7492155343
1.7502155343
1.7512155343
1.7522155343
1.7532155343
1.7542155343
1.7552155343
1.7562155343
1.7572155343
1.7582155343
1.7592155343
1.7602155343
1.7612155343
1.7622155343
1.7632155343
1.7642155343
1.7652155343
1.7662155343
1.7672155343
1.7682155343
1.7692155343
1.7702155343
1.7712155343
1.7722155343
1.7732155343
1.7742155343
1.7752155343
1.7762155343
1.7772155343
1.7782155343
1.7792155343
1.7802155343
1.7812155343
1.7822155343
1.7832155343
1.7842155343
1.7852155343
1.7862155343
1.7872155343
1.7882155343
1.7892155343
1.7902155343
1.7912155343
1.7922155343
1.7932155343
1.7942155343
1.7952155343
1.7962155343
1.7972155343
1.7982155343
1.7992155343
1.8002155343
1.8012155343
1.8022155343
1.8032155343
1.8042155343
1.8052155343
1.8062155343
1.8072155343
1.8082155343
1.8092155343
1.8102155343
1.8112155343
1.8122155343
1.8132155343
1.8142155343
1.8152155343
1.8162155343
1.8172155343
1.8182155343
1.8192155343
1.8202155343
1.8212155343
1.8222155343
1.8232155343
1.8242155343
1.8252155343
1.8262155343
1.8272155343
1.8282155343
1.8292155343
1.8302155343
1.8312155343
1.8322155343
1.8332155343
1.8342155343
1.8352155343
1.8362155343
1.8372155343
1.8382155343
1.8392155343
1.8402155343
1.8412155343
1.8422155343
1.8432155343
1.8442155343
1.8452155343
1.8462155343
1.8472155343
1.8482155343
1.8492155343
1.8502155343
1.8512155343
1.8522155343
1.8532155343
1.8542155343
1.8552155343
1.8562155343
1.8572155343
1.8582155343
1.8592155343
1.8602155343
1.8612155343
1.8622155343
1.8632155343
1.8642155343
1.8652155343
1.8662155343
1.8672155343
1.8682155343
1.8692155343
1.8702155343
1.8712155343
1.8722155343
1.8732155343
1.8742155343
1.8752155343
1.8762155343
1.8772155343
1.8782155343
1.8792155343
1.8802155343
1.8812155343
1.8822155343
1.8832155343
1.8842155343
1.8852155343
1.8862155343
1.8872155343
1.8882155343
1.8892155343
1.8902155343
1.8912155343
1.8922155343
1.8932155343
1.8942155343
1.8952155343
1.8962155343
1.8972155343
