# $W$ = 400 nm, $h$ = 300 nm, $s$ = 20 nm, $d/W = 5$, $E_{\rm e}$ = 200 keV
1.6405736819
1.6415736819
1.6425736819
1.6435736819
1.6445736819
1.6455736819
1.6465736819
1.6475736819
1.6485736819
1.6495736819
1.6505736819
1.6515736819
1.6525736819
1.6535736819
1.6545736819
1.6555736819
1.6565736819
1.6575736819
1.6585736819
1.6595736819
1.6605736819
1.6615736819
1.6625736819
1.6635736819
1.6645736819
1.6655736819
1.6665736819
1.6675736819
1.6685736819
1.6695736819
1.6705736819
1.6715736819
1.6725736819
1.6735736819
1.6745736819
1.6755736819
1.6765736819
1.6775736819
1.6785736819
1.6795736819
1.6805736819
1.6815736819
1.6825736819
1.6835736819
1.6845736819
1.6855736819
1.6865736819
1.6875736819
1.6885736819
1.6895736819
1.6905736819
1.6915736819
1.6925736819
1.6935736819
1.6945736819
1.6955736819
1.6965736819
1.6975736819
1.6985736819
1.6995736819
1.7005736819
1.7015736819
1.7025736819
1.7035736819
1.7045736819
1.7055736819
1.7065736819
1.7075736819
1.7085736819
1.7095736819
1.7105736819
1.7115736819
1.7125736819
1.7135736819
1.7145736819
1.7155736819
1.7165736819
1.7175736819
1.7185736819
1.7195736819
1.7205736819
1.7215736819
1.7225736819
1.7235736819
1.7245736819
1.7255736819
1.7265736819
1.7275736819
1.7285736819
1.7295736819
1.7305736819
1.7315736819
1.7325736819
1.7335736819
1.7345736819
1.7355736819
1.7365736819
1.7375736819
1.7385736819
1.7395736819
1.7405736819
1.7415736819
1.7425736819
1.7435736819
1.7445736819
1.7455736819
1.7465736819
1.7475736819
1.7485736819
1.7495736819
1.7505736819
1.7515736819
1.7525736819
1.7535736819
1.7545736819
1.7555736819
1.7565736819
1.7575736819
1.7585736819
1.7595736819
1.7605736819
1.7615736819
1.7625736819
1.7635736819
1.7645736819
1.7655736819
1.7665736819
1.7675736819
1.7685736819
1.7695736819
1.7705736819
1.7715736819
1.7725736819
1.7735736819
1.7745736819
1.7755736819
1.7765736819
1.7775736819
1.7785736819
1.7795736819
1.7805736819
1.7815736819
1.7825736819
1.7835736819
1.7845736819
1.7855736819
1.7865736819
1.7875736819
1.7885736819
1.7895736819
1.7905736819
1.7915736819
1.7925736819
1.7935736819
1.7945736819
1.7955736819
1.7965736819
1.7975736819
1.7985736819
1.7995736819
1.8005736819
1.8015736819
1.8025736819
1.8035736819
1.8045736819
1.8055736819
1.8065736819
1.8075736819
1.8085736819
1.8095736819
1.8105736819
1.8115736819
1.8125736819
1.8135736819
1.8145736819
1.8155736819
1.8165736819
1.8175736819
1.8185736819
1.8195736819
1.8205736819
1.8215736819
1.8225736819
1.8235736819
1.8245736819
1.8255736819
1.8265736819
1.8275736819
1.8285736819
1.8295736819
1.8305736819
1.8315736819
1.8325736819
1.8335736819
1.8345736819
1.8355736819
1.8365736819
1.8375736819
1.8385736819
1.8395736819
1.8405736819
1.8415736819
1.8425736819
1.8435736819
1.8445736819
1.8455736819
1.8465736819
1.8475736819
1.8485736819
1.8495736819
1.8505736819
1.8515736819
1.8525736819
1.8535736819
1.8545736819
1.8555736819
1.8565736819
1.8575736819
1.8585736819
1.8595736819
1.8605736819
1.8615736819
1.8625736819
1.8635736819
1.8645736819
