# $W$ = 300 nm, $h$ = 300 nm, $s$ = 20 nm, $d/W = 5$, $E_{\rm e}$ = 200 keV
1.1707434787
1.1717434787
1.1727434787
1.1737434787
1.1747434787
1.1757434787
1.1767434787
1.1777434787
1.1787434787
1.1797434787
1.1807434787
1.1817434787
1.1827434787
1.1837434787
1.1847434787
1.1857434787
1.1867434787
1.1877434787
1.1887434787
1.1897434787
1.1907434787
1.1917434787
1.1927434787
1.1937434787
1.1947434787
1.1957434787
1.1967434787
1.1977434787
1.1987434787
1.1997434787
1.2007434787
1.2017434787
1.2027434787
1.2037434787
1.2047434787
1.2057434787
1.2067434787
1.2077434787
1.2087434787
1.2097434787
1.2107434787
1.2117434787
1.2127434787
1.2137434787
1.2147434787
1.2157434787
1.2167434787
1.2177434787
1.2187434787
1.2197434787
1.2207434787
1.2217434787
1.2227434787
1.2237434787
1.2247434787
1.2257434787
1.2267434787
1.2277434787
1.2287434787
1.2297434787
1.2307434787
1.2317434787
1.2327434787
1.2337434787
1.2347434787
1.2357434787
1.2367434787
1.2377434787
1.2387434787
1.2397434787
1.2407434787
1.2417434787
1.2427434787
1.2437434787
1.2447434787
1.2457434787
1.2467434787
1.2477434787
1.2487434787
1.2497434787
1.2507434787
1.2517434787
1.2527434787
1.2537434787
1.2547434787
1.2557434787
1.2567434787
1.2577434787
1.2587434787
1.2597434787
1.2607434787
1.2617434787
1.2627434787
1.2637434787
1.2647434787
1.2657434787
1.2667434787
1.2677434787
1.2687434787
1.2697434787
1.2707434787
1.2717434787
1.2727434787
1.2737434787
