# $W$ = 300 nm, $h$ = 300 nm, $s$ = 20 nm, $d/W = 5$, $E_{\rm e}$ = 200 keV
1.1707971390
1.1717971390
1.1727971390
1.1737971390
1.1747971390
1.1757971390
1.1767971390
1.1777971390
1.1787971390
1.1797971390
1.1807971390
1.1817971390
1.1827971390
1.1837971390
1.1847971390
1.1857971390
1.1867971390
1.1877971390
1.1887971390
1.1897971390
1.1907971390
1.1917971390
1.1927971390
1.1937971390
1.1947971390
1.1957971390
1.1967971390
1.1977971390
1.1987971390
1.1997971390
1.2007971390
1.2017971390
1.2027971390
1.2037971390
1.2047971390
1.2057971390
1.2067971390
1.2077971390
1.2087971390
1.2097971390
1.2107971390
1.2117971390
1.2127971390
1.2137971390
1.2147971390
1.2157971390
1.2167971390
1.2177971390
1.2187971390
1.2197971390
1.2207971390
1.2217971390
1.2227971390
1.2237971390
1.2247971390
1.2257971390
1.2267971390
1.2277971390
1.2287971390
1.2297971390
1.2307971390
1.2317971390
1.2327971390
1.2337971390
1.2347971390
1.2357971390
1.2367971390
1.2377971390
1.2387971390
1.2397971390
1.2407971390
1.2417971390
1.2427971390
1.2437971390
1.2447971390
1.2457971390
1.2467971390
1.2477971390
1.2487971390
1.2497971390
1.2507971390
1.2517971390
1.2527971390
1.2537971390
1.2547971390
1.2557971390
1.2567971390
1.2577971390
1.2587971390
1.2597971390
1.2607971390
1.2617971390
1.2627971390
1.2637971390
1.2647971390
1.2657971390
1.2667971390
1.2677971390
1.2687971390
1.2697971390
1.2707971390
1.2717971390
1.2727971390
1.2737971390
