# $W$ = 300 nm, $h$ = 300 nm, $s$ = 20 nm, $d/W = 5$, $E_{\rm e}$ = 200 keV
1.1707967339
1.1717967339
1.1727967339
1.1737967339
1.1747967339
1.1757967339
1.1767967339
1.1777967339
1.1787967339
1.1797967339
1.1807967339
1.1817967339
1.1827967339
1.1837967339
1.1847967339
1.1857967339
1.1867967339
1.1877967339
1.1887967339
1.1897967339
1.1907967339
1.1917967339
1.1927967339
1.1937967339
1.1947967339
1.1957967339
1.1967967339
1.1977967339
1.1987967339
1.1997967339
1.2007967339
1.2017967339
1.2027967339
1.2037967339
1.2047967339
1.2057967339
1.2067967339
1.2077967339
1.2087967339
1.2097967339
1.2107967339
1.2117967339
1.2127967339
1.2137967339
1.2147967339
1.2157967339
1.2167967339
1.2177967339
1.2187967339
1.2197967339
1.2207967339
1.2217967339
1.2227967339
1.2237967339
1.2247967339
1.2257967339
1.2267967339
1.2277967339
1.2287967339
1.2297967339
1.2307967339
1.2317967339
1.2327967339
1.2337967339
1.2347967339
1.2357967339
1.2367967339
1.2377967339
1.2387967339
1.2397967339
1.2407967339
1.2417967339
1.2427967339
1.2437967339
1.2447967339
1.2457967339
1.2467967339
1.2477967339
1.2487967339
1.2497967339
1.2507967339
1.2517967339
1.2527967339
1.2537967339
1.2547967339
1.2557967339
1.2567967339
1.2577967339
1.2587967339
1.2597967339
1.2607967339
1.2617967339
1.2627967339
1.2637967339
1.2647967339
1.2657967339
1.2667967339
1.2677967339
1.2687967339
1.2697967339
1.2707967339
1.2717967339
1.2727967339
1.2737967339
