# $W$ = 300 nm, $h$ = 300 nm, $s$ = 20 nm, $d/W = 5$, $E_{\rm e}$ = 200 keV
0.7186286989
0.7196286989
0.7206286989
0.7216286989
0.7226286989
0.7236286989
0.7246286989
0.7256286989
0.7266286989
0.7276286989
0.7286286989
0.7296286989
0.7306286989
0.7316286989
0.7326286989
0.7336286989
0.7346286989
0.7356286989
0.7366286989
0.7376286989
0.7386286989
0.7396286989
0.7406286989
0.7416286989
0.7426286989
0.7436286989
0.7446286989
0.7456286989
0.7466286989
0.7476286989
0.7486286989
0.7496286989
0.7506286989
0.7516286989
0.7526286989
0.7536286989
0.7546286989
0.7556286989
0.7566286989
0.7576286989
0.7586286989
0.7596286989
0.7606286989
0.7616286989
0.7626286989
0.7636286989
0.7646286989
0.7656286989
0.7666286989
0.7676286989
0.7686286989
0.7696286989
0.7706286989
0.7716286989
0.7726286989
0.7736286989
0.7746286989
0.7756286989
0.7766286989
0.7776286989
0.7786286989
0.7796286989
0.7806286989
