# $W$ = 300 nm, $h$ = 300 nm, $s$ = 20 nm, $d/W = 5$, $E_{\rm e}$ = 200 keV
1.6842161884
1.6852161884
1.6862161884
1.6872161884
1.6882161884
1.6892161884
1.6902161884
1.6912161884
1.6922161884
1.6932161884
1.6942161884
1.6952161884
1.6962161884
1.6972161884
1.6982161884
1.6992161884
1.7002161884
1.7012161884
1.7022161884
1.7032161884
1.7042161884
1.7052161884
1.7062161884
1.7072161884
1.7082161884
1.7092161884
1.7102161884
1.7112161884
1.7122161884
1.7132161884
1.7142161884
1.7152161884
1.7162161884
1.7172161884
1.7182161884
1.7192161884
1.7202161884
1.7212161884
1.7222161884
1.7232161884
1.7242161884
1.7252161884
1.7262161884
1.7272161884
1.7282161884
1.7292161884
1.7302161884
1.7312161884
1.7322161884
1.7332161884
1.7342161884
1.7352161884
1.7362161884
1.7372161884
1.7382161884
1.7392161884
1.7402161884
1.7412161884
1.7422161884
1.7432161884
1.7442161884
1.7452161884
1.7462161884
1.7472161884
1.7482161884
1.7492161884
1.7502161884
1.7512161884
1.7522161884
1.7532161884
1.7542161884
1.7552161884
1.7562161884
1.7572161884
1.7582161884
1.7592161884
1.7602161884
1.7612161884
1.7622161884
1.7632161884
1.7642161884
1.7652161884
1.7662161884
1.7672161884
1.7682161884
1.7692161884
1.7702161884
1.7712161884
1.7722161884
1.7732161884
1.7742161884
1.7752161884
1.7762161884
1.7772161884
1.7782161884
1.7792161884
1.7802161884
1.7812161884
1.7822161884
1.7832161884
1.7842161884
1.7852161884
1.7862161884
1.7872161884
1.7882161884
1.7892161884
1.7902161884
1.7912161884
1.7922161884
1.7932161884
1.7942161884
1.7952161884
1.7962161884
1.7972161884
1.7982161884
1.7992161884
1.8002161884
1.8012161884
1.8022161884
1.8032161884
1.8042161884
1.8052161884
1.8062161884
1.8072161884
1.8082161884
1.8092161884
1.8102161884
1.8112161884
1.8122161884
1.8132161884
1.8142161884
1.8152161884
1.8162161884
1.8172161884
1.8182161884
1.8192161884
1.8202161884
1.8212161884
1.8222161884
1.8232161884
1.8242161884
1.8252161884
1.8262161884
1.8272161884
1.8282161884
1.8292161884
1.8302161884
1.8312161884
1.8322161884
1.8332161884
1.8342161884
1.8352161884
1.8362161884
1.8372161884
1.8382161884
1.8392161884
1.8402161884
1.8412161884
1.8422161884
1.8432161884
1.8442161884
1.8452161884
1.8462161884
1.8472161884
1.8482161884
1.8492161884
1.8502161884
1.8512161884
1.8522161884
1.8532161884
1.8542161884
1.8552161884
1.8562161884
1.8572161884
1.8582161884
1.8592161884
1.8602161884
1.8612161884
1.8622161884
1.8632161884
1.8642161884
1.8652161884
1.8662161884
1.8672161884
1.8682161884
1.8692161884
1.8702161884
1.8712161884
1.8722161884
1.8732161884
1.8742161884
1.8752161884
1.8762161884
1.8772161884
1.8782161884
1.8792161884
1.8802161884
1.8812161884
1.8822161884
1.8832161884
1.8842161884
1.8852161884
1.8862161884
1.8872161884
1.8882161884
1.8892161884
1.8902161884
1.8912161884
1.8922161884
1.8932161884
1.8942161884
1.8952161884
1.8962161884
1.8972161884
