# $W$ = 300 nm, $h$ = 300 nm, $s$ = 20 nm, $d/W = 5$, $E_{\rm e}$ = 200 keV
0.7186287219
0.7196287219
0.7206287219
0.7216287219
0.7226287219
0.7236287219
0.7246287219
0.7256287219
0.7266287219
0.7276287219
0.7286287219
0.7296287219
0.7306287219
0.7316287219
0.7326287219
0.7336287219
0.7346287219
0.7356287219
0.7366287219
0.7376287219
0.7386287219
0.7396287219
0.7406287219
0.7416287219
0.7426287219
0.7436287219
0.7446287219
0.7456287219
0.7466287219
0.7476287219
0.7486287219
0.7496287219
0.7506287219
0.7516287219
0.7526287219
0.7536287219
0.7546287219
0.7556287219
0.7566287219
0.7576287219
0.7586287219
0.7596287219
0.7606287219
0.7616287219
0.7626287219
0.7636287219
0.7646287219
0.7656287219
0.7666287219
0.7676287219
0.7686287219
0.7696287219
0.7706287219
0.7716287219
0.7726287219
0.7736287219
0.7746287219
0.7756287219
0.7766287219
0.7776287219
0.7786287219
0.7796287219
0.7806287219
