# $W$ = 400 nm, $h$ = 300 nm, $s$ = 20 nm, $d/W = 5$, $E_{\rm e}$ = 200 keV
0.2638226210
0.2648226210
0.2658226210
0.2668226210
0.2678226210
0.2688226210
0.2698226210
0.2708226210
0.2718226210
0.2728226210
0.2738226210
0.2748226210
0.2758226210
0.2768226210
0.2778226210
0.2788226210
0.2798226210
0.2808226210
0.2818226210
0.2828226210
0.2838226210
0.2848226210
0.2858226210
0.2868226210
0.2878226210
0.2888226210
0.2898226210
0.2908226210
0.2918226210
0.2928226210
0.2938226210
0.2948226210
0.2958226210
0.2968226210
0.2978226210
0.2988226210
0.2998226210
0.3008226210
0.3018226210
0.3028226210
0.3038226210
0.3048226210
0.3058226210
0.3068226210
0.3078226210
0.3088226210
0.3098226210
0.3108226210
0.3118226210
0.3128226210
0.3138226210
0.3148226210
0.3158226210
0.3168226210
0.3178226210
0.3188226210
0.3198226210
0.3208226210
0.3218226210
0.3228226210
0.3238226210
0.3248226210
0.3258226210
0.3268226210
0.3278226210
0.3288226210
0.3298226210
0.3308226210
0.3318226210
0.3328226210
0.3338226210
0.3348226210
0.3358226210
0.3368226210
0.3378226210
0.3388226210
0.3398226210
0.3408226210
0.3418226210
0.3428226210
0.3438226210
0.3448226210
0.3458226210
0.3468226210
0.3478226210
0.3488226210
0.3498226210
0.3508226210
0.3518226210
0.3528226210
0.3538226210
0.3548226210
0.3558226210
0.3568226210
0.3578226210
0.3588226210
0.3598226210
0.3608226210
0.3618226210
0.3628226210
0.3638226210
0.3648226210
0.3658226210
0.3668226210
0.3678226210
0.3688226210
0.3698226210
0.3708226210
0.3718226210
0.3728226210
0.3738226210
0.3748226210
0.3758226210
0.3768226210
0.3778226210
0.3788226210
0.3798226210
0.3808226210
0.3818226210
0.3828226210
0.3838226210
0.3848226210
0.3858226210
0.3868226210
0.3878226210
0.3888226210
0.3898226210
0.3908226210
0.3918226210
0.3928226210
0.3938226210
0.3948226210
0.3958226210
0.3968226210
0.3978226210
0.3988226210
0.3998226210
0.4008226210
0.4018226210
0.4028226210
0.4038226210
0.4048226210
0.4058226210
0.4068226210
0.4078226210
0.4088226210
0.4098226210
0.4108226210
0.4118226210
0.4128226210
0.4138226210
0.4148226210
0.4158226210
0.4168226210
0.4178226210
0.4188226210
0.4198226210
0.4208226210
0.4218226210
0.4228226210
0.4238226210
0.4248226210
0.4258226210
0.4268226210
0.4278226210
0.4288226210
0.4298226210
0.4308226210
0.4318226210
0.4328226210
0.4338226210
0.4348226210
0.4358226210
0.4368226210
0.4378226210
0.4388226210
0.4398226210
0.4408226210
0.4418226210
0.4428226210
0.4438226210
0.4448226210
0.4458226210
0.4468226210
0.4478226210
0.4488226210
0.4498226210
0.4508226210
0.4518226210
0.4528226210
0.4538226210
0.4548226210
0.4558226210
0.4568226210
0.4578226210
0.4588226210
0.4598226210
0.4608226210
0.4618226210
0.4628226210
0.4638226210
0.4648226210
0.4658226210
0.4668226210
0.4678226210
0.4688226210
0.4698226210
0.4708226210
0.4718226210
0.4728226210
0.4738226210
0.4748226210
0.4758226210
0.4768226210
0.4778226210
0.4788226210
0.4798226210
0.4808226210
0.4818226210
0.4828226210
0.4838226210
0.4848226210
0.4858226210
0.4868226210
0.4878226210
0.4888226210
0.4898226210
0.4908226210
0.4918226210
0.4928226210
0.4938226210
0.4948226210
0.4958226210
0.4968226210
0.4978226210
0.4988226210
0.4998226210
0.5008226210
0.5018226210
0.5028226210
0.5038226210
0.5048226210
0.5058226210
0.5068226210
0.5078226210
0.5088226210
0.5098226210
0.5108226210
0.5118226210
0.5128226210
0.5138226210
0.5148226210
0.5158226210
0.5168226210
0.5178226210
0.5188226210
0.5198226210
0.5208226210
0.5218226210
0.5228226210
0.5238226210
0.5248226210
0.5258226210
0.5268226210
0.5278226210
0.5288226210
0.5298226210
0.5308226210
0.5318226210
0.5328226210
0.5338226210
0.5348226210
0.5358226210
0.5368226210
0.5378226210
0.5388226210
0.5398226210
0.5408226210
0.5418226210
0.5428226210
0.5438226210
0.5448226210
0.5458226210
0.5468226210
0.5478226210
0.5488226210
0.5498226210
0.5508226210
0.5518226210
0.5528226210
0.5538226210
0.5548226210
0.5558226210
0.5568226210
0.5578226210
0.5588226210
0.5598226210
0.5608226210
0.5618226210
0.5628226210
0.5638226210
0.5648226210
0.5658226210
0.5668226210
0.5678226210
0.5688226210
0.5698226210
0.5708226210
0.5718226210
0.5728226210
0.5738226210
0.5748226210
0.5758226210
0.5768226210
0.5778226210
0.5788226210
0.5798226210
0.5808226210
0.5818226210
0.5828226210
0.5838226210
0.5848226210
0.5858226210
0.5868226210
0.5878226210
0.5888226210
0.5898226210
0.5908226210
0.5918226210
0.5928226210
0.5938226210
0.5948226210
0.5958226210
0.5968226210
0.5978226210
0.5988226210
0.5998226210
0.6008226210
0.6018226210
0.6028226210
0.6038226210
0.6048226210
0.6058226210
0.6068226210
0.6078226210
0.6088226210
0.6098226210
0.6108226210
0.6118226210
0.6128226210
0.6138226210
0.6148226210
0.6158226210
0.6168226210
0.6178226210
0.6188226210
0.6198226210
0.6208226210
0.6218226210
0.6228226210
0.6238226210
0.6248226210
0.6258226210
0.6268226210
0.6278226210
0.6288226210
0.6298226210
0.6308226210
0.6318226210
0.6328226210
0.6338226210
0.6348226210
0.6358226210
0.6368226210
0.6378226210
0.6388226210
0.6398226210
0.6408226210
0.6418226210
0.6428226210
0.6438226210
0.6448226210
0.6458226210
0.6468226210
0.6478226210
0.6488226210
0.6498226210
0.6508226210
0.6518226210
0.6528226210
0.6538226210
0.6548226210
0.6558226210
0.6568226210
0.6578226210
0.6588226210
0.6598226210
0.6608226210
0.6618226210
0.6628226210
0.6638226210
0.6648226210
0.6658226210
0.6668226210
0.6678226210
0.6688226210
0.6698226210
0.6708226210
0.6718226210
0.6728226210
0.6738226210
0.6748226210
0.6758226210
0.6768226210
0.6778226210
0.6788226210
0.6798226210
0.6808226210
0.6818226210
0.6828226210
0.6838226210
0.6848226210
0.6858226210
0.6868226210
0.6878226210
0.6888226210
0.6898226210
0.6908226210
0.6918226210
0.6928226210
0.6938226210
0.6948226210
0.6958226210
0.6968226210
0.6978226210
0.6988226210
0.6998226210
0.7008226210
0.7018226210
0.7028226210
0.7038226210
0.7048226210
0.7058226210
0.7068226210
0.7078226210
0.7088226210
0.7098226210
0.7108226210
0.7118226210
0.7128226210
0.7138226210
0.7148226210
0.7158226210
0.7168226210
0.7178226210
0.7188226210
0.7198226210
0.7208226210
0.7218226210
0.7228226210
0.7238226210
0.7248226210
0.7258226210
0.7268226210
0.7278226210
0.7288226210
0.7298226210
0.7308226210
0.7318226210
0.7328226210
0.7338226210
0.7348226210
0.7358226210
0.7368226210
0.7378226210
0.7388226210
0.7398226210
0.7408226210
0.7418226210
0.7428226210
0.7438226210
0.7448226210
0.7458226210
0.7468226210
0.7478226210
0.7488226210
0.7498226210
0.7508226210
0.7518226210
0.7528226210
0.7538226210
0.7548226210
0.7558226210
0.7568226210
0.7578226210
0.7588226210
0.7598226210
0.7608226210
0.7618226210
0.7628226210
0.7638226210
0.7648226210
0.7658226210
0.7668226210
0.7678226210
0.7688226210
0.7698226210
0.7708226210
0.7718226210
0.7728226210
0.7738226210
0.7748226210
0.7758226210
0.7768226210
0.7778226210
0.7788226210
0.7798226210
0.7808226210
0.7818226210
0.7828226210
0.7838226210
0.7848226210
0.7858226210
0.7868226210
0.7878226210
0.7888226210
0.7898226210
0.7908226210
0.7918226210
0.7928226210
0.7938226210
0.7948226210
0.7958226210
0.7968226210
0.7978226210
0.7988226210
0.7998226210
0.8008226210
0.8018226210
0.8028226210
0.8038226210
0.8048226210
0.8058226210
0.8068226210
0.8078226210
0.8088226210
0.8098226210
0.8108226210
0.8118226210
0.8128226210
0.8138226210
0.8148226210
0.8158226210
0.8168226210
0.8178226210
0.8188226210
0.8198226210
0.8208226210
0.8218226210
0.8228226210
0.8238226210
0.8248226210
0.8258226210
0.8268226210
0.8278226210
0.8288226210
0.8298226210
0.8308226210
0.8318226210
0.8328226210
0.8338226210
0.8348226210
0.8358226210
0.8368226210
0.8378226210
0.8388226210
0.8398226210
0.8408226210
0.8418226210
0.8428226210
0.8438226210
0.8448226210
0.8458226210
0.8468226210
0.8478226210
0.8488226210
0.8498226210
0.8508226210
0.8518226210
0.8528226210
0.8538226210
0.8548226210
0.8558226210
0.8568226210
0.8578226210
0.8588226210
0.8598226210
0.8608226210
0.8618226210
0.8628226210
0.8638226210
0.8648226210
0.8658226210
0.8668226210
0.8678226210
0.8688226210
0.8698226210
0.8708226210
0.8718226210
0.8728226210
0.8738226210
0.8748226210
0.8758226210
0.8768226210
0.8778226210
0.8788226210
0.8798226210
0.8808226210
0.8818226210
0.8828226210
0.8838226210
0.8848226210
0.8858226210
0.8868226210
0.8878226210
0.8888226210
0.8898226210
0.8908226210
0.8918226210
0.8928226210
0.8938226210
0.8948226210
0.8958226210
0.8968226210
0.8978226210
0.8988226210
0.8998226210
0.9008226210
0.9018226210
0.9028226210
0.9038226210
0.9048226210
0.9058226210
0.9068226210
0.9078226210
0.9088226210
0.9098226210
0.9108226210
0.9118226210
0.9128226210
0.9138226210
0.9148226210
0.9158226210
0.9168226210
0.9178226210
0.9188226210
0.9198226210
0.9208226210
0.9218226210
0.9228226210
0.9238226210
0.9248226210
0.9258226210
0.9268226210
0.9278226210
0.9288226210
0.9298226210
0.9308226210
0.9318226210
0.9328226210
0.9338226210
0.9348226210
0.9358226210
0.9368226210
0.9378226210
0.9388226210
0.9398226210
0.9408226210
0.9418226210
0.9428226210
0.9438226210
0.9448226210
0.9458226210
0.9468226210
0.9478226210
0.9488226210
0.9498226210
0.9508226210
0.9518226210
0.9528226210
0.9538226210
0.9548226210
0.9558226210
0.9568226210
0.9578226210
0.9588226210
0.9598226210
0.9608226210
0.9618226210
0.9628226210
0.9638226210
0.9648226210
0.9658226210
0.9668226210
0.9678226210
0.9688226210
0.9698226210
0.9708226210
0.9718226210
0.9728226210
0.9738226210
0.9748226210
0.9758226210
0.9768226210
0.9778226210
0.9788226210
0.9798226210
0.9808226210
0.9818226210
0.9828226210
0.9838226210
0.9848226210
0.9858226210
0.9868226210
0.9878226210
0.9888226210
0.9898226210
0.9908226210
0.9918226210
0.9928226210
