# $W$ = 300 nm, $h$ = 300 nm, $s$ = 20 nm, $d/W = 5$, $E_{\rm e}$ = 200 keV
1.2981856060
1.2991856060
1.3001856060
1.3011856060
1.3021856060
1.3031856060
1.3041856060
1.3051856060
1.3061856060
1.3071856060
1.3081856060
1.3091856060
1.3101856060
1.3111856060
1.3121856060
1.3131856060
1.3141856060
1.3151856060
1.3161856060
1.3171856060
1.3181856060
1.3191856060
1.3201856060
1.3211856060
1.3221856060
1.3231856060
1.3241856060
1.3251856060
1.3261856060
1.3271856060
1.3281856060
1.3291856060
1.3301856060
1.3311856060
1.3321856060
1.3331856060
1.3341856060
1.3351856060
1.3361856060
1.3371856060
1.3381856060
1.3391856060
1.3401856060
1.3411856060
1.3421856060
1.3431856060
1.3441856060
1.3451856060
1.3461856060
1.3471856060
1.3481856060
1.3491856060
1.3501856060
1.3511856060
1.3521856060
1.3531856060
1.3541856060
1.3551856060
1.3561856060
1.3571856060
1.3581856060
1.3591856060
1.3601856060
1.3611856060
1.3621856060
1.3631856060
1.3641856060
1.3651856060
1.3661856060
1.3671856060
1.3681856060
1.3691856060
1.3701856060
1.3711856060
1.3721856060
1.3731856060
1.3741856060
1.3751856060
1.3761856060
1.3771856060
1.3781856060
1.3791856060
1.3801856060
1.3811856060
1.3821856060
1.3831856060
1.3841856060
1.3851856060
1.3861856060
1.3871856060
1.3881856060
1.3891856060
1.3901856060
1.3911856060
1.3921856060
1.3931856060
1.3941856060
1.3951856060
1.3961856060
1.3971856060
1.3981856060
1.3991856060
1.4001856060
1.4011856060
1.4021856060
1.4031856060
1.4041856060
1.4051856060
1.4061856060
1.4071856060
