# $W$ = 300 nm, $h$ = 300 nm, $s$ = 20 nm, $d/W = 5$, $E_{\rm e}$ = 200 keV
0.7186281395
0.7196281395
0.7206281395
0.7216281395
0.7226281395
0.7236281395
0.7246281395
0.7256281395
0.7266281395
0.7276281395
0.7286281395
0.7296281395
0.7306281395
0.7316281395
0.7326281395
0.7336281395
0.7346281395
0.7356281395
0.7366281395
0.7376281395
0.7386281395
0.7396281395
0.7406281395
0.7416281395
0.7426281395
0.7436281395
0.7446281395
0.7456281395
0.7466281395
0.7476281395
0.7486281395
0.7496281395
0.7506281395
0.7516281395
0.7526281395
0.7536281395
0.7546281395
0.7556281395
0.7566281395
0.7576281395
0.7586281395
0.7596281395
0.7606281395
0.7616281395
0.7626281395
0.7636281395
0.7646281395
0.7656281395
0.7666281395
0.7676281395
0.7686281395
0.7696281395
0.7706281395
0.7716281395
0.7726281395
0.7736281395
0.7746281395
0.7756281395
0.7766281395
0.7776281395
0.7786281395
0.7796281395
0.7806281395
