# $W$ = 300 nm, $h$ = 300 nm, $s$ = 20 nm, $d/W = 5$, $E_{\rm e}$ = 200 keV
0.7186369164
0.7196369164
0.7206369164
0.7216369164
0.7226369164
0.7236369164
0.7246369164
0.7256369164
0.7266369164
0.7276369164
0.7286369164
0.7296369164
0.7306369164
0.7316369164
0.7326369164
0.7336369164
0.7346369164
0.7356369164
0.7366369164
0.7376369164
0.7386369164
0.7396369164
0.7406369164
0.7416369164
0.7426369164
0.7436369164
0.7446369164
0.7456369164
0.7466369164
0.7476369164
0.7486369164
0.7496369164
0.7506369164
0.7516369164
0.7526369164
0.7536369164
0.7546369164
0.7556369164
0.7566369164
0.7576369164
0.7586369164
0.7596369164
0.7606369164
0.7616369164
0.7626369164
0.7636369164
0.7646369164
0.7656369164
0.7666369164
0.7676369164
0.7686369164
0.7696369164
0.7706369164
0.7716369164
0.7726369164
0.7736369164
0.7746369164
0.7756369164
0.7766369164
0.7776369164
0.7786369164
0.7796369164
0.7806369164
