# $W$ = 300 nm, $h$ = 300 nm, $s$ = 20 nm, $d/W = 5$, $E_{\rm e}$ = 200 keV
1.1707980973
1.1717980973
1.1727980973
1.1737980973
1.1747980973
1.1757980973
1.1767980973
1.1777980973
1.1787980973
1.1797980973
1.1807980973
1.1817980973
1.1827980973
1.1837980973
1.1847980973
1.1857980973
1.1867980973
1.1877980973
1.1887980973
1.1897980973
1.1907980973
1.1917980973
1.1927980973
1.1937980973
1.1947980973
1.1957980973
1.1967980973
1.1977980973
1.1987980973
1.1997980973
1.2007980973
1.2017980973
1.2027980973
1.2037980973
1.2047980973
1.2057980973
1.2067980973
1.2077980973
1.2087980973
1.2097980973
1.2107980973
1.2117980973
1.2127980973
1.2137980973
1.2147980973
1.2157980973
1.2167980973
1.2177980973
1.2187980973
1.2197980973
1.2207980973
1.2217980973
1.2227980973
1.2237980973
1.2247980973
1.2257980973
1.2267980973
1.2277980973
1.2287980973
1.2297980973
1.2307980973
1.2317980973
1.2327980973
1.2337980973
1.2347980973
1.2357980973
1.2367980973
1.2377980973
1.2387980973
1.2397980973
1.2407980973
1.2417980973
1.2427980973
1.2437980973
1.2447980973
1.2457980973
1.2467980973
1.2477980973
1.2487980973
1.2497980973
1.2507980973
1.2517980973
1.2527980973
1.2537980973
1.2547980973
1.2557980973
1.2567980973
1.2577980973
1.2587980973
1.2597980973
1.2607980973
1.2617980973
1.2627980973
1.2637980973
1.2647980973
1.2657980973
1.2667980973
1.2677980973
1.2687980973
1.2697980973
1.2707980973
1.2717980973
1.2727980973
1.2737980973
