# $W$ = 400 nm, $h$ = 300 nm, $s$ = 20 nm, $d/W = 5$, $E_{\rm e}$ = 200 keV
0.6729983281
0.6739983281
0.6749983281
0.6759983281
0.6769983281
0.6779983281
0.6789983281
0.6799983281
0.6809983281
0.6819983281
0.6829983281
0.6839983281
0.6849983281
0.6859983281
0.6869983281
0.6879983281
0.6889983281
0.6899983281
0.6909983281
0.6919983281
0.6929983281
0.6939983281
0.6949983281
0.6959983281
0.6969983281
0.6979983281
0.6989983281
0.6999983281
0.7009983281
0.7019983281
0.7029983281
0.7039983281
0.7049983281
0.7059983281
0.7069983281
0.7079983281
0.7089983281
0.7099983281
0.7109983281
0.7119983281
0.7129983281
0.7139983281
0.7149983281
0.7159983281
0.7169983281
0.7179983281
0.7189983281
0.7199983281
0.7209983281
0.7219983281
0.7229983281
0.7239983281
0.7249983281
0.7259983281
0.7269983281
0.7279983281
0.7289983281
0.7299983281
