# $W$ = 300 nm, $h$ = 300 nm, $s$ = 20 nm, $d/W = 5$, $E_{\rm e}$ = 200 keV
1.2981830396
1.2991830396
1.3001830396
1.3011830396
1.3021830396
1.3031830396
1.3041830396
1.3051830396
1.3061830396
1.3071830396
1.3081830396
1.3091830396
1.3101830396
1.3111830396
1.3121830396
1.3131830396
1.3141830396
1.3151830396
1.3161830396
1.3171830396
1.3181830396
1.3191830396
1.3201830396
1.3211830396
1.3221830396
1.3231830396
1.3241830396
1.3251830396
1.3261830396
1.3271830396
1.3281830396
1.3291830396
1.3301830396
1.3311830396
1.3321830396
1.3331830396
1.3341830396
1.3351830396
1.3361830396
1.3371830396
1.3381830396
1.3391830396
1.3401830396
1.3411830396
1.3421830396
1.3431830396
1.3441830396
1.3451830396
1.3461830396
1.3471830396
1.3481830396
1.3491830396
1.3501830396
1.3511830396
1.3521830396
1.3531830396
1.3541830396
1.3551830396
1.3561830396
1.3571830396
1.3581830396
1.3591830396
1.3601830396
1.3611830396
1.3621830396
1.3631830396
1.3641830396
1.3651830396
1.3661830396
1.3671830396
1.3681830396
1.3691830396
1.3701830396
1.3711830396
1.3721830396
1.3731830396
1.3741830396
1.3751830396
1.3761830396
1.3771830396
1.3781830396
1.3791830396
1.3801830396
1.3811830396
1.3821830396
1.3831830396
1.3841830396
1.3851830396
1.3861830396
1.3871830396
1.3881830396
1.3891830396
1.3901830396
1.3911830396
1.3921830396
1.3931830396
1.3941830396
1.3951830396
1.3961830396
1.3971830396
1.3981830396
1.3991830396
1.4001830396
1.4011830396
1.4021830396
1.4031830396
1.4041830396
1.4051830396
1.4061830396
1.4071830396
