# $W$ = 300 nm, $h$ = 300 nm, $s$ = 20 nm, $d/W = 5$, $E_{\rm e}$ = 200 keV
1.3018782568
1.3028782568
1.3038782568
1.3048782568
1.3058782568
1.3068782568
1.3078782568
1.3088782568
1.3098782568
1.3108782568
1.3118782568
1.3128782568
1.3138782568
1.3148782568
1.3158782568
1.3168782568
1.3178782568
1.3188782568
1.3198782568
1.3208782568
1.3218782568
1.3228782568
1.3238782568
1.3248782568
1.3258782568
1.3268782568
1.3278782568
1.3288782568
1.3298782568
1.3308782568
1.3318782568
1.3328782568
1.3338782568
1.3348782568
1.3358782568
1.3368782568
1.3378782568
1.3388782568
1.3398782568
1.3408782568
1.3418782568
1.3428782568
1.3438782568
1.3448782568
1.3458782568
1.3468782568
1.3478782568
1.3488782568
1.3498782568
1.3508782568
1.3518782568
1.3528782568
1.3538782568
1.3548782568
1.3558782568
1.3568782568
1.3578782568
1.3588782568
1.3598782568
1.3608782568
1.3618782568
1.3628782568
1.3638782568
1.3648782568
1.3658782568
1.3668782568
1.3678782568
1.3688782568
1.3698782568
1.3708782568
1.3718782568
1.3728782568
1.3738782568
1.3748782568
1.3758782568
1.3768782568
1.3778782568
1.3788782568
1.3798782568
1.3808782568
1.3818782568
1.3828782568
1.3838782568
1.3848782568
1.3858782568
1.3868782568
1.3878782568
1.3888782568
1.3898782568
1.3908782568
1.3918782568
1.3928782568
1.3938782568
1.3948782568
1.3958782568
1.3968782568
1.3978782568
1.3988782568
1.3998782568
1.4008782568
1.4018782568
1.4028782568
