# $W$ = 300 nm, $h$ = 300 nm, $s$ = 20 nm, $d/W = 5$, $E_{\rm e}$ = 200 keV
1.2999232456
1.3009232456
1.3019232456
1.3029232456
1.3039232456
1.3049232456
1.3059232456
1.3069232456
1.3079232456
1.3089232456
1.3099232456
1.3109232456
1.3119232456
1.3129232456
1.3139232456
1.3149232456
1.3159232456
1.3169232456
1.3179232456
1.3189232456
1.3199232456
1.3209232456
1.3219232456
1.3229232456
1.3239232456
1.3249232456
1.3259232456
1.3269232456
1.3279232456
1.3289232456
1.3299232456
1.3309232456
1.3319232456
1.3329232456
1.3339232456
1.3349232456
1.3359232456
1.3369232456
1.3379232456
1.3389232456
1.3399232456
1.3409232456
1.3419232456
1.3429232456
1.3439232456
1.3449232456
1.3459232456
1.3469232456
1.3479232456
1.3489232456
1.3499232456
1.3509232456
1.3519232456
1.3529232456
1.3539232456
1.3549232456
1.3559232456
1.3569232456
1.3579232456
1.3589232456
1.3599232456
1.3609232456
1.3619232456
1.3629232456
1.3639232456
1.3649232456
1.3659232456
1.3669232456
1.3679232456
1.3689232456
1.3699232456
1.3709232456
1.3719232456
1.3729232456
1.3739232456
1.3749232456
1.3759232456
1.3769232456
1.3779232456
1.3789232456
1.3799232456
1.3809232456
1.3819232456
1.3829232456
1.3839232456
1.3849232456
1.3859232456
1.3869232456
1.3879232456
1.3889232456
1.3899232456
1.3909232456
1.3919232456
1.3929232456
1.3939232456
1.3949232456
1.3959232456
1.3969232456
1.3979232456
1.3989232456
1.3999232456
1.4009232456
1.4019232456
1.4029232456
1.4039232456
1.4049232456
