# $W$ = 400 nm, $h$ = 300 nm, $s$ = 20 nm, $d/W = 5$, $E_{\rm e}$ = 200 keV
0.2637303702
0.2647303702
0.2657303702
0.2667303702
0.2677303702
0.2687303702
0.2697303702
0.2707303702
0.2717303702
0.2727303702
0.2737303702
0.2747303702
0.2757303702
0.2767303702
0.2777303702
0.2787303702
0.2797303702
0.2807303702
0.2817303702
0.2827303702
0.2837303702
0.2847303702
0.2857303702
0.2867303702
0.2877303702
0.2887303702
0.2897303702
0.2907303702
0.2917303702
0.2927303702
0.2937303702
0.2947303702
0.2957303702
0.2967303702
0.2977303702
0.2987303702
0.2997303702
0.3007303702
0.3017303702
0.3027303702
0.3037303702
0.3047303702
0.3057303702
0.3067303702
0.3077303702
0.3087303702
0.3097303702
0.3107303702
0.3117303702
0.3127303702
0.3137303702
0.3147303702
0.3157303702
0.3167303702
0.3177303702
0.3187303702
0.3197303702
0.3207303702
0.3217303702
0.3227303702
0.3237303702
0.3247303702
0.3257303702
0.3267303702
0.3277303702
0.3287303702
0.3297303702
0.3307303702
0.3317303702
0.3327303702
0.3337303702
0.3347303702
0.3357303702
0.3367303702
0.3377303702
0.3387303702
0.3397303702
0.3407303702
0.3417303702
0.3427303702
0.3437303702
0.3447303702
0.3457303702
0.3467303702
0.3477303702
0.3487303702
0.3497303702
0.3507303702
0.3517303702
0.3527303702
0.3537303702
0.3547303702
0.3557303702
0.3567303702
0.3577303702
0.3587303702
0.3597303702
0.3607303702
0.3617303702
0.3627303702
0.3637303702
0.3647303702
0.3657303702
0.3667303702
0.3677303702
0.3687303702
0.3697303702
0.3707303702
0.3717303702
0.3727303702
0.3737303702
0.3747303702
0.3757303702
0.3767303702
0.3777303702
0.3787303702
0.3797303702
0.3807303702
0.3817303702
0.3827303702
0.3837303702
0.3847303702
0.3857303702
0.3867303702
0.3877303702
0.3887303702
0.3897303702
0.3907303702
0.3917303702
0.3927303702
0.3937303702
0.3947303702
0.3957303702
0.3967303702
0.3977303702
0.3987303702
0.3997303702
0.4007303702
0.4017303702
0.4027303702
0.4037303702
0.4047303702
0.4057303702
0.4067303702
0.4077303702
0.4087303702
0.4097303702
0.4107303702
0.4117303702
0.4127303702
0.4137303702
0.4147303702
0.4157303702
0.4167303702
0.4177303702
0.4187303702
0.4197303702
0.4207303702
0.4217303702
0.4227303702
0.4237303702
0.4247303702
0.4257303702
0.4267303702
0.4277303702
0.4287303702
0.4297303702
0.4307303702
0.4317303702
0.4327303702
0.4337303702
0.4347303702
0.4357303702
0.4367303702
0.4377303702
0.4387303702
0.4397303702
0.4407303702
0.4417303702
0.4427303702
0.4437303702
0.4447303702
0.4457303702
0.4467303702
0.4477303702
0.4487303702
0.4497303702
0.4507303702
0.4517303702
0.4527303702
0.4537303702
0.4547303702
0.4557303702
0.4567303702
0.4577303702
0.4587303702
0.4597303702
0.4607303702
0.4617303702
0.4627303702
0.4637303702
0.4647303702
0.4657303702
0.4667303702
0.4677303702
0.4687303702
0.4697303702
0.4707303702
0.4717303702
0.4727303702
0.4737303702
0.4747303702
0.4757303702
0.4767303702
0.4777303702
0.4787303702
0.4797303702
0.4807303702
0.4817303702
0.4827303702
0.4837303702
0.4847303702
0.4857303702
0.4867303702
0.4877303702
0.4887303702
0.4897303702
0.4907303702
0.4917303702
0.4927303702
0.4937303702
0.4947303702
0.4957303702
0.4967303702
0.4977303702
0.4987303702
0.4997303702
0.5007303702
0.5017303702
0.5027303702
0.5037303702
0.5047303702
0.5057303702
0.5067303702
0.5077303702
0.5087303702
0.5097303702
0.5107303702
0.5117303702
0.5127303702
0.5137303702
0.5147303702
0.5157303702
0.5167303702
0.5177303702
0.5187303702
0.5197303702
0.5207303702
0.5217303702
0.5227303702
0.5237303702
0.5247303702
0.5257303702
0.5267303702
0.5277303702
0.5287303702
0.5297303702
0.5307303702
0.5317303702
0.5327303702
0.5337303702
0.5347303702
0.5357303702
0.5367303702
0.5377303702
0.5387303702
0.5397303702
0.5407303702
0.5417303702
0.5427303702
0.5437303702
0.5447303702
0.5457303702
0.5467303702
0.5477303702
0.5487303702
0.5497303702
0.5507303702
0.5517303702
0.5527303702
0.5537303702
0.5547303702
0.5557303702
0.5567303702
0.5577303702
0.5587303702
0.5597303702
0.5607303702
0.5617303702
0.5627303702
0.5637303702
0.5647303702
0.5657303702
0.5667303702
0.5677303702
0.5687303702
0.5697303702
0.5707303702
0.5717303702
0.5727303702
0.5737303702
0.5747303702
0.5757303702
0.5767303702
0.5777303702
0.5787303702
0.5797303702
0.5807303702
0.5817303702
0.5827303702
0.5837303702
0.5847303702
0.5857303702
0.5867303702
0.5877303702
0.5887303702
0.5897303702
0.5907303702
0.5917303702
0.5927303702
0.5937303702
0.5947303702
0.5957303702
0.5967303702
0.5977303702
0.5987303702
0.5997303702
0.6007303702
0.6017303702
0.6027303702
0.6037303702
0.6047303702
0.6057303702
0.6067303702
0.6077303702
0.6087303702
0.6097303702
0.6107303702
0.6117303702
0.6127303702
0.6137303702
0.6147303702
0.6157303702
0.6167303702
0.6177303702
0.6187303702
0.6197303702
0.6207303702
0.6217303702
0.6227303702
0.6237303702
0.6247303702
0.6257303702
0.6267303702
0.6277303702
0.6287303702
0.6297303702
0.6307303702
0.6317303702
0.6327303702
0.6337303702
0.6347303702
0.6357303702
0.6367303702
0.6377303702
0.6387303702
0.6397303702
0.6407303702
0.6417303702
0.6427303702
0.6437303702
0.6447303702
0.6457303702
0.6467303702
0.6477303702
0.6487303702
0.6497303702
0.6507303702
0.6517303702
0.6527303702
0.6537303702
0.6547303702
0.6557303702
0.6567303702
0.6577303702
0.6587303702
0.6597303702
0.6607303702
0.6617303702
0.6627303702
0.6637303702
0.6647303702
0.6657303702
0.6667303702
0.6677303702
0.6687303702
0.6697303702
0.6707303702
0.6717303702
0.6727303702
0.6737303702
0.6747303702
0.6757303702
0.6767303702
0.6777303702
0.6787303702
0.6797303702
0.6807303702
0.6817303702
0.6827303702
0.6837303702
0.6847303702
0.6857303702
0.6867303702
0.6877303702
0.6887303702
0.6897303702
0.6907303702
0.6917303702
0.6927303702
0.6937303702
0.6947303702
0.6957303702
0.6967303702
0.6977303702
0.6987303702
0.6997303702
0.7007303702
0.7017303702
0.7027303702
0.7037303702
0.7047303702
0.7057303702
0.7067303702
0.7077303702
0.7087303702
0.7097303702
0.7107303702
0.7117303702
0.7127303702
0.7137303702
0.7147303702
0.7157303702
0.7167303702
0.7177303702
0.7187303702
0.7197303702
0.7207303702
0.7217303702
0.7227303702
0.7237303702
0.7247303702
0.7257303702
0.7267303702
0.7277303702
0.7287303702
0.7297303702
0.7307303702
0.7317303702
0.7327303702
0.7337303702
0.7347303702
0.7357303702
0.7367303702
0.7377303702
0.7387303702
0.7397303702
0.7407303702
0.7417303702
0.7427303702
0.7437303702
0.7447303702
0.7457303702
0.7467303702
0.7477303702
0.7487303702
0.7497303702
0.7507303702
0.7517303702
0.7527303702
0.7537303702
0.7547303702
0.7557303702
0.7567303702
0.7577303702
0.7587303702
0.7597303702
0.7607303702
0.7617303702
0.7627303702
0.7637303702
0.7647303702
0.7657303702
0.7667303702
0.7677303702
0.7687303702
0.7697303702
0.7707303702
0.7717303702
0.7727303702
0.7737303702
0.7747303702
0.7757303702
0.7767303702
0.7777303702
0.7787303702
0.7797303702
0.7807303702
0.7817303702
0.7827303702
0.7837303702
0.7847303702
0.7857303702
0.7867303702
0.7877303702
0.7887303702
0.7897303702
0.7907303702
0.7917303702
0.7927303702
0.7937303702
0.7947303702
0.7957303702
0.7967303702
0.7977303702
0.7987303702
0.7997303702
0.8007303702
0.8017303702
0.8027303702
0.8037303702
0.8047303702
0.8057303702
0.8067303702
0.8077303702
0.8087303702
0.8097303702
0.8107303702
0.8117303702
0.8127303702
0.8137303702
0.8147303702
0.8157303702
0.8167303702
0.8177303702
0.8187303702
0.8197303702
0.8207303702
0.8217303702
0.8227303702
0.8237303702
0.8247303702
0.8257303702
0.8267303702
0.8277303702
0.8287303702
0.8297303702
0.8307303702
0.8317303702
0.8327303702
0.8337303702
0.8347303702
0.8357303702
0.8367303702
0.8377303702
0.8387303702
0.8397303702
0.8407303702
0.8417303702
0.8427303702
0.8437303702
0.8447303702
0.8457303702
0.8467303702
0.8477303702
0.8487303702
0.8497303702
0.8507303702
0.8517303702
0.8527303702
0.8537303702
0.8547303702
0.8557303702
0.8567303702
0.8577303702
0.8587303702
0.8597303702
0.8607303702
0.8617303702
0.8627303702
0.8637303702
0.8647303702
0.8657303702
0.8667303702
0.8677303702
0.8687303702
0.8697303702
0.8707303702
0.8717303702
0.8727303702
0.8737303702
0.8747303702
0.8757303702
0.8767303702
0.8777303702
0.8787303702
0.8797303702
0.8807303702
0.8817303702
0.8827303702
0.8837303702
0.8847303702
0.8857303702
0.8867303702
0.8877303702
0.8887303702
0.8897303702
0.8907303702
0.8917303702
0.8927303702
0.8937303702
0.8947303702
0.8957303702
0.8967303702
0.8977303702
0.8987303702
0.8997303702
0.9007303702
0.9017303702
0.9027303702
0.9037303702
0.9047303702
0.9057303702
0.9067303702
0.9077303702
0.9087303702
0.9097303702
0.9107303702
0.9117303702
0.9127303702
0.9137303702
0.9147303702
0.9157303702
0.9167303702
0.9177303702
0.9187303702
0.9197303702
0.9207303702
0.9217303702
0.9227303702
0.9237303702
0.9247303702
0.9257303702
0.9267303702
0.9277303702
0.9287303702
0.9297303702
0.9307303702
0.9317303702
0.9327303702
0.9337303702
0.9347303702
0.9357303702
0.9367303702
0.9377303702
0.9387303702
0.9397303702
0.9407303702
0.9417303702
0.9427303702
0.9437303702
0.9447303702
0.9457303702
0.9467303702
0.9477303702
0.9487303702
0.9497303702
0.9507303702
0.9517303702
0.9527303702
0.9537303702
0.9547303702
0.9557303702
0.9567303702
0.9577303702
0.9587303702
0.9597303702
0.9607303702
0.9617303702
0.9627303702
0.9637303702
0.9647303702
0.9657303702
0.9667303702
0.9677303702
0.9687303702
0.9697303702
0.9707303702
0.9717303702
0.9727303702
0.9737303702
0.9747303702
0.9757303702
0.9767303702
0.9777303702
0.9787303702
0.9797303702
0.9807303702
0.9817303702
0.9827303702
0.9837303702
0.9847303702
0.9857303702
0.9867303702
0.9877303702
0.9887303702
0.9897303702
0.9907303702
0.9917303702
0.9927303702
