# $W$ = 300 nm, $h$ = 300 nm, $s$ = 20 nm, $d/W = 5$, $E_{\rm e}$ = 200 keV
1.2981868807
1.2991868807
1.3001868807
1.3011868807
1.3021868807
1.3031868807
1.3041868807
1.3051868807
1.3061868807
1.3071868807
1.3081868807
1.3091868807
1.3101868807
1.3111868807
1.3121868807
1.3131868807
1.3141868807
1.3151868807
1.3161868807
1.3171868807
1.3181868807
1.3191868807
1.3201868807
1.3211868807
1.3221868807
1.3231868807
1.3241868807
1.3251868807
1.3261868807
1.3271868807
1.3281868807
1.3291868807
1.3301868807
1.3311868807
1.3321868807
1.3331868807
1.3341868807
1.3351868807
1.3361868807
1.3371868807
1.3381868807
1.3391868807
1.3401868807
1.3411868807
1.3421868807
1.3431868807
1.3441868807
1.3451868807
1.3461868807
1.3471868807
1.3481868807
1.3491868807
1.3501868807
1.3511868807
1.3521868807
1.3531868807
1.3541868807
1.3551868807
1.3561868807
1.3571868807
1.3581868807
1.3591868807
1.3601868807
1.3611868807
1.3621868807
1.3631868807
1.3641868807
1.3651868807
1.3661868807
1.3671868807
1.3681868807
1.3691868807
1.3701868807
1.3711868807
1.3721868807
1.3731868807
1.3741868807
1.3751868807
1.3761868807
1.3771868807
1.3781868807
1.3791868807
1.3801868807
1.3811868807
1.3821868807
1.3831868807
1.3841868807
1.3851868807
1.3861868807
1.3871868807
1.3881868807
1.3891868807
1.3901868807
1.3911868807
1.3921868807
1.3931868807
1.3941868807
1.3951868807
1.3961868807
1.3971868807
1.3981868807
1.3991868807
1.4001868807
1.4011868807
1.4021868807
1.4031868807
1.4041868807
1.4051868807
1.4061868807
1.4071868807
