# $W$ = 300 nm, $h$ = 300 nm, $s$ = 20 nm, $d/W = 5$, $E_{\rm e}$ = 200 keV
1.2999532172
1.3009532172
1.3019532172
1.3029532172
1.3039532172
1.3049532172
1.3059532172
1.3069532172
1.3079532172
1.3089532172
1.3099532172
1.3109532172
1.3119532172
1.3129532172
1.3139532172
1.3149532172
1.3159532172
1.3169532172
1.3179532172
1.3189532172
1.3199532172
1.3209532172
1.3219532172
1.3229532172
1.3239532172
1.3249532172
1.3259532172
1.3269532172
1.3279532172
1.3289532172
1.3299532172
1.3309532172
1.3319532172
1.3329532172
1.3339532172
1.3349532172
1.3359532172
1.3369532172
1.3379532172
1.3389532172
1.3399532172
1.3409532172
1.3419532172
1.3429532172
1.3439532172
1.3449532172
1.3459532172
1.3469532172
1.3479532172
1.3489532172
1.3499532172
1.3509532172
1.3519532172
1.3529532172
1.3539532172
1.3549532172
1.3559532172
1.3569532172
1.3579532172
1.3589532172
1.3599532172
1.3609532172
1.3619532172
1.3629532172
1.3639532172
1.3649532172
1.3659532172
1.3669532172
1.3679532172
1.3689532172
1.3699532172
1.3709532172
1.3719532172
1.3729532172
1.3739532172
1.3749532172
1.3759532172
1.3769532172
1.3779532172
1.3789532172
1.3799532172
1.3809532172
1.3819532172
1.3829532172
1.3839532172
1.3849532172
1.3859532172
1.3869532172
1.3879532172
1.3889532172
1.3899532172
1.3909532172
1.3919532172
1.3929532172
1.3939532172
1.3949532172
1.3959532172
1.3969532172
1.3979532172
1.3989532172
1.3999532172
1.4009532172
1.4019532172
1.4029532172
1.4039532172
1.4049532172
