# $W$ = 300 nm, $h$ = 300 nm, $s$ = 20 nm, $d/W = 5$, $E_{\rm e}$ = 200 keV
0.7186326460
0.7196326460
0.7206326460
0.7216326460
0.7226326460
0.7236326460
0.7246326460
0.7256326460
0.7266326460
0.7276326460
0.7286326460
0.7296326460
0.7306326460
0.7316326460
0.7326326460
0.7336326460
0.7346326460
0.7356326460
0.7366326460
0.7376326460
0.7386326460
0.7396326460
0.7406326460
0.7416326460
0.7426326460
0.7436326460
0.7446326460
0.7456326460
0.7466326460
0.7476326460
0.7486326460
0.7496326460
0.7506326460
0.7516326460
0.7526326460
0.7536326460
0.7546326460
0.7556326460
0.7566326460
0.7576326460
0.7586326460
0.7596326460
0.7606326460
0.7616326460
0.7626326460
0.7636326460
0.7646326460
0.7656326460
0.7666326460
0.7676326460
0.7686326460
0.7696326460
0.7706326460
0.7716326460
0.7726326460
0.7736326460
0.7746326460
0.7756326460
0.7766326460
0.7776326460
0.7786326460
0.7796326460
0.7806326460
