# $W$ = 300 nm, $h$ = 300 nm, $s$ = 20 nm, $d/W = 5$, $E_{\rm e}$ = 200 keV
0.7186370655
0.7196370655
0.7206370655
0.7216370655
0.7226370655
0.7236370655
0.7246370655
0.7256370655
0.7266370655
0.7276370655
0.7286370655
0.7296370655
0.7306370655
0.7316370655
0.7326370655
0.7336370655
0.7346370655
0.7356370655
0.7366370655
0.7376370655
0.7386370655
0.7396370655
0.7406370655
0.7416370655
0.7426370655
0.7436370655
0.7446370655
0.7456370655
0.7466370655
0.7476370655
0.7486370655
0.7496370655
0.7506370655
0.7516370655
0.7526370655
0.7536370655
0.7546370655
0.7556370655
0.7566370655
0.7576370655
0.7586370655
0.7596370655
0.7606370655
0.7616370655
0.7626370655
0.7636370655
0.7646370655
0.7656370655
0.7666370655
0.7676370655
0.7686370655
0.7696370655
0.7706370655
0.7716370655
0.7726370655
0.7736370655
0.7746370655
0.7756370655
0.7766370655
0.7776370655
0.7786370655
0.7796370655
0.7806370655
