# $W$ = 400 nm, $h$ = 300 nm, $s$ = 20 nm, $d/W = 5$, $E_{\rm e}$ = 200 keV
1.2089344176
1.2099344176
1.2109344176
1.2119344176
1.2129344176
1.2139344176
1.2149344176
1.2159344176
1.2169344176
1.2179344176
1.2189344176
1.2199344176
1.2209344176
1.2219344176
1.2229344176
1.2239344176
1.2249344176
1.2259344176
1.2269344176
1.2279344176
1.2289344176
1.2299344176
1.2309344176
1.2319344176
1.2329344176
1.2339344176
1.2349344176
1.2359344176
1.2369344176
1.2379344176
1.2389344176
1.2399344176
1.2409344176
1.2419344176
1.2429344176
1.2439344176
1.2449344176
1.2459344176
1.2469344176
1.2479344176
1.2489344176
1.2499344176
1.2509344176
1.2519344176
1.2529344176
1.2539344176
1.2549344176
1.2559344176
1.2569344176
1.2579344176
1.2589344176
1.2599344176
1.2609344176
1.2619344176
1.2629344176
1.2639344176
1.2649344176
1.2659344176
1.2669344176
1.2679344176
1.2689344176
1.2699344176
1.2709344176
1.2719344176
1.2729344176
1.2739344176
1.2749344176
1.2759344176
1.2769344176
1.2779344176
1.2789344176
1.2799344176
1.2809344176
1.2819344176
1.2829344176
1.2839344176
1.2849344176
1.2859344176
1.2869344176
1.2879344176
1.2889344176
1.2899344176
1.2909344176
1.2919344176
1.2929344176
1.2939344176
1.2949344176
1.2959344176
1.2969344176
1.2979344176
1.2989344176
1.2999344176
1.3009344176
1.3019344176
1.3029344176
1.3039344176
1.3049344176
1.3059344176
1.3069344176
1.3079344176
1.3089344176
1.3099344176
1.3109344176
1.3119344176
1.3129344176
1.3139344176
1.3149344176
1.3159344176
1.3169344176
