# $W$ = 400 nm, $h$ = 300 nm, $s$ = 20 nm, $d/W = 5$, $E_{\rm e}$ = 200 keV
0.6729980010
0.6739980010
0.6749980010
0.6759980010
0.6769980010
0.6779980010
0.6789980010
0.6799980010
0.6809980010
0.6819980010
0.6829980010
0.6839980010
0.6849980010
0.6859980010
0.6869980010
0.6879980010
0.6889980010
0.6899980010
0.6909980010
0.6919980010
0.6929980010
0.6939980010
0.6949980010
0.6959980010
0.6969980010
0.6979980010
0.6989980010
0.6999980010
0.7009980010
0.7019980010
0.7029980010
0.7039980010
0.7049980010
0.7059980010
0.7069980010
0.7079980010
0.7089980010
0.7099980010
0.7109980010
0.7119980010
0.7129980010
0.7139980010
0.7149980010
0.7159980010
0.7169980010
0.7179980010
0.7189980010
0.7199980010
0.7209980010
0.7219980010
0.7229980010
0.7239980010
0.7249980010
0.7259980010
0.7269980010
0.7279980010
0.7289980010
0.7299980010
