# $W$ = 300 nm, $h$ = 300 nm, $s$ = 20 nm, $d/W = 5$, $E_{\rm e}$ = 200 keV
1.2999187553
1.3009187553
1.3019187553
1.3029187553
1.3039187553
1.3049187553
1.3059187553
1.3069187553
1.3079187553
1.3089187553
1.3099187553
1.3109187553
1.3119187553
1.3129187553
1.3139187553
1.3149187553
1.3159187553
1.3169187553
1.3179187553
1.3189187553
1.3199187553
1.3209187553
1.3219187553
1.3229187553
1.3239187553
1.3249187553
1.3259187553
1.3269187553
1.3279187553
1.3289187553
1.3299187553
1.3309187553
1.3319187553
1.3329187553
1.3339187553
1.3349187553
1.3359187553
1.3369187553
1.3379187553
1.3389187553
1.3399187553
1.3409187553
1.3419187553
1.3429187553
1.3439187553
1.3449187553
1.3459187553
1.3469187553
1.3479187553
1.3489187553
1.3499187553
1.3509187553
1.3519187553
1.3529187553
1.3539187553
1.3549187553
1.3559187553
1.3569187553
1.3579187553
1.3589187553
1.3599187553
1.3609187553
1.3619187553
1.3629187553
1.3639187553
1.3649187553
1.3659187553
1.3669187553
1.3679187553
1.3689187553
1.3699187553
1.3709187553
1.3719187553
1.3729187553
1.3739187553
1.3749187553
1.3759187553
1.3769187553
1.3779187553
1.3789187553
1.3799187553
1.3809187553
1.3819187553
1.3829187553
1.3839187553
1.3849187553
1.3859187553
1.3869187553
1.3879187553
1.3889187553
1.3899187553
1.3909187553
1.3919187553
1.3929187553
1.3939187553
1.3949187553
1.3959187553
1.3969187553
1.3979187553
1.3989187553
1.3999187553
1.4009187553
1.4019187553
1.4029187553
1.4039187553
1.4049187553
