# energy (eV)    P(omega), $W$ = 300 nm, $h$ = 300 nm, $s$ = 20 nm, $d/W = 5$, $E_{\rm e}$ = 200 keV, $E_{\text{e}}$ = 200 keV
0.2000000000	0.6503728899
0.2050000000	0.6597084345
0.2100000000	0.6684930427
0.2150000000	0.6767437149
0.2200000000	0.6844750464
0.2250000000	0.6916990827
0.2300000000	0.6984245608
0.2350000000	0.7046569002
0.2400000000	0.7103973628
0.2450000000	0.7156418407
0.2500000000	0.7203814691
0.2550000000	0.7245995926
0.2600000000	0.7282719461
0.2650000000	0.7313648955
0.2700000000	0.7338322434
0.2750000000	0.7356138496
0.2800000000	0.7366317314
0.2850000000	0.7367860884
0.2900000000	0.7359488500
0.2950000000	0.7339586287
0.3000000000	0.7306075843
0.3050000000	0.7256331396
0.3100000000	0.7186980717
0.3150000000	0.7572438564
0.3200000000	0.8030287616
0.3250000000	0.8608990620
0.3300000000	0.9383265935
0.3350000000	1.0347390387
0.3400000000	1.1610065970
0.3450000000	1.3143139682
0.3500000000	1.5149630806
0.3550000000	1.7806129680
0.3600000000	2.1277719436
0.3650000000	2.6120155173
0.3700000000	3.2512519805
0.3750000000	4.1412412448
0.3800000000	5.4294942852
0.3850000000	7.4382731743
0.3900000000	10.6144972173
0.3950000000	16.0143056518
0.4000000000	26.3163052442
0.4050000000	49.4310775998
0.4100000000	112.5553758469
0.4150000000	361.5742078355
0.4200000000	230.1361041254
0.4250000000	-434.5972293619
0.4300000000	121.1425769366
0.4350000000	75.6027245673
0.4400000000	46.2961000957
0.4450000000	30.5078222333
0.4500000000	21.4119924141
0.4550000000	15.8105535034
0.4600000000	12.1599566173
0.4650000000	9.6708008537
0.4700000000	7.9105825355
0.4750000000	6.6370714586
0.4800000000	5.6926397703
0.4850000000	4.9819708041
0.4900000000	4.4396417536
0.4950000000	4.0217129606
0.5000000000	3.6981603409
0.5050000000	3.4469237172
0.5100000000	3.2538330286
0.5150000000	3.1084609435
0.5200000000	2.9998353108
0.5250000000	2.9230772690
0.5300000000	2.8728998398
0.5350000000	2.8454493262
0.5400000000	2.8378906226
0.5450000000	2.8478547868
0.5500000000	2.8746448737
0.5550000000	2.9169418364
0.5600000000	2.9741068607
0.5650000000	3.0458737945
0.5700000000	3.1320211324
0.5750000000	3.2331651112
0.5800000000	3.3503122542
0.5850000000	3.4841222581
0.5900000000	3.6358509686
0.5950000000	3.8070502932
0.6000000000	3.9996952446
0.6050000000	4.2166133302
0.6100000000	4.4605313243
0.6150000000	4.7351466275
0.6200000000	5.0453940478
0.6250000000	5.3959996351
0.6300000000	5.7939461166
0.6350000000	6.2479378479
0.6400000000	6.7670364996
0.6450000000	7.3643156471
0.6500000000	8.0569631321
0.6550000000	8.8628845826
0.6600000000	9.8095862020
0.6650000000	10.9323801453
0.6700000000	12.2727978099
0.6750000000	13.8941337187
0.6800000000	15.8816069437
0.6850000000	18.3467817515
0.6900000000	21.4625987278
0.6950000000	25.4708457633
0.7000000000	30.7558377881
0.7050000000	37.9050984270
0.7100000000	47.9144382567
0.7150000000	62.5567604002
0.7200000000	85.1335056730
0.7250000000	122.6248629050
0.7300000000	191.4696736786
0.7350000000	338.8405632407
0.7400000000	743.1891217461
0.7450000000	2467.5243922018
0.7500000000	7650.7038619767
0.7550000000	1926.3091638721
0.7600000000	638.4889646896
0.7650000000	306.1894566340
0.7700000000	178.2233526898
0.7750000000	116.4234384722
0.7800000000	82.0047821907
0.7850000000	60.9596871814
0.7900000000	47.1391754326
0.7950000000	37.6036776324
0.8000000000	30.7463402554
0.8050000000	25.6372289662
0.8100000000	21.7397682817
0.8150000000	18.6488368630
0.8200000000	16.2085408482
0.8250000000	14.2430257786
0.8300000000	12.6323629640
0.8350000000	11.3077738297
0.8400000000	10.1970898007
0.8450000000	9.2648637512
0.8500000000	8.4767770881
0.8550000000	7.7964887226
0.8600000000	7.2157320621
0.8650000000	6.7197887285
0.8700000000	6.2814384220
0.8750000000	5.9087702841
0.8800000000	5.5928622631
0.8850000000	5.3096001891
0.8900000000	5.0830319697
0.8950000000	4.8768990852
0.9000000000	4.7142487611
0.9050000000	4.6035874231
0.9100000000	4.5022459265
0.9150000000	4.4424375198
0.9200000000	4.4392422802
0.9250000000	4.4377178610
0.9300000000	4.3759437319
0.9350000000	4.1817446136
0.9400000000	3.0840840932
0.9450000000	-1.9190738597
0.9500000000	-28.3517676497
0.9550000000	-162.5278445932
0.9600000000	38.3902083436
0.9650000000	67.4801525460
0.9700000000	29.9513683626
0.9750000000	15.7309978732
0.9800000000	9.8610505508
0.9850000000	7.1148423891
0.9900000000	5.5316715639
0.9950000000	4.5713334421
1.0000000000	3.9580363388
1.0050000000	3.5694062814
1.0100000000	3.2677615347
1.0150000000	3.0472569731
1.0200000000	2.8988124568
1.0250000000	2.7738696505
1.0300000000	2.6787321068
1.0350000000	2.6064898634
1.0400000000	2.5603396110
1.0450000000	2.5215125764
1.0500000000	2.4953574496
1.0550000000	2.4803780834
1.0600000000	2.4800303999
1.0650000000	2.4847006014
1.0700000000	2.4982686173
1.0750000000	2.5207789919
1.0800000000	2.5547745313
1.0850000000	2.5979929493
1.0900000000	2.6624457114
1.0950000000	2.7391005083
1.1000000000	2.8306560952
1.1050000000	2.9359096862
1.1100000000	3.0583060959
1.1150000000	3.2005571127
1.1200000000	3.3659964269
1.1250000000	3.5583909070
1.1300000000	3.7834866871
1.1350000000	4.0482052137
1.1400000000	4.3605704874
1.1450000000	4.7346012146
1.1500000000	5.1860596126
1.1550000000	5.7374933460
1.1600000000	6.4207037186
1.1650000000	7.2770878723
1.1700000000	8.3835313821
1.1750000000	9.8426728410
1.1800000000	11.8239534149
1.1850000000	14.6057030772
1.1900000000	18.7133328984
1.1950000000	25.1537393494
1.2000000000	36.0684906985
1.2050000000	56.6836011058
1.2100000000	102.0223029866
1.2150000000	224.5916439521
1.2200000000	550.8298922189
1.2250000000	495.4242496614
1.2300000000	198.2530767520
1.2350000000	93.5083259923
1.2400000000	53.8543145486
1.2450000000	35.6835185003
1.2500000000	26.1394656892
1.2550000000	20.6785545987
1.2600000000	17.4092650315
1.2650000000	15.4231707295
1.2700000000	14.3192262524
1.2750000000	13.8387529542
1.2800000000	13.8652033365
1.2850000000	14.3563963210
1.2900000000	15.3263566729
1.2950000000	16.8305146549
1.3000000000	19.0412185760
1.3050000000	22.1829269094
1.3100000000	26.6610600237
1.3150000000	33.1739709797
1.3200000000	42.9717421164
1.3250000000	58.4417737667
1.3300000000	84.7941098028
1.3350000000	134.1265935798
1.3400000000	239.5563947237
1.3450000000	501.3481807520
1.3500000000	1065.0915277315
1.3550000000	994.0262037343
1.3600000000	458.5750405338
1.3650000000	225.3488047115
1.3700000000	129.2340517928
1.3750000000	83.1004029826
1.3800000000	57.9448036764
1.3850000000	42.7939177763
1.3900000000	33.0342998902
1.3950000000	26.3800682804
1.4000000000	21.6550744976
1.4050000000	18.1955211380
1.4100000000	15.6034978171
1.4150000000	13.6486493948
1.4200000000	12.1804153631
1.4250000000	11.2009859538
1.4300000000	10.8530239870
1.4350000000	11.0775521704
1.4400000000	8.5617907020
1.4450000000	0.8265573963
1.4500000000	-11.6965339802
1.4550000000	-3.2457055666
1.4600000000	14.2854414496
1.4650000000	7.7074303590
1.4700000000	-7.4040460944
1.4750000000	-32.2235332937
1.4800000000	-14.3486322544
1.4850000000	23.5349769923
1.4900000000	19.0778137441
1.4950000000	12.3458887290
1.5000000000	8.6723499396
1.5050000000	6.6944868586
1.5100000000	5.5671744532
1.5150000000	4.8825961320
1.5200000000	4.4403716982
1.5250000000	4.1655421098
1.5300000000	3.9555904977
1.5350000000	3.8107996911
1.5400000000	3.7153207471
1.5450000000	3.6606452462
1.5500000000	3.6412518629
1.5550000000	3.6572549751
1.5600000000	3.7183673031
1.5650000000	3.8195092795
1.5700000000	3.9834738432
1.5750000000	4.2380129277
1.5800000000	4.6352505265
1.5850000000	5.2766642277
1.5900000000	6.3760706978
1.5950000000	8.4066986778
1.6000000000	12.3683089285
1.6050000000	18.9199491571
1.6100000000	21.9574821312
1.6150000000	16.2735751132
1.6200000000	10.9394946487
1.6250000000	8.1238002984
1.6300000000	6.7103660720
1.6350000000	5.9831520105
1.6400000000	5.6151372472
1.6450000000	5.4543229587
1.6500000000	5.4245789149
1.6550000000	5.4903011625
1.6600000000	5.6302051055
1.6650000000	5.8345976963
1.6700000000	6.0998245369
1.6750000000	6.4259256305
1.6800000000	6.8158261303
1.6850000000	7.2740420743
1.6900000000	7.8045200744
1.6950000000	8.3995865492
1.7000000000	9.0490227601
1.7050000000	9.7134949111
1.7100000000	10.4713020802
1.7150000000	12.3640256498
1.7200000000	15.6881840166
1.7250000000	18.7270022336
1.7300000000	21.9834901931
1.7350000000	25.5635934138
1.7400000000	29.0820049934
1.7450000000	33.6029251444
1.7500000000	40.4369066422
1.7550000000	50.6063622560
1.7600000000	65.8205933485
1.7650000000	89.2729761047
1.7700000000	127.0507741386
1.7750000000	190.6973619794
1.7800000000	299.1521451731
1.7850000000	459.1028836129
1.7900000000	570.5588946748
1.7950000000	485.8567753725
1.8000000000	323.3616961320
1.8050000000	204.2172659920
1.8100000000	134.6502488822
1.8150000000	93.8735856659
1.8200000000	68.7787499701
1.8250000000	52.5095950018
1.8300000000	41.4633671065
1.8350000000	33.6665283488
1.8400000000	27.9862510513
1.8450000000	23.7353677383
1.8500000000	20.4808036259
1.8550000000	17.9515802389
1.8600000000	15.9586849671
1.8650000000	14.3736797093
1.8700000000	13.1052545539
1.8750000000	12.0864015291
1.8800000000	11.2640443989
1.8850000000	10.5913396336
1.8900000000	10.0143928065
1.8950000000	9.4527979094
1.9000000000	8.7676371594
1.9050000000	7.4679832588
1.9100000000	5.6809544562
1.9150000000	4.7522760393
1.9200000000	11.5310468277
1.9250000000	30.2078515596
1.9300000000	45.0191428800
1.9350000000	44.3179771872
1.9400000000	34.8516698928
1.9450000000	25.6748218023
1.9500000000	19.2320518467
1.9550000000	15.0108538201
1.9600000000	12.2215295698
1.9650000000	10.3545351363
1.9700000000	9.0069156976
1.9750000000	8.0190753671
1.9800000000	7.2648783791
1.9850000000	6.6528100267
1.9900000000	6.1128281993
1.9950000000	5.5838079651
2.0000000000	5.0568463785
2.0050000000	4.7200532420
2.0100000000	4.9128009948
2.0150000000	5.4439576561
2.0200000000	5.7712033472
2.0250000000	5.8576347535
2.0300000000	5.8764165097
2.0350000000	5.9110355301
2.0400000000	5.9924298907
2.0450000000	6.1284017886
2.0500000000	6.3239458398
2.0550000000	6.5835803976
2.0600000000	6.9073131682
2.0650000000	7.2758189055
2.0700000000	7.6411610775
2.0750000000	7.9674827244
2.0800000000	8.2867016175
2.0850000000	8.6646856129
2.0900000000	9.1456856588
2.0950000000	9.7484925981
2.1000000000	10.4935354561
2.1050000000	11.3742162082
2.1100000000	12.4524183342
2.1150000000	13.7734232528
2.1200000000	15.4006721148
2.1250000000	17.4231399893
2.1300000000	19.9661931585
2.1350000000	23.2088386068
2.1400000000	27.4095109415
2.1450000000	32.9460759343
2.1500000000	40.3690791718
2.1550000000	50.4577161483
2.1600000000	64.2092750089
2.1650000000	82.4683515486
2.1700000000	104.8973990181
2.1750000000	127.1970363186
2.1800000000	140.9757108932
2.1850000000	141.6912917578
2.1900000000	135.4247851594
2.1950000000	130.5471710591
2.2000000000	128.3849093951
2.2050000000	122.3869976848
2.2100000000	109.6538914848
2.2150000000	93.9997798007
2.2200000000	79.9482912278
2.2250000000	68.3318099789
2.2300000000	58.0940933646
2.2350000000	48.8295505757
2.2400000000	40.8676897318
2.2450000000	34.4959721458
2.2500000000	29.6115445732
2.2550000000	25.9428269333
2.2600000000	23.1965814475
2.2650000000	21.0787882881
2.2700000000	19.2714623177
2.2750000000	17.4611732292
2.2800000000	15.5113264557
2.2850000000	13.6549270899
2.2900000000	12.3709221836
2.2950000000	11.9307263672
2.3000000000	12.0850812131
2.3050000000	12.3222304000
2.3100000000	12.3408753667
2.3150000000	12.1433347319
2.3200000000	11.8599294903
2.3250000000	11.6252962041
2.3300000000	11.5083123577
2.3350000000	11.5208122944
2.3400000000	11.6242315926
2.3450000000	11.7312984792
2.3500000000	11.7321302154
2.3550000000	11.5566180281
2.3600000000	11.2246007246
2.3650000000	10.8227251160
2.3700000000	10.4403340776
2.3750000000	10.1308011251
2.3800000000	9.9114754776
2.3850000000	9.7775098593
2.3900000000	9.7177810062
2.3950000000	9.7193529759
2.4000000000	9.7857571803
2.4050000000	9.9385987464
2.4100000000	10.1850419544
2.4150000000	10.5350939889
2.4200000000	10.9948032749
2.4250000000	11.5747473940
2.4300000000	12.2903410274
2.4350000000	13.1622621739
2.4400000000	14.2172148611
2.4450000000	15.4892472478
2.4500000000	17.0213631297
2.4550000000	18.8675669606
2.4600000000	21.0942334907
2.4650000000	23.7809779856
2.4700000000	27.0190911967
2.4750000000	30.9000072095
2.4800000000	35.5180796923
2.4850000000	40.9105458994
2.4900000000	47.0244749910
2.4950000000	53.6408584024
2.5000000000	60.2968986397
2.5050000000	66.5225784398
2.5100000000	70.7278224462
2.5150000000	71.9957044740
2.5200000000	70.1078167481
2.5250000000	65.6466780653
2.5300000000	59.6270257800
2.5350000000	53.0274106628
2.5400000000	46.5392585106
2.5450000000	40.5531952094
2.5500000000	35.2428774055
2.5550000000	30.6478319789
2.5600000000	26.7048522030
2.5650000000	23.3897377230
2.5700000000	20.6244690202
2.5750000000	18.3601858978
2.5800000000	16.5604175789
2.5850000000	15.1854982534
2.5900000000	14.1701923819
2.5950000000	13.4227578231
2.6000000000	12.8476700352
2.6050000000	12.4388988342
2.6100000000	12.0849082437
2.6150000000	11.7801019441
2.6200000000	11.5304922543
2.6250000000	11.3427727446
2.6300000000	11.2214000611
2.6350000000	11.1686654083
2.6400000000	11.1858808946
2.6450000000	11.2742895424
2.6500000000	11.4363044468
2.6550000000	11.6726135256
2.6600000000	11.9868712695
2.6650000000	12.3827805991
2.6700000000	12.8648775371
2.6750000000	13.4386457868
2.6800000000	14.1101228596
2.6850000000	14.8854822261
2.6900000000	15.7697478528
2.6950000000	16.7658365054
2.7000000000	17.8726935161
2.7050000000	19.2161774735
2.7100000000	20.6823077144
2.7150000000	22.2425226694
2.7200000000	23.8553098256
2.7250000000	25.4685158496
2.7300000000	27.0233108464
2.7350000000	28.4575513086
2.7400000000	29.7066439010
2.7450000000	30.7132307119
2.7500000000	31.3883583920
2.7550000000	31.6781575017
2.7600000000	31.5417641330
2.7650000000	30.9744043494
2.7700000000	30.0141004936
2.7750000000	28.7370263812
2.7800000000	27.2424682344
2.7850000000	25.6357859179
2.7900000000	24.0115037393
2.7950000000	22.4454319697
2.8000000000	20.9911763660
2.8050000000	19.5197289198
2.8100000000	18.2603177013
2.8150000000	17.2095886030
2.8200000000	16.3506550119
2.8250000000	15.6612419597
2.8300000000	15.1189019201
2.8350000000	14.7044379752
2.8400000000	14.3976287378
2.8450000000	14.1991735072
2.8500000000	14.0943721290
2.8550000000	14.0776223793
2.8600000000	14.1447299272
2.8650000000	14.2919039859
2.8700000000	14.5149254389
2.8750000000	14.8084302291
2.8800000000	15.1654046953
2.8850000000	15.5767257342
2.8900000000	16.0314287943
2.8950000000	16.5171250815
2.9000000000	17.0207765975
2.9050000000	17.6259541926
2.9100000000	18.2064966930
2.9150000000	18.7441433025
2.9200000000	19.2197387406
2.9250000000	19.6115328685
2.9300000000	19.8995271960
2.9350000000	20.0525859302
2.9400000000	20.0572783784
2.9450000000	19.9078921972
2.9500000000	19.6130433905
2.9550000000	19.1951442477
2.9600000000	18.6865470017
2.9650000000	18.1239022474
2.9700000000	17.5426632239
2.9750000000	16.9731269235
2.9800000000	16.4384967282
2.9850000000	15.9546202270
2.9900000000	15.5310198190
2.9950000000	15.1721595305
3.0000000000	14.8789837385
