# energy (eV)    P(omega), $W$ = 400 nm, $h$ = 300 nm, $s$ = 20 nm, $d/W = 5$, $E_{\rm e}$ = 200 keV
0.2000000000	0.1840395129
0.2050000000	0.1857139928
0.2100000000	0.1868951043
0.2150000000	0.1875629506
0.2200000000	0.1876897403
0.2250000000	0.1872377373
0.2300000000	0.1861573353
0.2350000000	0.1843839555
0.2400000000	0.1818345940
0.2450000000	0.1784022577
0.2500000000	0.1739502077
0.2550000000	0.1683024878
0.2600000000	0.1612323964
0.2650000000	0.1686525225
0.2700000000	0.1874949971
0.2750000000	0.2144594373
0.2800000000	0.2520311899
0.2850000000	0.3074250295
0.2900000000	0.3760693808
0.2950000000	0.4744830726
0.3000000000	0.6067902030
0.3050000000	0.8095961374
0.3100000000	1.0921210685
0.3150000000	1.6388062654
0.3200000000	2.4926850671
0.3250000000	3.0774385905
0.3300000000	3.8863813899
0.3350000000	5.0332314760
0.3400000000	6.8336149733
0.3450000000	9.9225975794
0.3500000000	16.0824887555
0.3550000000	30.3424233157
0.3600000000	74.5752268167
0.3650000000	0.3316704142
0.3700000000	34.5694640151
0.3750000000	45.4599968727
0.3800000000	21.1845818780
0.3850000000	11.9345325024
0.3900000000	7.6556585180
0.3950000000	5.3953003760
0.4000000000	4.0865268862
0.4050000000	3.2332764882
0.4100000000	2.6777920003
0.4150000000	2.3114321782
0.4200000000	2.0799140774
0.4250000000	1.8980920740
0.4300000000	1.6831843627
0.4350000000	1.5130974436
0.4400000000	1.3785801401
0.4450000000	1.2716271435
0.4500000000	1.1871946570
0.4550000000	1.1202493403
0.4600000000	1.0680358443
0.4650000000	1.0276390193
0.4700000000	0.9971290440
0.4750000000	0.9751561543
0.4800000000	0.9605422430
0.4850000000	0.9522541775
0.4900000000	0.9496814406
0.4950000000	0.9523542335
0.5000000000	0.9598715935
0.5050000000	0.9720549472
0.5100000000	0.9887583378
0.5150000000	1.0098953270
0.5200000000	1.0355103803
0.5250000000	1.0656401811
0.5300000000	1.1007269304
0.5350000000	1.1409677234
0.5400000000	1.1867169897
0.5450000000	1.2384388545
0.5500000000	1.2967903897
0.5550000000	1.3624898100
0.5600000000	1.4364116080
0.5650000000	1.5196799723
0.5700000000	1.6138466893
0.5750000000	1.7200623274
0.5800000000	1.8404788400
0.5850000000	1.9780362619
0.5900000000	2.1347188991
0.5950000000	2.3146999173
0.6000000000	2.5234924413
0.6050000000	2.7652305803
0.6100000000	3.0493861302
0.6150000000	3.3838163183
0.6200000000	3.7820065600
0.6250000000	4.2633034955
0.6300000000	4.8474409060
0.6350000000	5.5714938394
0.6400000000	6.4763718163
0.6450000000	7.6363038140
0.6500000000	9.1461185828
0.6550000000	11.1664387073
0.6600000000	13.9684765067
0.6650000000	17.9807379103
0.6700000000	24.0563624992
0.6750000000	33.8252282298
0.6800000000	51.0938486240
0.6850000000	85.7450941655
0.6900000000	171.8532142123
0.6950000000	482.4353510215
0.7000000000	2339.9376169088
0.7050000000	1137.6598397798
0.7100000000	292.2516908744
0.7150000000	124.2864414070
0.7200000000	67.8769085192
0.7250000000	42.6403947687
0.7300000000	29.2464850208
0.7350000000	21.3285379434
0.7400000000	16.2580813143
0.7450000000	12.8163947838
0.7500000000	10.3783262751
0.7550000000	8.5871179961
0.7600000000	7.2370221823
0.7650000000	6.1900248759
0.7700000000	5.3635144571
0.7750000000	4.6999716386
0.7800000000	4.1607465805
0.7850000000	3.7167438977
0.7900000000	3.3447671972
0.7950000000	3.0340952801
0.8000000000	2.7699375008
0.8050000000	2.5436193130
0.8100000000	2.3509539421
0.8150000000	2.1820887173
0.8200000000	2.0350723641
0.8250000000	1.9117023344
0.8300000000	1.8037129817
0.8350000000	1.7098328860
0.8400000000	1.6350779132
0.8450000000	1.5698522922
0.8500000000	1.5145513418
0.8550000000	1.4796127755
0.8600000000	1.4516336578
0.8650000000	1.4316115515
0.8700000000	1.4386455171
0.8750000000	1.4411366446
0.8800000000	1.4334161286
0.8850000000	1.3711017644
0.8900000000	1.0639278172
0.8950000000	-0.4756323341
0.9000000000	-8.7315169178
0.9050000000	-57.3711765769
0.9100000000	10.9248179626
0.9150000000	25.8795992697
0.9200000000	10.7432193359
0.9250000000	5.5888718783
0.9300000000	3.4114574116
0.9350000000	2.3711154604
0.9400000000	1.8098579935
0.9450000000	1.4987213677
0.9500000000	1.2777232022
0.9550000000	1.1297397357
0.9600000000	1.0381529807
0.9650000000	0.9625165899
0.9700000000	0.9084392770
0.9750000000	0.8714287264
0.9800000000	0.8486490553
0.9850000000	0.8439186553
0.9900000000	0.8510912050
0.9950000000	0.8823973720
1.0000000000	0.9581865844
1.0050000000	1.1359290595
1.0100000000	1.6022505611
1.0150000000	3.2014627350
1.0200000000	6.1304383898
1.0250000000	2.7986810869
1.0300000000	1.4434997100
1.0350000000	1.0395715613
1.0400000000	0.8807838129
1.0450000000	0.8063809016
1.0500000000	0.7692223026
1.0550000000	0.7498483243
1.0600000000	0.7413288785
1.0650000000	0.7400147691
1.0700000000	0.7438829274
1.0750000000	0.7522344438
1.0800000000	0.7636338948
1.0850000000	0.7790563536
1.0900000000	0.8012601726
1.0950000000	0.8271101617
1.1000000000	0.8568625523
1.1050000000	0.8905760856
1.1100000000	0.9287846053
1.1150000000	0.9719980558
1.1200000000	1.0208200866
1.1250000000	1.0757491433
1.1300000000	1.1382102540
1.1350000000	1.2091601664
1.1400000000	1.2900363130
1.1450000000	1.3826629403
1.1500000000	1.4884573966
1.1550000000	1.6118432624
1.1600000000	1.7556104665
1.1650000000	1.9234054871
1.1700000000	2.1159555613
1.1750000000	2.3110407920
1.1800000000	2.4954673940
1.1850000000	3.4709841373
1.1900000000	4.3063420993
1.1950000000	5.9004431256
1.2000000000	8.0337602720
1.2050000000	7.0498213128
1.2100000000	6.7494463111
1.2150000000	7.5154397569
1.2200000000	8.9893313453
1.2250000000	11.2523055358
1.2300000000	14.6931400791
1.2350000000	20.1361136765
1.2400000000	29.3048261351
1.2450000000	46.5695763007
1.2500000000	83.9605634708
1.2550000000	181.7521209898
1.2600000000	439.0165117639
1.2650000000	444.7153601505
1.2700000000	184.9968019483
1.2750000000	85.3968051125
1.2800000000	47.2955452641
1.2850000000	29.7431198639
1.2900000000	20.3868620461
1.2950000000	14.8588017782
1.3000000000	11.3376769607
1.3050000000	8.9669388915
1.3100000000	7.2952266842
1.3150000000	6.0873880155
1.3200000000	5.1920915842
1.3250000000	4.5184521512
1.3300000000	4.0112798162
1.3350000000	3.6367312117
1.3400000000	3.3772767083
1.3450000000	3.2281978215
1.3500000000	3.2115637421
1.3550000000	3.3775577923
1.3600000000	3.8537339888
1.3650000000	4.9645829169
1.3700000000	7.6160375934
1.3750000000	14.2117741630
1.3800000000	23.2197570903
1.3850000000	16.2190449793
1.3900000000	8.2625022768
1.3950000000	4.7921932551
1.4000000000	3.1373529468
1.4050000000	2.1211522549
1.4100000000	1.2028095006
1.4150000000	-0.1651106388
1.4200000000	-3.2254021730
1.4250000000	-11.3326304021
1.4300000000	-15.2392463183
1.4350000000	6.9848513061
1.4400000000	8.9340646028
1.4450000000	5.3568902237
1.4500000000	3.3336532832
1.4550000000	2.2982028571
1.4600000000	1.6969742873
1.4650000000	1.2212143793
1.4700000000	0.7114751676
1.4750000000	0.8378463796
1.4800000000	1.2312481435
1.4850000000	1.1179277759
1.4900000000	0.9896509890
1.4950000000	0.9067033862
1.5000000000	0.8522267440
1.5050000000	0.8162019988
1.5100000000	0.7916840740
1.5150000000	0.7782762636
1.5200000000	0.7683681458
1.5250000000	0.7647266527
1.5300000000	0.7676623768
1.5350000000	0.7785500077
1.5400000000	0.8008368120
1.5450000000	0.8421849468
1.5500000000	0.9198195119
1.5550000000	1.0680728741
1.5600000000	1.2905655559
1.5650000000	1.3262986747
1.5700000000	1.1258111766
1.5750000000	0.9852616266
1.5800000000	0.9248293477
1.5850000000	0.9060725003
1.5900000000	0.9089538528
1.5950000000	0.9247755994
1.6000000000	0.9497526818
1.6050000000	0.9825908417
1.6100000000	1.0223200571
1.6150000000	1.0688031013
1.6200000000	1.1227846253
1.6250000000	1.1849071356
1.6300000000	1.2562218644
1.6350000000	1.3380826727
1.6400000000	1.4322197893
1.6450000000	1.5408425241
1.6500000000	1.6667238707
1.6550000000	1.8133775407
1.6600000000	1.9853558809
1.6650000000	2.1885349908
1.6700000000	2.4286308987
1.6750000000	2.7196607641
1.6800000000	3.0740214761
1.6850000000	3.5112135337
1.6900000000	4.0589252587
1.6950000000	4.7577926476
1.7000000000	5.6689949876
1.7050000000	6.9261242994
1.7100000000	8.6802280256
1.7150000000	11.2301894086
1.7200000000	15.1170171504
1.7250000000	21.2841683585
1.7300000000	30.7609955883
1.7350000000	42.9139123021
1.7400000000	58.2587080119
1.7450000000	85.1894310187
1.7500000000	120.1570863291
1.7550000000	122.0871209815
1.7600000000	85.6535504432
1.7650000000	53.3561094184
1.7700000000	34.2049160097
1.7750000000	23.3147400763
1.7800000000	16.8791836083
1.7850000000	12.9207781309
1.7900000000	10.4665001306
1.7950000000	9.0632099237
1.8000000000	8.4986543083
1.8050000000	8.3217520914
1.8100000000	7.4046729432
1.8150000000	5.7364834744
1.8200000000	4.4037556471
1.8250000000	3.7171735984
1.8300000000	3.2361768725
1.8350000000	2.8085746577
1.8400000000	2.4598981935
1.8450000000	2.1832402145
1.8500000000	1.9603207612
1.8550000000	1.7761985271
1.8600000000	1.6068756099
1.8650000000	1.4637709365
1.8700000000	1.3191999273
1.8750000000	1.1108143044
1.8800000000	0.6356244522
1.8850000000	-0.4061341406
1.8900000000	-1.8074979643
1.8950000000	-2.0481476401
1.9000000000	0.2197991946
1.9050000000	2.3344445950
1.9100000000	2.5811765677
1.9150000000	2.1806418539
1.9200000000	1.7880634049
1.9250000000	1.5094534951
1.9300000000	1.3406700327
1.9350000000	1.2117419485
1.9400000000	1.1258628051
1.9450000000	1.0688881228
1.9500000000	1.0290421988
1.9550000000	0.9959128779
1.9600000000	0.9675206164
1.9650000000	0.9474395306
1.9700000000	0.9367574347
1.9750000000	0.9347541370
1.9800000000	0.9408586525
1.9850000000	0.9552527114
1.9900000000	0.9788766468
1.9950000000	1.0129031710
2.0000000000	1.0564555330
2.0050000000	1.1059321433
2.0100000000	1.1416046067
2.0150000000	1.1656615850
2.0200000000	1.1946787702
2.0250000000	1.2392285856
2.0300000000	1.3024443483
2.0350000000	1.3859221556
2.0400000000	1.4925446638
2.0450000000	1.6272927084
2.0500000000	1.7973084932
2.0550000000	2.0105255510
2.0600000000	2.2707993363
2.0650000000	2.5740634644
2.0700000000	2.9249028181
2.0750000000	3.3624610931
2.0800000000	3.9513516411
2.0850000000	4.7545847172
2.0900000000	5.8087996447
2.0950000000	7.0382194633
2.1000000000	8.1338191456
2.1050000000	8.6642902421
2.1100000000	8.4111894169
2.1150000000	7.8296651272
2.1200000000	7.4180215704
2.1250000000	7.3987278511
2.1300000000	7.8376567298
2.1350000000	8.7869085643
2.1400000000	10.3509690424
2.1450000000	12.7148150145
2.1500000000	16.1375728111
2.1550000000	20.8139682107
2.1600000000	26.3669206850
2.1650000000	31.0343116157
2.1700000000	32.1374252611
2.1750000000	28.7685434501
2.1800000000	23.2259229119
2.1850000000	17.9201407413
2.1900000000	13.7717233116
2.1950000000	10.7745497422
2.2000000000	8.6717246500
2.2050000000	7.2208926627
2.2100000000	6.2136804020
2.2150000000	5.4411484112
2.2200000000	4.7489743550
2.2250000000	4.0906654333
2.2300000000	3.4946366215
2.2350000000	2.9828620347
2.2400000000	2.5493963214
2.2450000000	2.1751010502
2.2500000000	1.8409296984
2.2550000000	1.5362326400
2.2600000000	1.2315183296
2.2650000000	1.0098450521
2.2700000000	0.8894309703
2.2750000000	0.9197458336
2.2800000000	1.0946455262
2.2850000000	1.3173606380
2.2900000000	1.4803780949
2.2950000000	1.5526160223
2.3000000000	1.5608551995
2.3050000000	1.5358948815
2.3100000000	1.5030456074
2.3150000000	1.4739805353
2.3200000000	1.4533133941
2.3250000000	1.4435633313
2.3300000000	1.4467597911
2.3350000000	1.4645869531
2.3400000000	1.4984900853
2.3450000000	1.5499375586
2.3500000000	1.6204873210
2.3550000000	1.7124736344
2.3600000000	1.8243930537
2.3650000000	1.9569446977
2.3700000000	2.1097642322
2.3750000000	2.2845135279
2.3800000000	2.4875006370
2.3850000000	2.7262074532
2.3900000000	3.0022843282
2.3950000000	3.3034309689
2.4000000000	3.5980355954
2.4050000000	3.8518692729
2.4100000000	3.9924746951
2.4150000000	4.0057411901
2.4200000000	3.9260885598
2.4250000000	3.8122012713
2.4300000000	3.7161609441
2.4350000000	3.6694039094
2.4400000000	3.6844768264
2.4450000000	3.7634066200
2.4500000000	3.9064441010
2.4550000000	4.1167666663
2.4600000000	4.4078594796
2.4650000000	4.7935430344
2.4700000000	5.2892183775
2.4750000000	5.9045104649
2.4800000000	6.6345727778
2.4850000000	7.4482631139
2.4900000000	8.2743269115
2.4950000000	8.9945121256
2.5000000000	9.4608306659
2.5050000000	9.5208797054
2.5100000000	9.1137891485
2.5150000000	8.3506876859
2.5200000000	7.4091615865
2.5250000000	6.4452296845
2.5300000000	5.5540006909
2.5350000000	4.7754384076
2.5400000000	4.1154296058
2.5450000000	3.5641860502
2.5500000000	3.1075189590
2.5550000000	2.7326801104
2.5600000000	2.4192481895
2.5650000000	2.1846827066
2.5700000000	2.0161429415
2.5750000000	1.9076205316
2.5800000000	1.8470709909
2.5850000000	1.8180199160
2.5900000000	1.8050061676
2.5950000000	1.7984023341
2.6000000000	1.7951045859
2.6050000000	1.8094806039
2.6100000000	1.8322292948
2.6150000000	1.8668214748
2.6200000000	1.9151007816
2.6250000000	1.9771796800
2.6300000000	2.0513066694
2.6350000000	2.1337655199
2.6400000000	2.2188781525
2.6450000000	2.2994437302
2.6500000000	2.3678357613
2.6550000000	2.4178002599
2.6600000000	2.4464311838
2.6650000000	2.4554329984
2.6700000000	2.4507606996
2.6750000000	2.4411199426
2.6800000000	2.4349469745
2.6850000000	2.4401243560
2.6900000000	2.4621412464
2.6950000000	2.5043712401
2.7000000000	2.5684318622
2.7050000000	2.6643422354
2.7100000000	2.7877920882
2.7150000000	2.9367850544
2.7200000000	3.1071948463
2.7250000000	3.2920162935
2.7300000000	3.4806745344
2.7350000000	3.6589126928
2.7400000000	3.8097701633
2.7450000000	3.9160267980
2.7500000000	3.9638022357
2.7550000000	3.9461031866
2.7600000000	3.8647124584
2.7650000000	3.7295500767
2.7700000000	3.5557953956
2.7750000000	3.3602677134
2.7800000000	3.1583885480
2.7850000000	2.9624972432
2.7900000000	2.7797474281
2.7950000000	2.6179672373
2.8000000000	2.4787771421
2.8050000000	2.3498628886
2.8100000000	2.2482279899
2.8150000000	2.1698713743
2.8200000000	2.1104459853
2.8250000000	2.0659625994
2.8300000000	2.0330298186
2.8350000000	2.0088340392
2.8400000000	1.9909972502
2.8450000000	1.9774999126
2.8500000000	1.9667202754
2.8550000000	1.9575815034
2.8600000000	1.9497190285
2.8650000000	1.9435340819
2.8700000000	1.9400919823
2.8750000000	1.9408580429
2.8800000000	1.9473729589
2.8850000000	1.9609605568
2.8900000000	1.9825234118
2.8950000000	2.0124208233
2.9000000000	2.0504075677
2.9050000000	2.1072282159
2.9100000000	2.1695411818
2.9150000000	2.2331858791
2.9200000000	2.2929043818
2.9250000000	2.3430480973
2.9300000000	2.3783723904
2.9350000000	2.3949557503
2.9400000000	2.3909586412
2.9450000000	2.3669747977
2.9500000000	2.3258092255
2.9550000000	2.2717630098
2.9600000000	2.2097272578
2.9650000000	2.1443348454
2.9700000000	2.0793958022
2.9750000000	2.0176504228
2.9800000000	1.9607855384
2.9850000000	1.9096171635
2.9900000000	1.8643347647
2.9950000000	1.8247394439
3.0000000000	1.7904379225
