# energy (eV)    P(omega), $W$ = 300 nm, $h$ = 300 nm, $s$ = 20 nm, $d/W = 5$, $E_{\rm e}$ = 200 keV
0.2000000000	0.1234098359
0.2050000000	0.1252588940
0.2100000000	0.1269875264
0.2150000000	0.1285996602
0.2200000000	0.1300986509
0.2250000000	0.1314873466
0.2300000000	0.1327679260
0.2350000000	0.1339418332
0.2400000000	0.1350096199
0.2450000000	0.1359708828
0.2500000000	0.1368240424
0.2550000000	0.1375660736
0.2600000000	0.1381924341
0.2650000000	0.1386965246
0.2700000000	0.1390694042
0.2750000000	0.1392992223
0.2800000000	0.1393705940
0.2850000000	0.1392637360
0.2900000000	0.1389533097
0.2950000000	0.1384071605
0.3000000000	0.1375842154
0.3050000000	0.1364321351
0.3100000000	0.1348839123
0.3150000000	0.1425549899
0.3200000000	0.1516653975
0.3250000000	0.1631884342
0.3300000000	0.1786206142
0.3350000000	0.1978296279
0.3400000000	0.2229841504
0.3450000000	0.2534935384
0.3500000000	0.2934042580
0.3550000000	0.3462119758
0.3600000000	0.4151603197
0.3650000000	0.5112789946
0.3700000000	0.6380127904
0.3750000000	0.8142977526
0.3800000000	1.0692470708
0.3850000000	1.4664949459
0.3900000000	2.0940379100
0.3950000000	3.1599605206
0.4000000000	5.1919308547
0.4050000000	9.7474397717
0.4100000000	22.1773721128
0.4150000000	71.1702690339
0.4200000000	45.3462366874
0.4250000000	-85.3478591888
0.4300000000	23.7317148873
0.4350000000	14.7880029685
0.4400000000	9.0394871259
0.4450000000	5.9452057085
0.4500000000	4.1639468581
0.4550000000	3.0677959467
0.4600000000	2.3538936090
0.4650000000	1.8674192308
0.4700000000	1.5235922218
0.4750000000	1.2749311515
0.4800000000	1.0905702070
0.4850000000	0.9518427942
0.4900000000	0.8459470371
0.4950000000	0.7642891274
0.5000000000	0.7009948969
0.5050000000	0.6517546272
0.5100000000	0.6137930633
0.5150000000	0.5850669358
0.5200000000	0.5634410932
0.5250000000	0.5479530382
0.5300000000	0.5375700923
0.5350000000	0.5315368862
0.5400000000	0.5292965087
0.5450000000	0.5303837565
0.5500000000	0.5346511134
0.5550000000	0.5418362599
0.5600000000	0.5518049681
0.5650000000	0.5644968246
0.5700000000	0.5798566984
0.5750000000	0.5979918268
0.5800000000	0.6190765829
0.5850000000	0.6432246268
0.5900000000	0.6706565237
0.5950000000	0.7016498401
0.6000000000	0.7365581418
0.6050000000	0.7758941170
0.6100000000	0.8201467349
0.6150000000	0.8699841880
0.6200000000	0.9262978309
0.6250000000	0.9899422234
0.6300000000	1.0621805569
0.6350000000	1.1445872183
0.6400000000	1.2388002851
0.6450000000	1.3471843772
0.6500000000	1.4728484739
0.6550000000	1.6190288497
0.6600000000	1.7906997204
0.6650000000	1.9942432864
0.6700000000	2.2371628788
0.6750000000	2.5309003299
0.6800000000	2.8908428517
0.6850000000	3.3371469939
0.6900000000	3.9010318101
0.6950000000	4.6261591988
0.7000000000	5.5818863226
0.7050000000	6.8742413701
0.7100000000	8.6828756447
0.7150000000	11.3275880425
0.7200000000	15.4037432081
0.7250000000	22.1698478996
0.7300000000	34.5890284814
0.7350000000	61.1623067522
0.7400000000	134.0397881455
0.7450000000	444.6690894113
0.7500000000	1377.5704586852
0.7550000000	346.5535511714
0.7600000000	114.7691588093
0.7650000000	54.9901954378
0.7700000000	31.9799559692
0.7750000000	20.8721714883
0.7800000000	14.6884554978
0.7850000000	10.9089969445
0.7900000000	8.4279929230
0.7950000000	6.7169096989
0.8000000000	5.4868813644
0.8050000000	4.5707896209
0.8100000000	3.8722224801
0.8150000000	3.3184608657
0.8200000000	2.8814188052
0.8250000000	2.5295195907
0.8300000000	2.2412603610
0.8350000000	2.0042589999
0.8400000000	1.8055837281
0.8450000000	1.6388699960
0.8500000000	1.4979492078
0.8550000000	1.3763410341
0.8600000000	1.2725283508
0.8650000000	1.1838547963
0.8700000000	1.1055047340
0.8750000000	1.0388566014
0.8800000000	0.9823039152
0.8850000000	0.9316013681
0.8900000000	0.8909285781
0.8950000000	0.8539288710
0.9000000000	0.8246044563
0.9050000000	0.8044079034
0.9100000000	0.7858995961
0.9150000000	0.7746720383
0.9200000000	0.7733188867
0.9250000000	0.7723149836
0.9300000000	0.7609846703
0.9350000000	0.7269897018
0.9400000000	0.5376145525
0.9450000000	-0.3231393670
0.9500000000	-4.8656609463
0.9550000000	-27.9059243973
0.9600000000	6.5848014840
0.9650000000	11.5670744303
0.9700000000	5.1304179673
0.9750000000	2.6933451845
0.9800000000	1.6879594357
0.9850000000	1.2177388598
0.9900000000	0.9468087213
0.9950000000	0.7825234576
1.0000000000	0.6776268912
1.0050000000	0.6111248351
1.0100000000	0.5595694490
1.0150000000	0.5219049616
1.0200000000	0.4965357482
1.0250000000	0.4752421303
1.0300000000	0.4590657418
1.0350000000	0.4468284741
1.0400000000	0.4390485154
1.0450000000	0.4325795728
1.0500000000	0.4283124605
1.0550000000	0.4259944864
1.0600000000	0.4261966204
1.0650000000	0.4273296477
1.0700000000	0.4300414955
1.0750000000	0.4343434126
1.0800000000	0.4406605792
1.0850000000	0.4486773714
1.0900000000	0.4605031375
1.0950000000	0.4745468599
1.1000000000	0.4912797012
1.1050000000	0.5105648945
1.1100000000	0.5330115345
1.1150000000	0.5591243525
1.1200000000	0.5895016331
1.1250000000	0.6249255932
1.1300000000	0.6664437900
1.1350000000	0.7153604036
1.1400000000	0.7731605233
1.1450000000	0.8425558157
1.1500000000	0.9264944410
1.1550000000	1.0292387462
1.1600000000	1.1568021039
1.1650000000	1.3169870752
1.1700000000	1.5244106893
1.1750000000	1.7984767241
1.1800000000	2.1712632029
1.1850000000	2.6954978930
1.1900000000	3.4705543913
1.1950000000	4.6872383477
1.2000000000	6.7509073337
1.2050000000	10.6506930913
1.2100000000	19.2294314083
1.2150000000	42.4176337362
1.2200000000	104.1012925864
1.2250000000	93.5282346462
1.2300000000	37.3076042102
1.2350000000	17.4976611317
1.2400000000	9.9941440555
1.2450000000	6.5489008275
1.2500000000	4.7313833861
1.2550000000	3.6824431296
1.2600000000	3.0441418315
1.2650000000	2.6443065079
1.2700000000	2.4058733513
1.2750000000	2.2788764195
1.2800000000	2.2395293434
1.2850000000	2.2774425088
1.2900000000	2.3917749545
1.2950000000	2.5884720492
1.3000000000	2.8918216506
1.3050000000	3.3329707895
1.3100000000	3.9699918755
1.3150000000	4.9033646819
1.3200000000	6.3137265767
1.3250000000	8.5453690099
1.3300000000	12.3523321988
1.3350000000	19.4828511848
1.3400000000	34.7228540571
1.3450000000	72.5564231463
1.3500000000	153.9819684254
1.3550000000	143.6102838884
1.3600000000	66.2255844156
1.3650000000	32.5390638795
1.3700000000	18.6607958189
1.3750000000	12.0006058578
1.3800000000	8.3691094940
1.3850000000	6.1815349824
1.3900000000	4.7716161255
1.3950000000	3.8096723991
1.4000000000	3.1254231749
1.4050000000	2.6228603355
1.4100000000	2.2438359206
1.4150000000	1.9536133475
1.4200000000	1.7276876681
1.4250000000	1.5595508583
1.4300000000	1.4525401562
1.4350000000	1.3817274151
1.4400000000	0.9496619725
1.4450000000	-0.2470626760
1.4500000000	-2.3296492729
1.4550000000	-0.7786091512
1.4600000000	2.3688539064
1.4650000000	1.3724832982
1.4700000000	-0.8748110114
1.4750000000	-4.4295959500
1.4800000000	-1.9541681052
1.4850000000	3.3488574727
1.4900000000	2.7110013066
1.4950000000	1.7589327106
1.5000000000	1.2384193129
1.5050000000	0.9566370163
1.5100000000	0.7953373012
1.5150000000	0.6964414494
1.5200000000	0.6316669779
1.5250000000	0.5905553842
1.5300000000	0.5581595407
1.5350000000	0.5346285977
1.5400000000	0.5175858726
1.5450000000	0.5056143511
1.5500000000	0.4977349516
1.5550000000	0.4935402219
1.5600000000	0.4938760023
1.5650000000	0.4970398799
1.5700000000	0.5048550561
1.5750000000	0.5187574896
1.5800000000	0.5416060143
1.5850000000	0.5790295953
1.5900000000	0.6429359252
1.5950000000	0.7596485676
1.6000000000	0.9846402766
1.6050000000	1.3538922380
1.6100000000	1.5260068036
1.6150000000	1.2146693616
1.6200000000	0.9260151354
1.6250000000	0.7792808546
1.6300000000	0.7119193037
1.6350000000	0.6841328246
1.6400000000	0.6778951807
1.6450000000	0.6849607538
1.6500000000	0.7013159660
1.6550000000	0.7253106597
1.6600000000	0.7561040441
1.6650000000	0.7935811372
1.6700000000	0.8380517256
1.6750000000	0.8901562130
1.6800000000	0.9508320187
1.6850000000	1.0213306091
1.6900000000	1.1031069558
1.6950000000	1.1970055413
1.7000000000	1.3050963113
1.7050000000	1.4301598312
1.7100000000	1.5817390702
1.7150000000	1.8364968917
1.7200000000	2.2212861488
1.7250000000	2.6372666734
1.7300000000	3.1319101838
1.7350000000	3.6670679461
1.7400000000	4.1610713817
1.7450000000	4.7836499283
1.7500000000	5.7380648859
1.7550000000	7.1696063357
1.7600000000	9.3173939098
1.7650000000	12.6308919433
1.7700000000	17.9685682588
1.7750000000	26.9587697625
1.7800000000	42.2706197463
1.7850000000	64.8342832385
1.7900000000	80.5180887888
1.7950000000	68.5079595199
1.8000000000	45.5499763094
1.8050000000	28.7323755402
1.8100000000	18.9176019276
1.8150000000	13.1663517646
1.8200000000	9.6272239782
1.8250000000	7.3323916648
1.8300000000	5.7734312899
1.8350000000	4.6718661447
1.8400000000	3.8678599257
1.8450000000	3.2643314994
1.8500000000	2.8000345965
1.8550000000	2.4365690256
1.8600000000	2.1469253815
1.8650000000	1.9125385986
1.8700000000	1.7198812839
1.8750000000	1.5585774909
1.8800000000	1.4197957615
1.8850000000	1.2949261851
1.8900000000	1.1733132398
1.8950000000	1.0388156334
1.9000000000	0.8640829859
1.9050000000	0.5598619089
1.9100000000	0.1229967649
1.9150000000	-0.2975260439
1.9200000000	0.2109322015
1.9250000000	2.2441235094
1.9300000000	3.8683045048
1.9350000000	3.9046309318
1.9400000000	3.1344383323
1.9450000000	2.3755881089
1.9500000000	1.8377364125
1.9550000000	1.4819702423
1.9600000000	1.2448908986
1.9650000000	1.0869164670
1.9700000000	0.9706255366
1.9750000000	0.8853512841
1.9800000000	0.8206292088
1.9850000000	0.7689549164
1.9900000000	0.7247423728
1.9950000000	0.6832564912
2.0000000000	0.6436460895
2.0050000000	0.6200942686
2.0100000000	0.6359282384
2.0150000000	0.6772191320
2.0200000000	0.7051200044
2.0250000000	0.7172520717
2.0300000000	0.7265070981
2.0350000000	0.7388499545
2.0400000000	0.7571824338
2.0450000000	0.7827366457
2.0500000000	0.8167653710
2.0550000000	0.8605143960
2.0600000000	0.9140547706
2.0650000000	0.9731117276
2.0700000000	1.0270447176
2.0750000000	1.0675439385
2.0800000000	1.1007864028
2.0850000000	1.1401964388
2.0900000000	1.1943123119
2.0950000000	1.2660927441
2.1000000000	1.3578022376
2.1050000000	1.4680570270
2.1100000000	1.6045390154
2.1150000000	1.7727538627
2.1200000000	1.9806206397
2.1250000000	2.2393760142
2.1300000000	2.5649417192
2.1350000000	2.9800982562
2.1400000000	3.5177472042
2.1450000000	4.2259806083
2.1500000000	5.1748319314
2.1550000000	6.4633559216
2.1600000000	8.2182864146
2.1650000000	10.5470232806
2.1700000000	13.4086225942
2.1750000000	16.2620763165
2.1800000000	18.0540546605
2.1850000000	18.2219398632
2.1900000000	17.5414921950
2.1950000000	17.0587468707
2.2000000000	16.8900649185
2.2050000000	16.0963825305
2.2100000000	14.2758864366
2.2150000000	11.9852890537
2.2200000000	9.9018558622
2.2250000000	8.2136708327
2.2300000000	6.8277964443
2.2350000000	5.6679878526
2.2400000000	4.7157241980
2.2450000000	3.9638047689
2.2500000000	3.3811063076
2.2550000000	2.9301270801
2.2600000000	2.5761551331
2.2650000000	2.2879037398
2.2700000000	2.0357592823
2.2750000000	1.7946978722
2.2800000000	1.5589116127
2.2850000000	1.3571896066
2.2900000000	1.2385632798
2.2950000000	1.2250073652
2.3000000000	1.2786651746
2.3050000000	1.3352064848
2.3100000000	1.3551934700
2.3150000000	1.3398679235
2.3200000000	1.3062822816
2.3250000000	1.2719624601
2.3300000000	1.2462126929
2.3350000000	1.2317497597
2.3400000000	1.2265310186
2.3450000000	1.2246126258
2.3500000000	1.2183382997
2.3550000000	1.2028170100
2.3600000000	1.1794019059
2.3650000000	1.1540589094
2.3700000000	1.1328516342
2.3750000000	1.1191500349
2.3800000000	1.1134944867
2.3850000000	1.1145299362
2.3900000000	1.1205257364
2.3950000000	1.1298236575
2.4000000000	1.1432497241
2.4050000000	1.1643097245
2.4100000000	1.1944945630
2.4150000000	1.2358619485
2.4200000000	1.2898304186
2.4250000000	1.3579208499
2.4300000000	1.4419993255
2.4350000000	1.5444581658
2.4400000000	1.6683763452
2.4450000000	1.8177019814
2.4500000000	1.9974390198
2.4550000000	2.2139008320
2.4600000000	2.4748511409
2.4650000000	2.7896487914
2.4700000000	3.1690641256
2.4750000000	3.6239566454
2.4800000000	4.1657875642
2.4850000000	4.7993180629
2.4900000000	5.5186144938
2.4950000000	6.2974397266
2.5000000000	7.0791463083
2.5050000000	7.8036583383
2.5100000000	8.2787115027
2.5150000000	8.3964568293
2.5200000000	8.1388691166
2.5250000000	7.5858379065
2.5300000000	6.8643010644
2.5350000000	6.0894137551
2.5400000000	5.3371697937
2.5450000000	4.6472235550
2.5500000000	4.0355421364
2.5550000000	3.5048674024
2.5600000000	3.0476294131
2.5650000000	2.6621639633
2.5700000000	2.3402870921
2.5750000000	2.0770537913
2.5800000000	1.8686835749
2.5850000000	1.7107154176
2.5900000000	1.5953488464
2.5950000000	1.5113880881
2.6000000000	1.4471302602
2.6050000000	1.4012795369
2.6100000000	1.3606282158
2.6150000000	1.3246309683
2.6200000000	1.2941328378
2.6250000000	1.2700000034
2.6300000000	1.2527878803
2.6350000000	1.2427624784
2.6400000000	1.2400641291
2.6450000000	1.2448352422
2.6500000000	1.2573684521
2.6550000000	1.2777292554
2.6600000000	1.3063646262
2.6650000000	1.3436996815
2.6700000000	1.3902353544
2.6750000000	1.4465572063
2.6800000000	1.5132912129
2.6850000000	1.5910785108
2.6900000000	1.6804861941
2.6950000000	1.7819483944
2.7000000000	1.8956250909
2.7050000000	2.0348177292
2.7100000000	2.1889446378
2.7150000000	2.3561255335
2.7200000000	2.5332005788
2.7250000000	2.7156758856
2.7300000000	2.8977337122
2.7350000000	3.0722524524
2.7400000000	3.2307597832
2.7450000000	3.3648009489
2.7500000000	3.4618214875
2.7550000000	3.5135110096
2.7600000000	3.5135935475
2.7650000000	3.4606868735
2.7700000000	3.3590054304
2.7750000000	3.2176492651
2.7800000000	3.0486287302
2.7850000000	2.8647181570
2.7900000000	2.6773618056
2.7950000000	2.4957325677
2.8000000000	2.3263208870
2.8050000000	2.1542429661
2.8100000000	2.0061128328
2.8150000000	1.8815987611
2.8200000000	1.7787554554
2.8250000000	1.6949967898
2.8300000000	1.6277143805
2.8350000000	1.5746877794
2.8400000000	1.5335552468
2.8450000000	1.5044601661
2.8500000000	1.4856677176
2.8550000000	1.4765217458
2.8600000000	1.4765385506
2.8650000000	1.4853079045
2.8700000000	1.5024296388
2.8750000000	1.5274467541
2.8800000000	1.5598014768
2.8850000000	1.5987866190
2.8900000000	1.6435578109
2.8950000000	1.6931151057
2.9000000000	1.7463577327
2.9050000000	1.8136879378
2.9100000000	1.8809805436
2.9150000000	1.9458327345
2.9200000000	2.0054855050
2.9250000000	2.0567553410
2.9300000000	2.0966764293
2.9350000000	2.1210899831
2.9400000000	2.1280137651
2.9450000000	2.1164793908
2.9500000000	2.0872780818
2.9550000000	2.0428931844
2.9600000000	1.9870185091
2.9650000000	1.9239069416
2.9700000000	1.8577179076
2.9750000000	1.7920381886
2.9800000000	1.7296413131
2.9850000000	1.6724440390
2.9900000000	1.6216272703
2.9950000000	1.5777638908
3.0000000000	1.5410198972
