# energy (eV)    P(omega), $W$ = 300 nm, $h$ = 300 nm, $s$ = 20 nm, $d/W = 5$, $E_{\rm e}$ = 200 keV
0.2000000000	0.0703178661
0.2050000000	0.0713279486
0.2100000000	0.0722774293
0.2150000000	0.0731682028
0.2200000000	0.0740019022
0.2250000000	0.0747798777
0.2300000000	0.0755031208
0.2350000000	0.0761722508
0.2400000000	0.0767874440
0.2450000000	0.0773482823
0.2500000000	0.0778538378
0.2550000000	0.0783023283
0.2600000000	0.0786911498
0.2650000000	0.0790166725
0.2700000000	0.0792739213
0.2750000000	0.0794563830
0.2800000000	0.0795556158
0.2850000000	0.0795608258
0.2900000000	0.0794581455
0.2950000000	0.0792300890
0.3000000000	0.0788541390
0.3050000000	0.0783018486
0.3100000000	0.0775366974
0.3150000000	0.0817134832
0.3200000000	0.0866747135
0.3250000000	0.0929462665
0.3300000000	0.1013386340
0.3350000000	0.1117884036
0.3400000000	0.1254739685
0.3450000000	0.1420879648
0.3500000000	0.1638310840
0.3550000000	0.1926156829
0.3600000000	0.2302278384
0.3650000000	0.2826880184
0.3700000000	0.3519286402
0.3750000000	0.4483185542
0.3800000000	0.5878263362
0.3850000000	0.8053400010
0.3900000000	1.1492252310
0.3950000000	1.7337855116
0.4000000000	2.8489166928
0.4050000000	5.3506887522
0.4100000000	12.1820057780
0.4150000000	39.1277531011
0.4200000000	24.9057721720
0.4250000000	-47.0147550143
0.4300000000	13.1015783459
0.4350000000	8.1748744663
0.4400000000	5.0048988561
0.4450000000	3.2973383746
0.4500000000	2.3136919239
0.4550000000	1.7079954489
0.4600000000	1.3132830700
0.4650000000	1.0441703641
0.4700000000	0.8538790551
0.4750000000	0.7162116807
0.4800000000	0.6141210303
0.4850000000	0.5372996903
0.4900000000	0.4786734910
0.4950000000	0.4334914470
0.5000000000	0.3985070751
0.5050000000	0.3713356058
0.5100000000	0.3504445736
0.5150000000	0.3347063617
0.5200000000	0.3229353169
0.5250000000	0.3146033814
0.5300000000	0.3091390604
0.5350000000	0.3061255639
0.5400000000	0.3052561323
0.5450000000	0.3062746645
0.5500000000	0.3091048916
0.5550000000	0.3136039606
0.5600000000	0.3197022826
0.5650000000	0.3273704749
0.5700000000	0.3365836777
0.5750000000	0.3474078223
0.5800000000	0.3599500788
0.5850000000	0.3742808694
0.5900000000	0.3905341707
0.5950000000	0.4088761235
0.6000000000	0.4295180948
0.6050000000	0.4527630579
0.6100000000	0.4789028715
0.6150000000	0.5083336326
0.6200000000	0.5415840407
0.6250000000	0.5791603032
0.6300000000	0.6218106158
0.6350000000	0.6704675613
0.6400000000	0.7261018936
0.6450000000	0.7901141371
0.6500000000	0.8643463401
0.6550000000	0.9507164422
0.6600000000	1.0521710778
0.6650000000	1.1724941229
0.6700000000	1.3161340434
0.6750000000	1.4898716762
0.6800000000	1.7028367538
0.6850000000	1.9669804021
0.6900000000	2.3008279344
0.6950000000	2.7302799990
0.7000000000	3.2965040298
0.7050000000	4.0624323828
0.7100000000	5.1347295742
0.7150000000	6.7032946357
0.7200000000	9.1217381040
0.7250000000	13.1376860096
0.7300000000	20.5117973790
0.7350000000	36.2963325840
0.7400000000	79.6031760422
0.7450000000	264.2752104242
0.7500000000	819.3331214931
0.7550000000	206.2762116382
0.7600000000	68.3661033628
0.7650000000	32.7825043151
0.7700000000	19.0801180342
0.7750000000	12.4629680254
0.7800000000	8.7777909409
0.7850000000	6.5245967754
0.7900000000	5.0449637336
0.7950000000	4.0241260650
0.8000000000	3.2900318487
0.8050000000	2.7431100586
0.8100000000	2.3259089880
0.8150000000	1.9950567390
0.8200000000	1.7338572414
0.8250000000	1.5234833059
0.8300000000	1.3510963754
0.8350000000	1.2093313746
0.8400000000	1.0904630737
0.8450000000	0.9906954665
0.8500000000	0.9063560929
0.8550000000	0.8335543553
0.8600000000	0.7714048137
0.8650000000	0.7183310813
0.8700000000	0.6714219111
0.8750000000	0.6315398522
0.8800000000	0.5977296951
0.8850000000	0.5674138287
0.8900000000	0.5431599233
0.8950000000	0.5210937144
0.9000000000	0.5036759707
0.9050000000	0.4918137212
0.9100000000	0.4809496529
0.9150000000	0.4745229428
0.9200000000	0.4741424187
0.9250000000	0.4739425864
0.9300000000	0.4673159600
0.9350000000	0.4465656910
0.9400000000	0.3294269026
0.9450000000	-0.2043611954
0.9500000000	-3.0241961763
0.9550000000	-17.3371038810
0.9600000000	4.0950125357
0.9650000000	7.1974444791
0.9700000000	3.1944965659
0.9750000000	1.6777931912
0.9800000000	1.0517490899
0.9850000000	0.7588652539
0.9900000000	0.5900260373
0.9950000000	0.4876116693
1.0000000000	0.4222076245
1.0050000000	0.3807608918
1.0100000000	0.3485932861
1.0150000000	0.3250790383
1.0200000000	0.3092479862
1.0250000000	0.2959254171
1.0300000000	0.2857819673
1.0350000000	0.2780809619
1.0400000000	0.2731619859
1.0450000000	0.2690261854
1.0500000000	0.2662428798
1.0550000000	0.2646526837
1.0600000000	0.2646232902
1.0650000000	0.2651315768
1.0700000000	0.2665906458
1.0750000000	0.2690053384
1.0800000000	0.2726464257
1.0850000000	0.2772753792
1.0900000000	0.2841751618
1.0950000000	0.2923804849
1.1000000000	0.3021794097
1.1050000000	0.3134460497
1.1100000000	0.3265484269
1.1150000000	0.3417769074
1.1200000000	0.3594877974
1.1250000000	0.3800876756
1.1300000000	0.4041911005
1.1350000000	0.4325402063
1.1400000000	0.4659940301
1.1450000000	0.5060580137
1.1500000000	0.5544211900
1.1550000000	0.6135008958
1.1600000000	0.6867070077
1.1650000000	0.7784771123
1.1700000000	0.8970573733
1.1750000000	1.0534531426
1.1800000000	1.2658318944
1.1850000000	1.5640387356
1.1900000000	2.0044053819
1.1950000000	2.6949004277
1.2000000000	3.8651403062
1.2050000000	6.0754458995
1.2100000000	10.9365287510
1.2150000000	24.0776507708
1.2200000000	59.0526067080
1.2250000000	53.1074498339
1.2300000000	21.2471932609
1.2350000000	10.0178544936
1.2400000000	5.7666398474
1.2450000000	3.8183977388
1.2500000000	2.7948540768
1.2550000000	2.2089138282
1.2600000000	1.8577890760
1.2650000000	1.6440827119
1.2700000000	1.5247588261
1.2750000000	1.4720526820
1.2800000000	1.4734106131
1.2850000000	1.5242318286
1.2900000000	1.6259000526
1.2950000000	1.7842088008
1.3000000000	2.0173511155
1.3050000000	2.3490110392
1.3100000000	2.8220248420
1.3150000000	3.5101951626
1.3200000000	4.5456557970
1.3250000000	6.1807398743
1.3300000000	8.9661965578
1.3350000000	14.1807809630
1.3400000000	25.3250567477
1.3450000000	52.9970281656
1.3500000000	112.5844485803
1.3550000000	105.0694441091
1.3600000000	48.4710297928
1.3650000000	23.8191066250
1.3700000000	13.6599547341
1.3750000000	8.7837561727
1.3800000000	6.1248895719
1.3850000000	4.5234824265
1.3900000000	3.4919002630
1.3950000000	2.7885411758
1.4000000000	2.2890764609
1.4050000000	1.9233419008
1.4100000000	1.6492634868
1.4150000000	1.4424567890
1.4200000000	1.2869467900
1.4250000000	1.1828079197
1.4300000000	1.1447202195
1.4350000000	1.1660499543
1.4400000000	0.8982361722
1.4450000000	0.0778144155
1.4500000000	-1.2540089397
1.4550000000	-0.3514711577
1.4600000000	1.5189743533
1.4650000000	0.8222678417
1.4700000000	-0.7769503699
1.4750000000	-3.3996960662
1.4800000000	-1.5131063881
1.4850000000	2.4867680100
1.4900000000	2.0157864511
1.4950000000	1.3047545323
1.5000000000	0.9167390884
1.5050000000	0.7078076465
1.5100000000	0.5887233512
1.5150000000	0.5164040608
1.5200000000	0.4696875169
1.5250000000	0.4406614900
1.5300000000	0.4184894912
1.5350000000	0.4032070605
1.5400000000	0.3931411990
1.5450000000	0.3873943447
1.5500000000	0.3853870239
1.5550000000	0.3871341631
1.5600000000	0.3936682738
1.5650000000	0.4044598612
1.5700000000	0.4219321839
1.5750000000	0.4490414581
1.5800000000	0.4913383360
1.5850000000	0.5596274624
1.5900000000	0.6766725843
1.5950000000	0.8928482344
1.6000000000	1.3145606905
1.6050000000	2.0118498326
1.6100000000	2.3347872600
1.6150000000	1.7294046481
1.6200000000	1.1614833848
1.6250000000	0.8616968556
1.6300000000	0.7111712650
1.6350000000	0.6336727282
1.6400000000	0.5943885521
1.6450000000	0.5771384605
1.6500000000	0.5738197977
1.6550000000	0.5806368259
1.6600000000	0.5953240675
1.6650000000	0.6168468865
1.6700000000	0.6448117462
1.6750000000	0.6792206561
1.6800000000	0.7203809341
1.6850000000	0.7687694221
1.6900000000	0.8248074331
1.6950000000	0.8876974347
1.7000000000	0.9563812863
1.7050000000	1.0267601463
1.7100000000	1.1070619499
1.7150000000	1.3067153662
1.7200000000	1.6570478680
1.7250000000	1.9779872398
1.7300000000	2.3223825565
1.7350000000	2.7008092751
1.7400000000	3.0721607158
1.7450000000	3.5491490463
1.7500000000	4.2704638556
1.7550000000	5.3440576571
1.7600000000	6.9503483807
1.7650000000	9.4264572290
1.7700000000	13.4150342583
1.7750000000	20.1347519458
1.7800000000	31.5850252852
1.7850000000	48.4715201638
1.7900000000	60.2371582607
1.7950000000	51.2931629655
1.8000000000	34.1370767105
1.8050000000	21.5583776627
1.8100000000	14.2139778660
1.8150000000	9.9091343753
1.8200000000	7.2598746615
1.8250000000	5.5423511619
1.8300000000	4.3762129557
1.8350000000	3.5531051496
1.8400000000	2.9534337441
1.8450000000	2.5046507522
1.8500000000	2.1610349893
1.8550000000	1.8939776425
1.8600000000	1.6835216446
1.8650000000	1.5161039833
1.8700000000	1.3820785787
1.8750000000	1.2743640407
1.8800000000	1.1873437238
1.8850000000	1.1160552288
1.8900000000	1.0547809739
1.8950000000	0.9949891769
1.9000000000	0.9219467867
1.9050000000	0.7836529629
1.9100000000	0.5933381004
1.9150000000	0.4926796932
1.9200000000	1.2041071548
1.9250000000	3.1699240732
1.9300000000	4.7289422886
1.9350000000	4.6561329786
1.9400000000	3.6621283556
1.9450000000	2.6984213855
1.9500000000	2.0217923303
1.9550000000	1.5784463662
1.9600000000	1.2854709366
1.9650000000	1.0893771657
1.9700000000	0.9478146248
1.9750000000	0.8440439518
1.9800000000	0.7648190201
1.9850000000	0.7005294051
1.9900000000	0.6438211599
1.9950000000	0.5882760357
2.0000000000	0.5329584346
2.0050000000	0.4976168843
2.0100000000	0.5178646408
2.0150000000	0.5736433889
2.0200000000	0.6080353998
2.0250000000	0.6171698695
2.0300000000	0.6192244100
2.0350000000	0.6229633271
2.0400000000	0.6316427187
2.0450000000	0.6460923402
2.0500000000	0.6668501745
2.0550000000	0.6944046700
2.0600000000	0.7287561783
2.0650000000	0.7678250188
2.0700000000	0.8064536604
2.0750000000	0.8407773182
2.0800000000	0.8742072707
2.0850000000	0.9137976693
2.0900000000	0.9642775029
2.0950000000	1.0276387764
2.1000000000	1.1060251511
2.1050000000	1.1987273367
2.1100000000	1.3122605633
2.1150000000	1.4513876848
2.1200000000	1.6227879544
2.1250000000	1.8358299796
2.1300000000	2.1037197038
2.1350000000	2.4453111012
2.1400000000	2.8878287022
2.1450000000	3.4710749461
2.1500000000	4.2530434596
2.1550000000	5.3158110955
2.1600000000	6.7644233652
2.1650000000	8.6878409578
2.1700000000	11.0504761864
2.1750000000	13.3994279809
2.1800000000	14.8507786662
2.1850000000	14.9261762293
2.1900000000	14.2662559238
2.1950000000	13.7527152910
2.2000000000	13.5249743146
2.2050000000	12.8924237766
2.2100000000	11.5495037450
2.2150000000	9.8983929482
2.2200000000	8.4161779772
2.2250000000	7.1911786879
2.2300000000	6.1124975849
2.2350000000	5.1372068432
2.2400000000	4.2994714448
2.2450000000	3.6291746176
2.2500000000	3.1153364066
2.2550000000	2.7293395962
2.2600000000	2.4403321044
2.2650000000	2.2173963748
2.2700000000	2.0271087089
2.2750000000	1.8365379503
2.2800000000	1.6313598076
2.2850000000	1.4361127235
2.2900000000	1.3011826130
2.2950000000	1.2550923293
2.3000000000	1.2715627719
2.3050000000	1.2967153218
2.3100000000	1.2988270193
2.3150000000	1.2781551034
2.3200000000	1.2484317353
2.3250000000	1.2238406899
2.3300000000	1.2116392977
2.3350000000	1.2130738513
2.3400000000	1.2240783062
2.3450000000	1.2354507245
2.3500000000	1.2356041396
2.3550000000	1.2171461499
2.3600000000	1.1821688461
2.3650000000	1.1398141752
2.3700000000	1.0995054114
2.3750000000	1.0668706624
2.3800000000	1.0437382843
2.3850000000	1.0295913421
2.3900000000	1.0232508643
2.3950000000	1.0233510881
2.4000000000	1.0302639161
2.4050000000	1.0462659487
2.4100000000	1.0721200579
2.4150000000	1.1088823872
2.4200000000	1.1571876611
2.4250000000	1.2181470834
2.4300000000	1.2933813931
2.4350000000	1.3850647571
2.4400000000	1.4960027565
2.4450000000	1.6297776559
2.4500000000	1.7909090029
2.4550000000	1.9850774549
2.4600000000	2.2192624138
2.4650000000	2.5018377543
2.4700000000	2.8424074128
2.4750000000	3.2505914732
2.4800000000	3.7363251336
2.4850000000	4.3035411828
2.4900000000	4.9466953179
2.4950000000	5.6427717361
2.5000000000	6.3430965863
2.5050000000	6.9982227777
2.5100000000	7.4408131306
2.5150000000	7.5743513783
2.5200000000	7.3758336480
2.5250000000	6.9065395268
2.5300000000	6.2732328999
2.5350000000	5.5788867183
2.5400000000	4.8962519974
2.5450000000	4.2664349040
2.5500000000	3.7077152783
2.5550000000	3.2242547307
2.5600000000	2.8094061205
2.5650000000	2.4606239192
2.5700000000	2.1696961718
2.5750000000	1.9314820625
2.5800000000	1.7421416251
2.5850000000	1.5975007926
2.5900000000	1.4906946079
2.5950000000	1.4120716975
2.6000000000	1.3515829316
2.6050000000	1.3085945540
2.6100000000	1.2713726052
2.6150000000	1.2393270441
2.6200000000	1.2130909060
2.6250000000	1.1933655735
2.6300000000	1.1806194161
2.6350000000	1.1750914200
2.6400000000	1.1769204081
2.6450000000	1.1862355277
2.6500000000	1.2032895970
2.6550000000	1.2281534455
2.6600000000	1.2612086170
2.6650000000	1.3028405640
2.6700000000	1.3535227921
2.6750000000	1.4138290829
2.6800000000	1.4843953901
2.6850000000	1.5658722399
2.6900000000	1.6587924521
2.6950000000	1.7634649880
2.7000000000	1.8797837256
2.7050000000	2.0209778934
2.7100000000	2.1750708670
2.7150000000	2.3390615988
2.7200000000	2.5085854220
2.7250000000	2.6781594361
2.7300000000	2.8415972903
2.7350000000	2.9923658574
2.7400000000	3.1236711450
2.7450000000	3.2294828467
2.7500000000	3.3004465739
2.7550000000	3.3308996733
2.7600000000	3.3165453719
2.7650000000	3.2568842419
2.7700000000	3.1559143498
2.7750000000	3.0216458086
2.7800000000	2.8645192039
2.7850000000	2.6956105606
2.7900000000	2.5248578004
2.7950000000	2.3602302227
2.8000000000	2.2073629049
2.8050000000	2.0526972688
2.8100000000	1.9203241084
2.8150000000	1.8098883770
2.8200000000	1.7196123462
2.8250000000	1.6471529945
2.8300000000	1.5901501158
2.8350000000	1.5465837889
2.8400000000	1.5143276644
2.8450000000	1.4934557422
2.8500000000	1.4824227121
2.8550000000	1.4806397563
2.8600000000	1.4876671853
2.8650000000	1.5031088845
2.8700000000	1.5265217358
2.8750000000	1.5573435247
2.8800000000	1.5948371933
2.8850000000	1.6380441830
2.8900000000	1.6858122362
2.8950000000	1.7368381961
2.9000000000	1.7897516615
2.9050000000	1.8533358943
2.9100000000	1.9143321836
2.9150000000	1.9708220038
2.9200000000	2.0207919335
2.9250000000	2.0619575083
2.9300000000	2.0922152083
2.9350000000	2.1082935862
2.9400000000	2.1087807276
2.9450000000	2.0930752284
2.9500000000	2.0620832162
2.9550000000	2.0181600771
2.9600000000	1.9647055063
2.9650000000	1.9055716301
2.9700000000	1.8444834026
2.9750000000	1.7846241775
2.9800000000	1.7284331463
2.9850000000	1.6775744936
2.9900000000	1.6330491625
2.9950000000	1.5953270003
3.0000000000	1.5645068525
