# energy (eV)    P(omega), $W$ = 300 nm, $h$ = 300 nm, $s$ = 20 nm, $d/W = 5$, $E_{\rm e}$ = 200 keV
0.2000000000	0.4641204993
0.2050000000	0.4710905280
0.2100000000	0.4776038659
0.2150000000	0.4836753579
0.2200000000	0.4893178302
0.2250000000	0.4945421384
0.2300000000	0.4993565310
0.2350000000	0.5037665652
0.2400000000	0.5077744508
0.2450000000	0.5113786687
0.2500000000	0.5145734376
0.2550000000	0.5173473306
0.2600000000	0.5196832387
0.2650000000	0.5215563969
0.2700000000	0.5229331055
0.2750000000	0.5237687253
0.2800000000	0.5240053047
0.2850000000	0.5235682697
0.2900000000	0.5223620726
0.2950000000	0.5202654860
0.3000000000	0.5171236667
0.3050000000	0.5127393135
0.3100000000	0.5068598601
0.3150000000	0.5357835982
0.3200000000	0.5701339130
0.3250000000	0.6135829318
0.3300000000	0.6717756446
0.3350000000	0.7442082237
0.3400000000	0.8390598593
0.3450000000	0.9540950592
0.3500000000	1.1045729228
0.3550000000	1.3036683363
0.3600000000	1.5636027825
0.3650000000	1.9259541748
0.3700000000	2.4036824209
0.3750000000	3.0681554302
0.3800000000	4.0290839269
0.3850000000	5.5262744834
0.3900000000	7.8912838278
0.3950000000	11.9081677228
0.4000000000	19.5651440603
0.4050000000	36.7305293800
0.4100000000	83.5644193766
0.4150000000	268.1507536422
0.4200000000	170.8646766281
0.4250000000	-321.5173786501
0.4300000000	89.3863797012
0.4350000000	55.6939180590
0.4400000000	34.0401182652
0.4450000000	22.3850948564
0.4500000000	15.6760953932
0.4550000000	11.5477189114
0.4600000000	8.8591014489
0.4650000000	7.0270798071
0.4700000000	5.7322988062
0.4750000000	4.7959189215
0.4800000000	4.1016837355
0.4850000000	3.5792870909
0.4900000000	3.1805142644
0.4950000000	2.8729999077
0.5000000000	2.6346211279
0.5050000000	2.4491470022
0.5100000000	2.3061266030
0.5150000000	2.1978625230
0.5200000000	2.1163166134
0.5250000000	2.0578607605
0.5300000000	2.0186080779
0.5350000000	1.9957120404
0.5400000000	1.9870748915
0.5450000000	1.9909442244
0.5500000000	2.0067612141
0.5550000000	2.0335368290
0.5600000000	2.0707633617
0.5650000000	2.1182113396
0.5700000000	2.1756697187
0.5750000000	2.2435384556
0.5800000000	2.3224698958
0.5850000000	2.4128865597
0.5900000000	2.5156124403
0.5950000000	2.6316871718
0.6000000000	2.7624329292
0.6050000000	2.9097714375
0.6100000000	3.0755307851
0.6150000000	3.2622141423
0.6200000000	3.4731591859
0.6250000000	3.7115660305
0.6300000000	3.9821644142
0.6350000000	4.2908515226
0.6400000000	4.6437605889
0.6450000000	5.0497476868
0.6500000000	5.5204549671
0.6550000000	6.0680021518
0.6600000000	6.7110166558
0.6650000000	7.4733967520
0.6700000000	8.3832401412
0.6750000000	9.4833859232
0.6800000000	10.8314673277
0.6850000000	12.5029497459
0.6900000000	14.6147326435
0.6950000000	17.3302987495
0.7000000000	20.9093485972
0.7050000000	25.7488727283
0.7100000000	32.5215254371
0.7150000000	42.4246626684
0.7200000000	57.6873809017
0.7250000000	83.0214917478
0.7300000000	129.5208270142
0.7350000000	229.0119491348
0.7400000000	501.8582195034
0.7450000000	1664.7806018298
0.7500000000	5157.1113526988
0.7550000000	1297.2854490634
0.7600000000	429.5983556430
0.7650000000	205.8234464089
0.7700000000	119.6903562745
0.7750000000	78.1125598078
0.7800000000	54.9668510006
0.7850000000	40.8207464945
0.7900000000	31.5349038342
0.7950000000	25.1308932694
0.8000000000	20.5274493648
0.8050000000	17.0990213440
0.8100000000	14.4847506542
0.8150000000	12.4124637427
0.8200000000	10.7770005962
0.8250000000	9.4601910085
0.8300000000	8.3815461089
0.8350000000	7.4947270465
0.8400000000	6.7513346818
0.8450000000	6.1275430041
0.8500000000	5.6002638695
0.8550000000	5.1452584064
0.8600000000	4.7568370502
0.8650000000	4.4250549019
0.8700000000	4.1319062250
0.8750000000	3.8825302086
0.8800000000	3.6709143854
0.8850000000	3.4811897691
0.8900000000	3.3289648684
0.8950000000	3.1904876481
0.9000000000	3.0807006445
0.9050000000	3.0050223293
0.9100000000	2.9356653277
0.9150000000	2.8935102311
0.9200000000	2.8882335890
0.9250000000	2.8842758732
0.9300000000	2.8418010864
0.9350000000	2.7147983625
0.9400000000	2.0080974450
0.9450000000	-1.2033101686
0.9500000000	-18.1496288024
0.9550000000	-104.0982497477
0.9600000000	24.5622209991
0.9650000000	43.1441296668
0.9700000000	19.1351727884
0.9750000000	10.0453484659
0.9800000000	6.2956133445
0.9850000000	4.5418976960
0.9900000000	3.5314890267
0.9950000000	2.9188193733
1.0000000000	2.5276335160
1.0050000000	2.2796218937
1.0100000000	2.0873697373
1.0150000000	1.9469229518
1.0200000000	1.8523208173
1.0250000000	1.7729326618
1.0300000000	1.7126334044
1.0350000000	1.6670302500
1.0400000000	1.6380483914
1.0450000000	1.6139710438
1.0500000000	1.5981139546
1.0550000000	1.5895357194
1.0600000000	1.5903602796
1.0650000000	1.5946762550
1.0700000000	1.6048955356
1.0750000000	1.6210596551
1.0800000000	1.6447529801
1.0850000000	1.6748176849
1.0900000000	1.7191362631
1.0950000000	1.7717604634
1.1000000000	1.8344495924
1.1050000000	1.9067130477
1.1100000000	1.9908266948
1.1150000000	2.0886836325
1.1200000000	2.2025218668
1.1250000000	2.3352952023
1.1300000000	2.4909269672
1.1350000000	2.6743121508
1.1400000000	2.8910176188
1.1450000000	3.1512392358
1.1500000000	3.4660364975
1.1550000000	3.8514101662
1.1600000000	4.3299358568
1.1650000000	4.9308969380
1.1700000000	5.7091889377
1.1750000000	6.7376484132
1.1800000000	8.1367194064
1.1850000000	10.1043558552
1.1900000000	13.0136114222
1.1950000000	17.5808793798
1.2000000000	25.3279693949
1.2050000000	39.9682893331
1.2100000000	72.1742683750
1.2150000000	159.2249246755
1.2200000000	390.7801968665
1.2250000000	351.0622242853
1.2300000000	140.0061021650
1.2350000000	65.6404249322
1.2400000000	37.4718651141
1.2450000000	24.5367415053
1.2500000000	17.7110973767
1.2550000000	13.7697684868
1.2600000000	11.3690354646
1.2650000000	9.8624892176
1.2700000000	8.9605438448
1.2750000000	8.4754046648
1.2800000000	8.3173644413
1.2850000000	8.4468654351
1.2900000000	8.8599164870
1.2950000000	9.5778064062
1.3000000000	10.6897376581
1.3050000000	12.3099978107
1.3100000000	14.6522356540
1.3150000000	18.0862579266
1.3200000000	23.2771017618
1.3250000000	31.4921454952
1.3300000000	45.5078630125
1.3350000000	71.7607454185
1.3400000000	127.8711434285
1.3450000000	267.1635495300
1.3500000000	566.9356086023
1.3550000000	528.7196595852
1.3600000000	243.8104786769
1.3650000000	119.7919569651
1.3700000000	68.6997734157
1.3750000000	44.1809277973
1.3800000000	30.8119989652
1.3850000000	22.7586060042
1.3900000000	17.5678904639
1.3950000000	14.0262609198
1.4000000000	11.5067043353
1.4050000000	9.6557416750
1.4100000000	8.2591060397
1.4150000000	7.1885246522
1.4200000000	6.3530310161
1.4250000000	5.7268290080
1.4300000000	5.3175351790
1.4350000000	5.0288623558
1.4400000000	3.4185262942
1.4450000000	-1.0122198135
1.4500000000	-8.7598652015
1.4550000000	-2.9544241232
1.4600000000	8.8108829081
1.4650000000	5.1288858633
1.4700000000	-3.1639297894
1.4750000000	-16.2434967876
1.4800000000	-7.1595001279
1.4850000000	12.3173032289
1.4900000000	9.9705453397
1.4950000000	6.4710334255
1.5000000000	4.5575713774
1.5050000000	3.5213663258
1.5100000000	2.9281043163
1.5150000000	2.5642010631
1.5200000000	2.3257176551
1.5250000000	2.1742586121
1.5300000000	2.0547700316
1.5350000000	1.9678451993
1.5400000000	1.9047319023
1.5450000000	1.8601916839
1.5500000000	1.8306134339
1.5550000000	1.8144459487
1.5600000000	1.8147471719
1.5650000000	1.8251363303
1.5700000000	1.8521707815
1.5750000000	1.9008558806
1.5800000000	1.9812046957
1.5850000000	2.1129468365
1.5900000000	2.3378239427
1.5950000000	2.7480814842
1.6000000000	3.5379799625
1.6050000000	4.8329155217
1.6100000000	5.4353913738
1.6150000000	4.3446159394
1.6200000000	3.3352701613
1.6250000000	2.8240472285
1.6300000000	2.5913656819
1.6350000000	2.4977281208
1.6400000000	2.4800175362
1.6450000000	2.5094056729
1.6500000000	2.5719086116
1.6550000000	2.6618236564
1.6600000000	2.7763180147
1.6650000000	2.9151137337
1.6700000000	3.0794494793
1.6750000000	3.2717603370
1.6800000000	3.4955704678
1.6850000000	3.7555756186
1.6900000000	4.0572883576
1.6950000000	4.4041770365
1.7000000000	4.8045072133
1.7050000000	5.2700779403
1.7100000000	5.8355113251
1.7150000000	6.7686952566
1.7200000000	8.1660407054
1.7250000000	9.6929745029
1.7300000000	11.5188972236
1.7350000000	13.4921473847
1.7400000000	15.3061482650
1.7450000000	17.5894389300
1.7500000000	21.0933971943
1.7550000000	26.3520431201
1.7600000000	34.2433551198
1.7650000000	46.4183551965
1.7700000000	66.0309566438
1.7750000000	99.0633725593
1.7800000000	155.3210034279
1.7850000000	238.2170819023
1.7900000000	295.8257869790
1.7950000000	251.6837884936
1.8000000000	167.3286102978
1.8050000000	105.5399423064
1.8100000000	69.4815511896
1.8150000000	48.3526860410
1.8200000000	35.3508904520
1.8250000000	26.9203081680
1.8300000000	21.1929997345
1.8350000000	17.1458656012
1.8400000000	14.1916850385
1.8450000000	11.9737640139
1.8500000000	10.2670756220
1.8550000000	8.9305089451
1.8600000000	7.8647574623
1.8650000000	7.0015349155
1.8700000000	6.2910198739
1.8750000000	5.6948969720
1.8800000000	5.1804484620
1.8850000000	4.7156495464
1.8900000000	4.2607277482
1.8950000000	3.7554223518
1.9000000000	3.0976943206
1.9050000000	1.9556361512
1.9100000000	0.3134104310
1.9150000000	-1.2899919916
1.9200000000	0.4867561917
1.9250000000	7.8326004613
1.9300000000	13.7036121238
1.9350000000	13.8643959065
1.9400000000	11.1502498247
1.9450000000	8.4718250380
1.9500000000	6.5716861648
1.9550000000	5.3136656733
1.9600000000	4.4746591464
1.9650000000	3.9158340399
1.9700000000	3.5036945697
1.9750000000	3.2014632808
1.9800000000	2.9721924843
1.9850000000	2.7894113576
1.9900000000	2.6334679308
1.9950000000	2.4877492363
2.0000000000	2.3492120809
2.0050000000	2.2674943004
2.0100000000	2.3234100559
2.0150000000	2.4684134489
2.0200000000	2.5673190702
2.0250000000	2.6119457216
2.0300000000	2.6473517854
2.0350000000	2.6943027356
2.0400000000	2.7631838388
2.0450000000	2.8585747321
2.0500000000	2.9852236302
2.0550000000	3.1478648771
2.0600000000	3.3467670208
2.0650000000	3.5657660931
2.0700000000	3.7646348279
2.0750000000	3.9118961843
2.0800000000	4.0307297540
2.0850000000	4.1716598331
2.0900000000	4.3667284112
2.0950000000	4.6269004466
2.1000000000	4.9603286447
2.1050000000	5.3617906186
2.1100000000	5.8592456903
2.1150000000	6.4726993896
2.1200000000	7.2309868227
2.1250000000	8.1750636781
2.1300000000	9.3629898058
2.1350000000	10.8778577356
2.1400000000	12.8396785364
2.1450000000	15.4238780174
2.1500000000	18.8859024038
2.1550000000	23.5870352873
2.1600000000	29.9894993089
2.1650000000	38.4849503209
2.1700000000	48.9242724514
2.1750000000	59.3350681952
2.1800000000	65.8779074957
2.1850000000	66.5039480355
2.1900000000	64.0435448921
2.1950000000	62.3083356701
2.2000000000	61.7118769760
2.2050000000	58.8071561252
2.2100000000	52.1221469923
2.2150000000	43.7021717812
2.2200000000	36.0389493626
2.2250000000	29.8365194675
2.2300000000	24.7653669772
2.2350000000	20.5418362927
2.2400000000	17.0845925954
2.2450000000	14.3574171687
2.2500000000	12.2427540863
2.2550000000	10.6032614893
2.2600000000	9.3129891054
2.2650000000	8.2592012299
2.2700000000	7.3361889118
2.2750000000	6.4557566355
2.2800000000	5.5991001437
2.2850000000	4.8710558486
2.2900000000	4.4480251920
2.2950000000	4.4075829753
2.3000000000	4.6104444984
2.3050000000	4.8222655298
2.3100000000	4.8990768718
2.3150000000	4.8456518487
2.3200000000	4.7243001167
2.3250000000	4.5990291178
2.3300000000	4.5038691303
2.3350000000	4.4489507811
2.3400000000	4.4273065239
2.3450000000	4.4181082011
2.3500000000	4.3944708652
2.3550000000	4.3392196507
2.3600000000	4.2571072192
2.3650000000	4.1690781431
2.3700000000	4.0963900127
2.3750000000	4.0507716658
2.3800000000	4.0338964966
2.3850000000	4.0406602423
2.3900000000	4.0646499408
2.3950000000	4.0997898693
2.4000000000	4.1491671201
2.4050000000	4.2257007624
2.4100000000	4.3349813890
2.4150000000	4.4846676268
2.4200000000	4.6800336675
2.4250000000	4.9266463244
2.4300000000	5.2312728253
2.4350000000	5.6025708201
2.4400000000	6.0516814912
2.4450000000	6.5929008694
2.4500000000	7.2443579209
2.4550000000	8.0289171383
2.4600000000	8.9747234256
2.4650000000	10.1156914569
2.4700000000	11.4908959485
2.4750000000	13.1397451713
2.4800000000	15.1039388171
2.4850000000	17.4009104789
2.4900000000	20.0093354442
2.4950000000	22.8341246789
2.5000000000	25.6694737807
2.5050000000	28.2965984711
2.5100000000	30.0168141719
2.5150000000	30.4386625206
2.5200000000	29.4981023893
2.5250000000	27.4870744408
2.5300000000	24.8675308101
2.5350000000	22.0572117026
2.5400000000	19.3307811698
2.5450000000	16.8309071622
2.5500000000	14.6146705274
2.5550000000	12.6916786799
2.5600000000	11.0344619684
2.5650000000	9.6372092548
2.5700000000	8.4704245062
2.5750000000	7.5163143110
2.5800000000	6.7612525969
2.5850000000	6.1890986622
2.5900000000	5.7715186655
2.5950000000	5.4678304124
2.6000000000	5.2355094502
2.6050000000	5.0697335090
2.6100000000	4.9225845844
2.6150000000	4.7921080397
2.6200000000	4.6813865142
2.6250000000	4.5935733910
2.6300000000	4.5306775192
2.6350000000	4.4936521308
2.6400000000	4.4830063008
2.6450000000	4.4992506717
2.6500000000	4.5434437303
2.6550000000	4.6158161624
2.6600000000	4.7179717798
2.6650000000	4.8514311738
2.6700000000	5.0179946676
2.6750000000	5.2197556294
2.6800000000	5.4589658796
2.6850000000	5.7379399112
2.6900000000	6.0587540011
2.6950000000	6.4230090983
2.7000000000	6.8313656814
2.7050000000	7.3317010103
2.7100000000	7.8862760010
2.7150000000	8.4885696591
2.7200000000	9.1274806285
2.7250000000	9.7870501002
2.7300000000	10.4464107323
2.7350000000	11.0797914182
2.7400000000	11.6563139615
2.7450000000	12.1449905367
2.7500000000	12.4999124085
2.7550000000	12.6905861193
2.7600000000	12.6939700835
2.7650000000	12.5049101419
2.7700000000	12.1386307862
2.7750000000	11.6281493295
2.7800000000	11.0170516876
2.7850000000	10.3517006444
2.7900000000	9.6736313290
2.7950000000	9.0161201639
2.8000000000	8.4027139863
2.8050000000	7.7795791706
2.8100000000	7.2430220047
2.8150000000	6.7918406821
2.8200000000	6.4189860576
2.8250000000	6.1150853867
2.8300000000	5.8706898787
2.8350000000	5.6777547289
2.8400000000	5.5277275295
2.8450000000	5.4211284310
2.8500000000	5.3516776023
2.8550000000	5.3169978362
2.8600000000	5.3153441332
2.8650000000	5.3452563078
2.8700000000	5.4052935901
2.8750000000	5.4938488329
2.8800000000	5.6089558619
2.8850000000	5.7481392201
2.8900000000	5.9084058792
2.8950000000	6.0862481202
2.9000000000	6.2777461461
2.9050000000	6.5206937674
2.9100000000	6.7640785835
2.9150000000	6.9991506477
2.9200000000	7.2158227488
2.9250000000	7.4024428716
2.9300000000	7.5481381015
2.9350000000	7.6377560142
2.9400000000	7.6640379717
2.9450000000	7.6234122068
2.9500000000	7.5187074749
2.9550000000	7.3588839693
2.9600000000	7.1572897904
2.9650000000	6.9293321106
2.9700000000	6.6900465567
2.9750000000	6.4524373419
2.9800000000	6.2265520820
2.9850000000	6.0193418996
2.9900000000	5.8350818720
2.9950000000	5.6758716303
3.0000000000	5.5423164555
