# energy (eV)    P(omega), $W$ = 300 nm, $h$ = 300 nm, $s$ = 20 nm, $d/W = 5$, $E_{\rm e}$ = 200 keV
0.2000000000	0.0851965912
0.2050000000	0.0864737074
0.2100000000	0.0876682967
0.2150000000	0.0887830435
0.2200000000	0.0898202221
0.2250000000	0.0907817715
0.2300000000	0.0916691635
0.2350000000	0.0924833741
0.2400000000	0.0932247552
0.2450000000	0.0938930116
0.2500000000	0.0944870301
0.2550000000	0.0950047062
0.2600000000	0.0954428932
0.2650000000	0.0957970212
0.2700000000	0.0960609093
0.2750000000	0.0962263679
0.2800000000	0.0962827705
0.2850000000	0.0962164624
0.2900000000	0.0960099485
0.2950000000	0.0956410397
0.3000000000	0.0950813869
0.3050000000	0.0942948690
0.3100000000	0.0932352397
0.3150000000	0.0985288092
0.3200000000	0.1048155687
0.3250000000	0.1127666677
0.3300000000	0.1234142595
0.3350000000	0.1366679607
0.3400000000	0.1540238389
0.3450000000	0.1750758339
0.3500000000	0.2026156902
0.3550000000	0.2390562882
0.3600000000	0.2866375660
0.3650000000	0.3529716165
0.3700000000	0.4404404256
0.3750000000	0.5621154108
0.3800000000	0.7380956886
0.3850000000	1.0123115501
0.3900000000	1.4455229806
0.3950000000	2.1814032318
0.4000000000	3.5842872733
0.4050000000	6.7296012322
0.4100000000	15.3122337247
0.4150000000	49.1428387500
0.4200000000	31.3109092700
0.4250000000	-58.9420206078
0.4300000000	16.3914573020
0.4350000000	10.2150085588
0.4400000000	6.2447906379
0.4450000000	4.1076023473
0.4500000000	2.8772425264
0.4550000000	2.1200678052
0.4600000000	1.6269129810
0.4650000000	1.2908487402
0.4700000000	1.0533195483
0.4750000000	0.8815302916
0.4800000000	0.7541612129
0.4850000000	0.6583187518
0.4900000000	0.5851598458
0.4950000000	0.5287480473
0.5000000000	0.4850256214
0.5050000000	0.4510153375
0.5100000000	0.4248001316
0.5150000000	0.4049687604
0.5200000000	0.3900458123
0.5250000000	0.3793667494
0.5300000000	0.3722180765
0.5350000000	0.3680780972
0.5400000000	0.3665622126
0.5450000000	0.3673490868
0.5500000000	0.3703373157
0.5550000000	0.3753458262
0.5600000000	0.3822822574
0.5650000000	0.3911052256
0.5700000000	0.4017771253
0.5750000000	0.4143725904
0.5800000000	0.4290128982
0.5850000000	0.4457773119
0.5900000000	0.4648191251
0.5950000000	0.4863311292
0.6000000000	0.5105589204
0.6050000000	0.5378582553
0.6100000000	0.5685687175
0.6150000000	0.6031541138
0.6200000000	0.6422331011
0.6250000000	0.6863988846
0.6300000000	0.7365281795
0.6350000000	0.7937136887
0.6400000000	0.8590924542
0.6450000000	0.9343055906
0.6500000000	1.0215109297
0.6550000000	1.1229548328
0.6600000000	1.2420895454
0.6650000000	1.3833451492
0.6700000000	1.5519295494
0.6750000000	1.7557848715
0.6800000000	2.0055907800
0.6850000000	2.3153386747
0.6900000000	2.7066982242
0.6950000000	3.2099770185
0.7000000000	3.8733179448
0.7050000000	4.7703205284
0.7100000000	6.0256905057
0.7150000000	7.8614198250
0.7200000000	10.6907934585
0.7250000000	15.3874402125
0.7300000000	24.0083231379
0.7350000000	42.4548217059
0.7400000000	93.0457234084
0.7450000000	308.6874834201
0.7500000000	956.3462386369
0.7550000000	240.5973291770
0.7600000000	79.6828136267
0.7650000000	38.1806728736
0.7700000000	22.2052140464
0.7750000000	14.4931673439
0.7800000000	10.1997687473
0.7850000000	7.5756063991
0.7900000000	5.8529525906
0.7950000000	4.6648588409
0.8000000000	3.8107685934
0.8050000000	3.1746524551
0.8100000000	2.6895712745
0.8150000000	2.3050327910
0.8200000000	2.0015405402
0.8250000000	1.7571686917
0.8300000000	1.5569873071
0.8350000000	1.3923994468
0.8400000000	1.2544251325
0.8450000000	1.1386458346
0.8500000000	1.0407784197
0.8550000000	0.9563219125
0.8600000000	0.8842240269
0.8650000000	0.8226405130
0.8700000000	0.7682258311
0.8750000000	0.7219391822
0.8800000000	0.6826650760
0.8850000000	0.6474535587
0.8900000000	0.6192106570
0.8950000000	0.5935182515
0.9000000000	0.5731591933
0.9050000000	0.5591441585
0.9100000000	0.5463011829
0.9150000000	0.5385190297
0.9200000000	0.5376018416
0.9250000000	0.5369263066
0.9300000000	0.5290671029
0.9350000000	0.5054399721
0.9400000000	0.3737303480
0.9450000000	-0.2250040019
0.9500000000	-3.3849235433
0.9550000000	-19.4130553470
0.9600000000	4.5808370463
0.9650000000	8.0472061820
0.9700000000	3.5692953946
0.9750000000	1.8737971057
0.9800000000	1.1743234335
0.9850000000	0.8471748814
0.9900000000	0.6586760470
0.9950000000	0.5443739678
1.0000000000	0.4713917391
1.0050000000	0.4251239299
1.0100000000	0.3892538617
1.0150000000	0.3630484154
1.0200000000	0.3453984109
1.0250000000	0.3305828308
1.0300000000	0.3193273490
1.0350000000	0.3108121450
1.0400000000	0.3053985054
1.0450000000	0.3008958356
1.0500000000	0.2979245538
1.0550000000	0.2963088173
1.0600000000	0.2964463483
1.0650000000	0.2972302006
1.0700000000	0.2991115905
1.0750000000	0.3020984028
1.0800000000	0.3064866294
1.0850000000	0.3120552283
1.0900000000	0.3202707182
1.0950000000	0.3300273787
1.1000000000	0.3416529102
1.1050000000	0.3550508396
1.1100000000	0.3706448381
1.1150000000	0.3887853950
1.1200000000	0.4098885427
1.1250000000	0.4344960513
1.1300000000	0.4633359789
1.1350000000	0.4973138728
1.1400000000	0.5374614739
1.1450000000	0.5856602727
1.1500000000	0.6439578904
1.1550000000	0.7153137211
1.1600000000	0.8039029779
1.1650000000	0.9151438629
1.1700000000	1.0591835787
1.1750000000	1.2494953290
1.1800000000	1.5083508731
1.1850000000	1.8723605528
1.1900000000	2.4105239446
1.1950000000	3.2553194954
1.2000000000	4.6882038381
1.2050000000	7.3959773067
1.2100000000	13.3525783416
1.2150000000	29.4534900761
1.2200000000	72.2854774204
1.2250000000	64.9469465771
1.2300000000	25.9092106094
1.2350000000	12.1534802461
1.2400000000	6.9431298532
1.2450000000	4.5508680742
1.2500000000	3.2889486251
1.2550000000	2.5607862915
1.2600000000	2.1178336649
1.2650000000	1.8405389390
1.2700000000	1.6754092009
1.2750000000	1.5877620623
1.2800000000	1.5611074979
1.2850000000	1.5882670829
1.2900000000	1.6687111372
1.2950000000	1.8066351234
1.3000000000	2.0190351078
1.3050000000	2.3277116621
1.3100000000	2.7732757300
1.3150000000	3.4259854144
1.3200000000	4.4121330168
1.3250000000	5.9724370208
1.3300000000	8.6340583816
1.3350000000	13.6192550265
1.3400000000	24.2740570312
1.3450000000	50.7249559012
1.3500000000	107.6535601805
1.3550000000	100.4042199123
1.3600000000	46.3016474464
1.3650000000	22.7497496443
1.3700000000	13.0466864897
1.3750000000	8.3901566135
1.3800000000	5.8511569715
1.3850000000	4.3216931691
1.3900000000	3.3359436267
1.3950000000	2.6634034893
1.4000000000	2.1850268326
1.4050000000	1.8336891673
1.4100000000	1.5687448423
1.4150000000	1.3659245427
1.4200000000	1.2081265924
1.4250000000	1.0908768127
1.4300000000	1.0167066259
1.4350000000	0.9683925048
1.4400000000	0.6673608010
1.4450000000	-0.1676072742
1.4500000000	-1.6190077027
1.4550000000	-0.5397551336
1.4600000000	1.6510967309
1.4650000000	0.9552933063
1.4700000000	-0.6148086485
1.4750000000	-3.1004948801
1.4800000000	-1.3682684369
1.4850000000	2.3417772727
1.4900000000	1.8957444447
1.4950000000	1.2298123720
1.5000000000	0.8657404664
1.5050000000	0.6686576111
1.5100000000	0.5558402748
1.5150000000	0.4866689525
1.5200000000	0.4413599103
1.5250000000	0.4125950261
1.5300000000	0.3899236372
1.5350000000	0.3734465244
1.5400000000	0.3615001792
1.5450000000	0.3530919264
1.5500000000	0.3475336341
1.5550000000	0.3445368030
1.5600000000	0.3446865442
1.5650000000	0.3467836827
1.5700000000	0.3520874496
1.5750000000	0.3615759155
1.5800000000	0.3772011266
1.5850000000	0.4028090393
1.5900000000	0.4465382217
1.5950000000	0.5263837126
1.6000000000	0.6802804104
1.6050000000	0.9329009710
1.6100000000	1.0509324661
1.6150000000	0.8384385898
1.6200000000	0.6413426187
1.6250000000	0.5412600744
1.6300000000	0.4954714801
1.6350000000	0.4767799922
1.6400000000	0.4728663356
1.6450000000	0.4780976516
1.6500000000	0.4897332892
1.6550000000	0.5066554477
1.6600000000	0.5282958770
1.6650000000	0.5545861779
1.6700000000	0.5857505146
1.6750000000	0.6222416546
1.6800000000	0.6647178211
1.6850000000	0.7140566886
1.6900000000	0.7712758357
1.6950000000	0.8369637986
1.7000000000	0.9125650804
1.7050000000	1.0000141292
1.7100000000	1.1060094110
1.7150000000	1.2843427145
1.7200000000	1.5537489444
1.7250000000	1.8447059323
1.7300000000	2.1905312896
1.7350000000	2.5647729285
1.7400000000	2.9104794338
1.7450000000	3.3462401971
1.7500000000	4.0141229804
1.7550000000	5.0157818192
1.7600000000	6.5185475270
1.7650000000	8.8369192140
1.7700000000	12.5715682089
1.7750000000	18.8618635866
1.7800000000	29.5754397558
1.7850000000	45.3633637685
1.7900000000	56.3380539959
1.7950000000	47.9354986636
1.8000000000	31.8722239831
1.8050000000	20.1049942001
1.8100000000	13.2375331140
1.8150000000	9.2133008992
1.8200000000	6.7369035328
1.8250000000	5.1311534295
1.8300000000	4.0403061204
1.8350000000	3.2695099418
1.8400000000	2.7069254784
1.8450000000	2.2846247210
1.8500000000	1.9597528157
1.8550000000	1.7054406045
1.8600000000	1.5027908538
1.8650000000	1.3388143711
1.8700000000	1.2040476571
1.8750000000	1.0912336215
1.8800000000	0.9941970995
1.8850000000	0.9069197797
1.8900000000	0.8219558201
1.8950000000	0.7280255498
1.9000000000	0.6060150424
1.9050000000	0.3935311911
1.9100000000	0.0884324969
1.9150000000	-0.2048840115
1.9200000000	0.1524530965
1.9250000000	1.5773859013
1.9300000000	2.7156532495
1.9350000000	2.7406502248
1.9400000000	2.1997396524
1.9450000000	1.6668535956
1.9500000000	1.2891840630
1.9550000000	1.0393893717
1.9600000000	0.8729391340
1.9650000000	0.7620236444
1.9700000000	0.6803871887
1.9750000000	0.6205250888
1.9800000000	0.5750888459
1.9850000000	0.5388084494
1.9900000000	0.5077601545
1.9950000000	0.4786174225
2.0000000000	0.4507833156
2.0050000000	0.4342249702
2.0100000000	0.4453471874
2.0150000000	0.4743565775
2.0200000000	0.4939409019
2.0250000000	0.5024268894
2.0300000000	0.5088751523
2.0350000000	0.5174782741
2.0400000000	0.5302702747
2.0450000000	0.5481103416
2.0500000000	0.5718697787
2.0550000000	0.6024148736
2.0600000000	0.6397958912
2.0650000000	0.6810417248
2.0700000000	0.7187548800
2.0750000000	0.7471606247
2.0800000000	0.7705604826
2.0850000000	0.7982971961
2.0900000000	0.8363169872
2.0950000000	0.8866861631
2.1000000000	0.9509960670
2.1050000000	1.0282848799
2.1100000000	1.1239370170
2.1150000000	1.2418139867
2.1200000000	1.3874660917
2.1250000000	1.5687683858
2.1300000000	1.7968771529
2.1350000000	2.0877548571
2.1400000000	2.4644545732
2.1450000000	2.9606724479
2.1500000000	3.6254797471
2.1550000000	4.5282817341
2.1600000000	5.7578803132
2.1650000000	7.3895360678
2.1700000000	9.3945759427
2.1750000000	11.3939441848
2.1800000000	12.6495986852
2.1850000000	12.7672711974
2.1900000000	12.2904721435
2.1950000000	11.9521623764
2.2000000000	11.8340058467
2.2050000000	11.2782631683
2.2100000000	10.0034393785
2.2150000000	8.3994396367
2.2200000000	6.9405467158
2.2250000000	5.7582766380
2.2300000000	4.7873431082
2.2350000000	3.9744183776
2.2400000000	3.3067695193
2.2450000000	2.7795278834
2.2500000000	2.3709530960
2.2550000000	2.0547726539
2.2600000000	1.8066491137
2.2650000000	1.6046344306
2.2700000000	1.4279427606
2.2750000000	1.2589959417
2.2800000000	1.0936914693
2.2850000000	0.9522044774
2.2900000000	0.8689269357
2.2950000000	0.8592941651
2.3000000000	0.8967939691
2.3050000000	0.9363374027
2.3100000000	0.9502845090
2.3150000000	0.9394989537
2.3200000000	0.9159281356
2.3250000000	0.8918525556
2.3300000000	0.8737920199
2.3350000000	0.8636482279
2.3400000000	0.8599869185
2.3450000000	0.8586379447
2.3500000000	0.8542305195
2.3550000000	0.8433335675
2.3600000000	0.8268963181
2.3650000000	0.8091039966
2.3700000000	0.7942107864
2.3750000000	0.7845819017
2.3800000000	0.7805986476
2.3850000000	0.7813137830
2.3900000000	0.7855169108
2.3950000000	0.7920470512
2.4000000000	0.8014818040
2.4050000000	0.8162770536
2.4100000000	0.8374734559
2.4150000000	0.8665109937
2.4200000000	0.9043837071
2.4250000000	0.9521578242
2.4300000000	1.0111427215
2.4350000000	1.0830172386
2.4400000000	1.1699415636
2.4450000000	1.2746853401
2.4500000000	1.4007586744
2.4550000000	1.5525911366
2.4600000000	1.7356276319
2.4650000000	1.9564338010
2.4700000000	2.2225626260
2.4750000000	2.5416306640
2.4800000000	2.9216728097
2.4850000000	3.3660238436
2.4900000000	3.8705152330
2.4950000000	4.4167397865
2.5000000000	4.9649692365
2.5050000000	5.4730762485
2.5100000000	5.8062446982
2.5150000000	5.8888492861
2.5200000000	5.7082418931
2.5250000000	5.3204322069
2.5300000000	4.8144291427
2.5350000000	4.2709902195
2.5400000000	3.7434173530
2.5450000000	3.2595285599
2.5500000000	2.8305277921
2.5550000000	2.4583401667
2.5600000000	2.1376569966
2.5650000000	1.8673103366
2.5700000000	1.6415594981
2.5750000000	1.4569361624
2.5800000000	1.3107893422
2.5850000000	1.1999904639
2.5900000000	1.1190693354
2.5950000000	1.0601746420
2.6000000000	1.0150987814
2.6050000000	0.9829339090
2.6100000000	0.9544169026
2.6150000000	0.9291654795
2.6200000000	0.9077726206
2.6250000000	0.8908466344
2.6300000000	0.8787778205
2.6350000000	0.8717537735
2.6400000000	0.8698727887
2.6450000000	0.8732346425
2.6500000000	0.8820443860
2.6550000000	0.8963475397
2.6600000000	0.9164578802
2.6650000000	0.9426740273
2.6700000000	0.9753473837
2.6750000000	1.0148892455
2.6800000000	1.0617394833
2.6850000000	1.1163473721
2.6900000000	1.1791105129
2.6950000000	1.2503331315
2.7000000000	1.3301262441
2.7050000000	1.4278254649
2.7100000000	1.5360009843
2.7150000000	1.6533317529
2.7200000000	1.7775983200
2.7250000000	1.9056454260
2.7300000000	2.0333899112
2.7350000000	2.1558354641
2.7400000000	2.2670396512
2.7450000000	2.3610735727
2.7500000000	2.4291320296
2.7550000000	2.4653867092
2.7600000000	2.4654360894
2.7650000000	2.4283104690
2.7700000000	2.3569661810
2.7750000000	2.2577868061
2.7800000000	2.1391979673
2.7850000000	2.0101615901
2.7900000000	1.8787067510
2.7950000000	1.7512694393
2.8000000000	1.6324037838
2.8050000000	1.5116645951
2.8100000000	1.4077281593
2.8150000000	1.3203623508
2.8200000000	1.2482028601
2.8250000000	1.1894355238
2.8300000000	1.1422304091
2.8350000000	1.1050301785
2.8400000000	1.0761776758
2.8450000000	1.0557744525
2.8500000000	1.0426026961
2.8550000000	1.0362022778
2.8600000000	1.0362337802
2.8650000000	1.0424085063
2.8700000000	1.0544457380
2.8750000000	1.0720246051
2.8800000000	1.0947525096
2.8850000000	1.1221326760
2.8900000000	1.1535729008
2.8950000000	1.1883696901
2.9000000000	1.2257511468
2.9050000000	1.2730160439
2.9100000000	1.3202508894
2.9150000000	1.3657694343
2.9200000000	1.4076365781
2.9250000000	1.4436186246
2.9300000000	1.4716356582
2.9350000000	1.4887686019
2.9400000000	1.4936275870
2.9450000000	1.4855330957
2.9500000000	1.4650396939
2.9550000000	1.4338908110
2.9600000000	1.3946786880
2.9650000000	1.3503874795
2.9700000000	1.3039371826
2.9750000000	1.2578447662
2.9800000000	1.2140567562
2.9850000000	1.1739184456
2.9900000000	1.1382592722
2.9950000000	1.1074807634
3.0000000000	1.0816996447
