# energy (eV)    P(omega), $W$ = 400 nm, $h$ = 300 nm, $s$ = 20 nm, $d/W = 5$, $E_{\rm e}$ = 200 keV
0.2000000000	0.0689709334
0.2050000000	0.0695983073
0.2100000000	0.0700399711
0.2150000000	0.0702884869
0.2200000000	0.0703334530
0.2250000000	0.0701607381
0.2300000000	0.0697517471
0.2350000000	0.0690822682
0.2400000000	0.0681211627
0.2450000000	0.0668283004
0.2500000000	0.0651523726
0.2550000000	0.0630273610
0.2600000000	0.0603681901
0.2650000000	0.0631541283
0.2700000000	0.0702310133
0.2750000000	0.0803577979
0.2800000000	0.0944672381
0.2850000000	0.1152681945
0.2900000000	0.1410419318
0.2950000000	0.1779906528
0.3000000000	0.2276601038
0.3050000000	0.3037913312
0.3100000000	0.4098393753
0.3150000000	0.6150373859
0.3200000000	0.9355156963
0.3250000000	1.1549260860
0.3300000000	1.4584407862
0.3350000000	1.8887154445
0.3400000000	2.5641587376
0.3450000000	3.7230010519
0.3500000000	6.0338298673
0.3550000000	11.3831019042
0.3600000000	27.9752873129
0.3650000000	0.1264909399
0.3700000000	12.9654470882
0.3750000000	17.0490172610
0.3800000000	7.9442240828
0.3850000000	4.4750355840
0.3900000000	2.8703274799
0.3950000000	2.0226513586
0.4000000000	1.5318479457
0.4050000000	1.2118789091
0.4100000000	1.0035720044
0.4150000000	0.8661818751
0.4200000000	0.7793480642
0.4250000000	0.7111510266
0.4300000000	0.6305675912
0.4350000000	0.5667905523
0.4400000000	0.5163499939
0.4450000000	0.4762437102
0.4500000000	0.4445798870
0.4550000000	0.4194712130
0.4600000000	0.3998841928
0.4650000000	0.3847257476
0.4700000000	0.3732722370
0.4750000000	0.3650173505
0.4800000000	0.3595192582
0.4850000000	0.3563905493
0.4900000000	0.3554021152
0.4950000000	0.3563776893
0.5000000000	0.3591666539
0.5050000000	0.3637018682
0.5100000000	0.3699283297
0.5150000000	0.3778133394
0.5200000000	0.3873732280
0.5250000000	0.3986213791
0.5300000000	0.4117229336
0.5350000000	0.4267512869
0.5400000000	0.4438386309
0.5450000000	0.4631583249
0.5500000000	0.4849556440
0.5550000000	0.5094988845
0.5600000000	0.5371146034
0.5650000000	0.5682227303
0.5700000000	0.6034029518
0.5750000000	0.6430849056
0.5800000000	0.6880725039
0.5850000000	0.7394641607
0.5900000000	0.7980007460
0.5950000000	0.8652412905
0.6000000000	0.9432454669
0.6050000000	1.0335569240
0.6100000000	1.1397143514
0.6150000000	1.2646521860
0.6200000000	1.4134078105
0.6250000000	1.5932081809
0.6300000000	1.8114234571
0.6350000000	2.0819029951
0.6400000000	2.4199261630
0.6450000000	2.8532197380
0.6500000000	3.4172016148
0.6550000000	4.1718662476
0.6600000000	5.2185131722
0.6650000000	6.7171862740
0.6700000000	8.9865316727
0.6750000000	12.6352909212
0.6800000000	19.0851504880
0.6850000000	32.0271906425
0.6900000000	64.1874158964
0.6950000000	180.1831194003
0.7000000000	873.9007843492
0.7050000000	424.8671930397
0.7100000000	109.1392212115
0.7150000000	46.4120423626
0.7200000000	25.3461591299
0.7250000000	15.9218886017
0.7300000000	10.9201955375
0.7350000000	7.9634497813
0.7400000000	6.0700596211
0.7450000000	4.7849028436
0.7500000000	3.8745230432
0.7550000000	3.2056942848
0.7600000000	2.7015836534
0.7650000000	2.3106535217
0.7700000000	2.0020545941
0.7750000000	1.7543076686
0.7800000000	1.5529803497
0.7850000000	1.3872081083
0.7900000000	1.2483295991
0.7950000000	1.1323406197
0.8000000000	1.0337187986
0.8050000000	0.9492252460
0.8100000000	0.8772959150
0.8150000000	0.8142529379
0.8200000000	0.7593673268
0.8250000000	0.7133086419
0.8300000000	0.6729920344
0.8350000000	0.6379425789
0.8400000000	0.6100307005
0.8450000000	0.5856760453
0.8500000000	0.5650257898
0.8550000000	0.5519724336
0.8600000000	0.5415162666
0.8650000000	0.5340292449
0.8700000000	0.5366336235
0.8750000000	0.5375448895
0.8800000000	0.5346503900
0.8850000000	0.5114033914
0.8900000000	0.3968707129
0.8950000000	-0.1771065836
0.9000000000	-3.2549191993
0.9050000000	-21.3872993254
0.9100000000	4.0725647234
0.9150000000	9.6471156738
0.9200000000	4.0047038009
0.9250000000	2.0833660056
0.9300000000	1.2717406374
0.9350000000	0.8839737969
0.9400000000	0.6747910099
0.9450000000	0.5588430176
0.9500000000	0.4765022736
0.9550000000	0.4213854060
0.9600000000	0.3872994260
0.9650000000	0.3591761382
0.9700000000	0.3391106946
0.9750000000	0.3254390615
0.9800000000	0.3171208796
0.9850000000	0.3156074129
0.9900000000	0.3186643043
0.9950000000	0.3309588028
1.0000000000	0.3603324626
1.0050000000	0.4288948684
1.0100000000	0.6085685248
1.0150000000	1.2243489742
1.0200000000	2.3516693447
1.0250000000	1.0688629087
1.0300000000	0.5472364501
1.0350000000	0.3917671332
1.0400000000	0.3306280548
1.0450000000	0.3019434756
1.0500000000	0.2875608028
1.0550000000	0.2800114305
1.0600000000	0.2766174085
1.0650000000	0.2759734555
1.0700000000	0.2773004672
1.0750000000	0.2803237718
1.0800000000	0.2844998422
1.0850000000	0.2901857826
1.0900000000	0.2984044715
1.0950000000	0.3079870152
1.1000000000	0.3190272095
1.1050000000	0.3315448357
1.1100000000	0.3457379530
1.1150000000	0.3617953718
1.1200000000	0.3799412104
1.1250000000	0.4003609412
1.1300000000	0.4235835496
1.1350000000	0.4499656377
1.1400000000	0.4800411843
1.1450000000	0.5144892361
1.1500000000	0.5538382362
1.1550000000	0.5997334858
1.1600000000	0.6532153582
1.1650000000	0.7156463872
1.1700000000	0.7873080761
1.1750000000	0.8599798457
1.1800000000	0.9287361777
1.1850000000	1.2908562166
1.1900000000	1.6019674736
1.1950000000	2.1960629780
1.2000000000	2.9908984067
1.2050000000	2.6234999873
1.2100000000	2.5107062197
1.2150000000	2.7951205062
1.2200000000	3.3429798939
1.2250000000	4.1843233282
1.2300000000	5.4636476757
1.2350000000	7.4874057011
1.2400000000	10.8964261017
1.2450000000	17.3155869514
1.2500000000	31.2176740062
1.2550000000	67.5764106942
1.2600000000	163.2250616984
1.2650000000	165.3400758326
1.2700000000	68.7780466940
1.2750000000	31.7479882483
1.2800000000	17.5825917840
1.2850000000	11.0569729268
1.2900000000	7.5785409296
1.2950000000	5.5233502430
1.3000000000	4.2142851041
1.3050000000	3.3328960219
1.3100000000	2.7113749145
1.3150000000	2.2622952647
1.3200000000	1.9293920149
1.3250000000	1.6788703004
1.3300000000	1.4902031928
1.3350000000	1.3507951380
1.3400000000	1.2541069237
1.3450000000	1.1983451625
1.3500000000	1.1916438860
1.3550000000	1.2525209931
1.3600000000	1.4280943137
1.3650000000	1.8382659813
1.3700000000	2.8178127926
1.3750000000	5.2550050110
1.3800000000	8.5836795767
1.3850000000	5.9963496237
1.3900000000	3.0557774501
1.3950000000	1.7730637642
1.4000000000	1.1611776730
1.4050000000	0.7851125955
1.4100000000	0.4447427829
1.4150000000	-0.0630188407
1.4200000000	-1.1998148814
1.4250000000	-4.2120175166
1.4300000000	-5.6633301232
1.4350000000	2.5946049804
1.4400000000	3.3188950371
1.4450000000	1.9898207223
1.4500000000	1.2381464910
1.4550000000	0.8535080861
1.4600000000	0.6302641847
1.4650000000	0.4538308054
1.4700000000	0.2651063639
1.4750000000	0.3115498857
1.4800000000	0.4567597614
1.4850000000	0.4147525553
1.4900000000	0.3672526117
1.4950000000	0.3365294732
1.5000000000	0.3163470367
1.5050000000	0.3030025503
1.5100000000	0.2939246603
1.5150000000	0.2889716103
1.5200000000	0.2853207157
1.5250000000	0.2840040671
1.5300000000	0.2851431134
1.5350000000	0.2892589758
1.5400000000	0.2976516762
1.5450000000	0.3132083080
1.5500000000	0.3424179800
1.5550000000	0.3982153525
1.5600000000	0.4819716140
1.5650000000	0.4953939601
1.5700000000	0.4198095417
1.5750000000	0.3667689865
1.5800000000	0.3438862804
1.5850000000	0.3366840290
1.5900000000	0.3376137329
1.5950000000	0.3433972333
1.6000000000	0.3526062782
1.6050000000	0.3647490909
1.6100000000	0.3794584943
1.6150000000	0.3966797455
1.6200000000	0.4166871335
1.6250000000	0.4397172752
1.6300000000	0.4661591059
1.6350000000	0.4965140546
1.6400000000	0.5314233211
1.6450000000	0.5717058517
1.6500000000	0.6183896170
1.6550000000	0.6727773522
1.6600000000	0.7365568873
1.6650000000	0.8119068531
1.6700000000	0.9009455531
1.6750000000	1.0088713578
1.6800000000	1.1402791891
1.6850000000	1.3023977081
1.6900000000	1.5054903073
1.6950000000	1.7646180738
1.7000000000	2.1024538167
1.7050000000	2.5685075384
1.7100000000	3.2187358614
1.7150000000	4.1638573651
1.7200000000	5.6042562212
1.7250000000	7.8893944162
1.7300000000	11.4010254697
1.7350000000	15.9075615526
1.7400000000	21.6044783788
1.7450000000	31.6016240846
1.7500000000	44.5788592740
1.7550000000	45.2959446375
1.7600000000	31.7779896257
1.7650000000	19.7947266859
1.7700000000	12.6892036650
1.7750000000	8.6487443482
1.7800000000	6.2610096189
1.7850000000	4.7922635430
1.7900000000	3.8814290606
1.7950000000	3.3602803489
1.8000000000	3.1499660251
1.8050000000	3.0834156748
1.8100000000	2.7433674444
1.8150000000	2.1256988681
1.8200000000	1.6322222745
1.8250000000	1.3777909740
1.8300000000	1.1995041538
1.8350000000	1.0410574263
1.8400000000	0.9118566701
1.8450000000	0.8093283593
1.8500000000	0.7267016217
1.8550000000	0.6584426463
1.8600000000	0.5956537521
1.8650000000	0.5425708406
1.8700000000	0.4889218024
1.8750000000	0.4115833894
1.8800000000	0.2352993650
1.8850000000	-0.1510530250
1.8900000000	-0.6707177374
1.8950000000	-0.7598798381
1.9000000000	0.0813173829
1.9050000000	0.8656121863
1.9100000000	0.9571299419
1.9150000000	0.8085987187
1.9200000000	0.6630244911
1.9250000000	0.5597249300
1.9300000000	0.4971670300
1.9350000000	0.4494076354
1.9400000000	0.4176382913
1.9450000000	0.3966103059
1.9500000000	0.3819125940
1.9550000000	0.3696111952
1.9600000000	0.3589866358
1.9650000000	0.3514410449
1.9700000000	0.3474108116
1.9750000000	0.3466278898
1.9800000000	0.3488747571
1.9850000000	0.3542164413
1.9900000000	0.3630035205
1.9950000000	0.3756746749
2.0000000000	0.3919003883
2.0050000000	0.4103078630
2.0100000000	0.4235125126
2.0150000000	0.4323199789
2.0200000000	0.4429399796
2.0250000000	0.4593321465
2.0300000000	0.4826617882
2.0350000000	0.5135123172
2.0400000000	0.5529430217
2.0450000000	0.6027918666
2.0500000000	0.6656985531
2.0550000000	0.7445967115
2.0600000000	0.8409094568
2.0650000000	0.9531229777
2.0700000000	1.0829232526
2.0750000000	1.2447898519
2.0800000000	1.4626282317
2.0850000000	1.7597466220
2.0900000000	2.1497004787
2.0950000000	2.6044728142
2.1000000000	3.0097997871
2.1050000000	3.2062003097
2.1100000000	3.1129144401
2.1150000000	2.8982637022
2.1200000000	2.7465366631
2.1250000000	2.7400359330
2.1300000000	2.9031770507
2.1350000000	3.2553096250
2.1400000000	3.8351921332
2.1450000000	4.7113964301
2.1500000000	5.9799474158
2.1550000000	7.7129759763
2.1600000000	9.7707246016
2.1650000000	11.5002268411
2.1700000000	11.9088811283
2.1750000000	10.6603713561
2.1800000000	8.6063956435
2.1850000000	6.6402351388
2.1900000000	5.1029875587
2.1950000000	3.9923703988
2.2000000000	3.2131782521
2.2050000000	2.6755975552
2.2100000000	2.3024048794
2.2150000000	2.0161637043
2.2200000000	1.7596781159
2.2250000000	1.5157234051
2.2300000000	1.2948414427
2.2350000000	1.1051841634
2.2400000000	0.9445508904
2.2450000000	0.8058497278
2.2500000000	0.6820218719
2.2550000000	0.5691197888
2.2600000000	0.4562158014
2.2650000000	0.3740821155
2.2700000000	0.3294685728
2.2750000000	0.3407030385
2.2800000000	0.4055072701
2.2850000000	0.4880273066
2.2900000000	0.5484310768
2.2950000000	0.5752046186
2.3000000000	0.5782698276
2.3050000000	0.5690360003
2.3100000000	0.5568709645
2.3150000000	0.5460910230
2.3200000000	0.5384027267
2.3250000000	0.5347439386
2.3300000000	0.5358739257
2.3350000000	0.5424216207
2.3400000000	0.5549240876
2.3450000000	0.5739245342
2.3500000000	0.5999983281
2.3550000000	0.6340079481
2.3600000000	0.6753949504
2.3650000000	0.7244166754
2.3700000000	0.7809366830
2.3750000000	0.8455684443
2.3800000000	0.9206450410
2.3850000000	1.0089349357
2.3900000000	1.1110503528
2.3950000000	1.2224441977
2.4000000000	1.3314269652
2.4050000000	1.4253453514
2.4100000000	1.4774005271
2.4150000000	1.4823732702
2.4200000000	1.4529906665
2.4250000000	1.4109559200
2.4300000000	1.3755310042
2.4350000000	1.3583431232
2.4400000000	1.3640318197
2.4450000000	1.3933463227
2.4500000000	1.4463798365
2.4550000000	1.5243138939
2.4600000000	1.6321453936
2.4650000000	1.7749968485
2.4700000000	1.9585726284
2.4750000000	2.1864356975
2.4800000000	2.4567884398
2.4850000000	2.7580955904
2.4900000000	3.0639700754
2.4950000000	3.3306237295
2.5000000000	3.5032620769
2.5050000000	3.5254565286
2.5100000000	3.3746754349
2.5150000000	3.0920746109
2.5200000000	2.7434140260
2.5250000000	2.3864656867
2.5300000000	2.0564451834
2.5350000000	1.7681489545
2.5400000000	1.5237553993
2.5450000000	1.3196385021
2.5500000000	1.1505437115
2.5550000000	1.0117498410
2.5600000000	0.8956948735
2.5650000000	0.8088423020
2.5700000000	0.7464369259
2.5750000000	0.7062531329
2.5800000000	0.6838304035
2.5850000000	0.6730682072
2.5900000000	0.6682412913
2.5950000000	0.6657845810
2.6000000000	0.6645485830
2.6050000000	0.6698500962
2.6100000000	0.6782484303
2.6150000000	0.6910292231
2.6200000000	0.7088755273
2.6250000000	0.7318294236
2.6300000000	0.7592430051
2.6350000000	0.7897411618
2.6400000000	0.8212227849
2.6450000000	0.8510235228
2.6500000000	0.8763216900
2.6550000000	0.8948038207
2.6600000000	0.9053952936
2.6650000000	0.9087273315
2.6700000000	0.9070034177
2.6750000000	0.9034444958
2.6800000000	0.9011716012
2.6850000000	0.9031006627
2.6900000000	0.9112623326
2.6950000000	0.9269045272
2.7000000000	0.9506255595
2.7050000000	0.9861351781
2.7100000000	1.0318363101
2.7150000000	1.0869900008
2.7200000000	1.1500688088
2.7250000000	1.2184799255
2.7300000000	1.2883090533
2.7350000000	1.3542789129
2.7400000000	1.4101123411
2.7450000000	1.4494358032
2.7500000000	1.4671121924
2.7550000000	1.4605532813
2.7600000000	1.4304203620
2.7650000000	1.3803853863
2.7700000000	1.3160673091
2.7750000000	1.2436915103
2.7800000000	1.1689665346
2.7850000000	1.0964589472
2.7900000000	1.0288162327
2.7950000000	0.9689354790
2.8000000000	0.9174159871
2.8050000000	0.8696998060
2.8100000000	0.8320793351
2.8150000000	0.8030733312
2.8200000000	0.7810726713
2.8250000000	0.7646007618
2.8300000000	0.7524026257
2.8350000000	0.7434373051
2.8400000000	0.7368252151
2.8450000000	0.7318195760
2.8500000000	0.7278207361
2.8550000000	0.7244306127
2.8600000000	0.7215144663
2.8650000000	0.7192207974
2.8700000000	0.7179436445
2.8750000000	0.7182249227
2.8800000000	0.7206344589
2.8850000000	0.7256617271
2.8900000000	0.7336405221
2.8950000000	0.7447034728
2.9000000000	0.7587597257
2.9050000000	0.7797856877
2.9100000000	0.8028435806
2.9150000000	0.8263938498
2.9200000000	0.8484908274
2.9250000000	0.8670443903
2.9300000000	0.8801139138
2.9350000000	0.8862483990
2.9400000000	0.8847672681
2.9450000000	0.8758903141
2.9500000000	0.8606555099
2.9550000000	0.8406544443
2.9600000000	0.8176968711
2.9650000000	0.7934970338
2.9700000000	0.7694647056
2.9750000000	0.7466137759
2.9800000000	0.7255684547
2.9850000000	0.7066306793
2.9900000000	0.6898706544
2.9950000000	0.6752148884
3.0000000000	0.6625180188
