# energy (eV)    P(omega), $W$ = 300 nm, $h$ = 300 nm, $s$ = 20 nm, $d/W = 5$, $E_{\rm e}$ = 200 keV
0.2000000000	0.0493150563
0.2050000000	0.0500660323
0.2100000000	0.0507639088
0.2150000000	0.0514104589
0.2200000000	0.0520072790
0.2250000000	0.0525556867
0.2300000000	0.0530567346
0.2350000000	0.0535111554
0.2400000000	0.0539193222
0.2450000000	0.0542811826
0.2500000000	0.0545962086
0.2550000000	0.0548632632
0.2600000000	0.0550805779
0.2650000000	0.0552455235
0.2700000000	0.0553545271
0.2750000000	0.0554028035
0.2800000000	0.0553841130
0.2850000000	0.0552904021
0.2900000000	0.0551113700
0.2950000000	0.0548338918
0.3000000000	0.0544412163
0.3050000000	0.0539119959
0.3100000000	0.0532188879
0.3150000000	0.0563531223
0.3200000000	0.0600752448
0.3250000000	0.0647862584
0.3300000000	0.0711011906
0.3350000000	0.0789593330
0.3400000000	0.0892493246
0.3450000000	0.1017189955
0.3500000000	0.1180246373
0.3550000000	0.1395887354
0.3600000000	0.1677230848
0.3650000000	0.2069251393
0.3700000000	0.2585635553
0.3750000000	0.3303372537
0.3800000000	0.4340637447
0.3850000000	0.5955838504
0.3900000000	0.8505467720
0.3950000000	1.2832943940
0.4000000000	2.1076759058
0.4050000000	3.9546141763
0.4100000000	8.9903618476
0.4150000000	28.8242864896
0.4200000000	18.3774645823
0.4250000000	-34.4954381984
0.4300000000	9.5734849482
0.4350000000	5.9580020273
0.4400000000	3.6367099088
0.4450000000	2.3881253595
0.4500000000	1.6698459504
0.4550000000	1.2281060735
0.4600000000	0.9405758281
0.4650000000	0.7447477984
0.4700000000	0.6064046620
0.4750000000	0.5063858108
0.4800000000	0.4322450707
0.4850000000	0.3764557917
0.4900000000	0.3338590894
0.4950000000	0.3009933026
0.5000000000	0.2754918568
0.5050000000	0.2556202435
0.5100000000	0.2402596737
0.5150000000	0.2285856600
0.5200000000	0.2197418753
0.5250000000	0.2133377651
0.5300000000	0.2089581100
0.5350000000	0.2062979243
0.5400000000	0.2051320534
0.5450000000	0.2052724987
0.5500000000	0.2066560350
0.5550000000	0.2091755051
0.5600000000	0.2127738001
0.5650000000	0.2174236245
0.5700000000	0.2230986521
0.5750000000	0.2298376595
0.5800000000	0.2377033983
0.5850000000	0.2467359851
0.5900000000	0.2570159338
0.5950000000	0.2686463423
0.6000000000	0.2817580528
0.6050000000	0.2965441243
0.6100000000	0.3131862953
0.6150000000	0.3319348834
0.6200000000	0.3531240626
0.6250000000	0.3770738663
0.6300000000	0.4042583115
0.6350000000	0.4352680043
0.6400000000	0.4707166883
0.6450000000	0.5114917699
0.6500000000	0.5587590968
0.6550000000	0.6137315943
0.6600000000	0.6782751786
0.6650000000	0.7547814598
0.6700000000	0.8460616288
0.6750000000	0.9564047822
0.6800000000	1.0915760112
0.6850000000	1.2591246222
0.6900000000	1.4707424841
0.6950000000	1.7427779313
0.7000000000	2.1011958159
0.7050000000	2.5856792634
0.7100000000	3.2634537285
0.7150000000	4.2541714810
0.7200000000	5.7805259347
0.7250000000	8.3131693262
0.7300000000	12.9599993126
0.7350000000	22.8987626521
0.7400000000	50.1444680524
0.7450000000	166.2212233044
0.7500000000	514.5445952458
0.7550000000	129.3416814352
0.7600000000	42.8007144273
0.7650000000	20.4912349448
0.7700000000	11.9073939201
0.7750000000	7.7653647185
0.7800000000	5.4604040853
0.7850000000	4.0521641308
0.7900000000	3.1280864432
0.7950000000	2.4910134228
0.8000000000	2.0332153982
0.8050000000	1.6923846128
0.8100000000	1.4325770223
0.8150000000	1.2267129346
0.8200000000	1.0642924723
0.8250000000	0.9335557780
0.8300000000	0.8264992669
0.8350000000	0.7385009338
0.8400000000	0.6647542605
0.8450000000	0.6028854296
0.8500000000	0.5505949478
0.8550000000	0.5054838282
0.8600000000	0.4669757705
0.8650000000	0.4340788072
0.8700000000	0.4050198369
0.8750000000	0.3802895247
0.8800000000	0.3592890214
0.8850000000	0.3404627307
0.8900000000	0.3253239531
0.8950000000	0.3115533262
0.9000000000	0.3005985445
0.9050000000	0.2929774091
0.9100000000	0.2859881897
0.9150000000	0.2816528717
0.9200000000	0.2809021009
0.9250000000	0.2802936681
0.9300000000	0.2759921770
0.9350000000	0.2635968257
0.9400000000	0.1954891694
0.9450000000	-0.1132183808
0.9500000000	-1.7405989925
0.9550000000	-9.9884991280
0.9600000000	2.3558141905
0.9650000000	4.1348817453
0.9700000000	1.8331046310
0.9750000000	0.9622145810
0.9800000000	0.6031295138
0.9850000000	0.4352293778
0.9900000000	0.3385350129
0.9950000000	0.2799193778
1.0000000000	0.2424980178
1.0050000000	0.2187627367
1.0100000000	0.2003800495
1.0150000000	0.1869559091
1.0200000000	0.1779082954
1.0250000000	0.1703311438
1.0300000000	0.1645847815
1.0350000000	0.1602498784
1.0400000000	0.1575028274
1.0450000000	0.1552401761
1.0500000000	0.1537725140
1.0550000000	0.1530104228
1.0600000000	0.1531513767
1.0650000000	0.1536450137
1.0700000000	0.1547172328
1.0750000000	0.1563727403
1.0800000000	0.1587606674
1.0850000000	0.1617888805
1.0900000000	0.1662271045
1.0950000000	0.1714910728
1.1000000000	0.1777518594
1.1050000000	0.1849798141
1.1100000000	0.1933966176
1.1150000000	0.2031934826
1.1200000000	0.2145899902
1.1250000000	0.2279037861
1.1300000000	0.2435244395
1.1350000000	0.2619491363
1.1400000000	0.2837361166
1.1450000000	0.3099375926
1.1500000000	0.3416705167
1.1550000000	0.3805620547
1.1600000000	0.4289080170
1.1650000000	0.4896793875
1.1700000000	0.5684784436
1.1750000000	0.6727098173
1.1800000000	0.8146259669
1.1850000000	1.0143747855
1.1900000000	1.3098841085
1.1950000000	1.7740718361
1.2000000000	2.5617109192
1.2050000000	4.0504306390
1.2100000000	7.3253158188
1.2150000000	16.1749232114
1.2200000000	39.7021237719
1.2250000000	35.6358596301
1.2300000000	14.1825337072
1.2350000000	6.6263231791
1.2400000000	3.7637498526
1.2450000000	2.4479304541
1.2500000000	1.7519740668
1.2550000000	1.3482252568
1.2600000000	1.1001277290
1.2650000000	0.9419370523
1.2700000000	0.8439641667
1.2750000000	0.7869116353
1.2800000000	0.7612900291
1.2850000000	0.7625563587
1.2900000000	0.7895457977
1.2950000000	0.8434473131
1.3000000000	0.9315004690
1.3050000000	1.0628657172
1.3100000000	1.2552010107
1.3150000000	1.5392064274
1.3200000000	1.9703012800
1.3250000000	2.6539483593
1.3300000000	3.8218741312
1.3350000000	6.0106013140
1.3400000000	10.6889199238
1.3450000000	22.3002416276
1.3500000000	47.2762057533
1.3550000000	44.0620691049
1.3600000000	20.3116416953
1.3650000000	9.9788344663
1.3700000000	5.7232424436
1.3750000000	3.6813554187
1.3800000000	2.5680782847
1.3850000000	1.8973750902
1.3900000000	1.4649062033
1.3950000000	1.1696928308
1.4000000000	0.9593984756
1.4050000000	0.8045514344
1.4100000000	0.6871432203
1.4150000000	0.5961445697
1.4200000000	0.5233481201
1.4250000000	0.4650416423
1.4300000000	0.4178723799
1.4350000000	0.3699114984
1.4400000000	0.2180713040
1.4450000000	-0.1751466783
1.4500000000	-0.8944916701
1.4550000000	-0.3248633855
1.4600000000	0.8161474116
1.4650000000	0.4966472414
1.4700000000	-0.2119328751
1.4750000000	-1.2951380440
1.4800000000	-0.5645238064
1.4850000000	1.0166865759
1.4900000000	0.8225091559
1.4950000000	0.5359213321
1.5000000000	0.3790545850
1.5050000000	0.2938394119
1.5100000000	0.2449863260
1.5150000000	0.2149169623
1.5200000000	0.1951381780
1.5250000000	0.1825489764
1.5300000000	0.1725472609
1.5350000000	0.1652271196
1.5400000000	0.1598663297
1.5450000000	0.1560237271
1.5500000000	0.1534100185
1.5550000000	0.1518789649
1.5600000000	0.1516766460
1.5650000000	0.1522387074
1.5700000000	0.1540795815
1.5750000000	0.1575497273
1.5800000000	0.1633600721
1.5850000000	0.1729107679
1.5900000000	0.1891547589
1.5950000000	0.2185810394
1.6000000000	0.2747119883
1.6050000000	0.3655817921
1.6100000000	0.4058903859
1.6150000000	0.3278141032
1.6200000000	0.2572175779
1.6250000000	0.2222051652
1.6300000000	0.2068983200
1.6350000000	0.2014201553
1.6400000000	0.2013478278
1.6450000000	0.2046807662
1.6500000000	0.2104743440
1.6550000000	0.2183338248
1.6600000000	0.2281061723
1.6650000000	0.2398089845
1.6700000000	0.2535750756
1.6750000000	0.2696356472
1.6800000000	0.2883189374
1.6850000000	0.3100619169
1.6900000000	0.3354252408
1.6950000000	0.3649417156
1.7000000000	0.3997357569
1.7050000000	0.4418574431
1.7100000000	0.4937375037
1.7150000000	0.5673975179
1.7200000000	0.6694692681
1.7250000000	0.7932006462
1.7300000000	0.9485930980
1.7350000000	1.1146478888
1.7400000000	1.2612488537
1.7450000000	1.4435505178
1.7500000000	1.7263805669
1.7550000000	2.1533285468
1.7600000000	2.7953324560
1.7650000000	3.7863792617
1.7700000000	5.3827928012
1.7750000000	8.0707523101
1.7800000000	12.6465033757
1.7850000000	19.3838323111
1.7900000000	24.0553487759
1.7950000000	20.4511029440
1.8000000000	13.5858099408
1.8050000000	8.5614311952
1.8100000000	5.6307574316
1.8150000000	3.9140835722
1.8200000000	2.8579489675
1.8250000000	2.1731865490
1.8300000000	1.7079384041
1.8350000000	1.3790443979
1.8400000000	1.1387845473
1.8450000000	0.9581516128
1.8500000000	0.8188393213
1.8550000000	0.7093628514
1.8600000000	0.6216008216
1.8650000000	0.5499410372
1.8700000000	0.4902402657
1.8750000000	0.4392500444
1.8800000000	0.3941140049
1.8850000000	0.3519353157
1.8900000000	0.3090325740
1.8950000000	0.2598080281
1.9000000000	0.1948409954
1.9050000000	0.0842629250
1.9100000000	-0.0763042400
1.9150000000	-0.2492332651
1.9200000000	-0.1719064177
1.9250000000	0.3333153653
1.9300000000	0.7391293405
1.9350000000	0.7720654462
1.9400000000	0.6364315416
1.9450000000	0.4993859095
1.9500000000	0.4008463316
1.9550000000	0.3347330724
1.9600000000	0.2901272431
1.9650000000	0.2605958473
1.9700000000	0.2382324526
1.9750000000	0.2218195404
1.9800000000	0.2094572754
1.9850000000	0.1998035800
1.9900000000	0.1919020942
1.9950000000	0.1849781245
2.0000000000	0.1788448234
2.0050000000	0.1757196706
2.0100000000	0.1785865659
2.0150000000	0.1854411231
2.0200000000	0.1908366517
2.0250000000	0.1945152780
2.0300000000	0.1984428236
2.0350000000	0.2034673549
2.0400000000	0.2102360316
2.0450000000	0.2191701219
2.0500000000	0.2307760504
2.0550000000	0.2455674151
2.0600000000	0.2635686808
2.0650000000	0.2830696986
2.0700000000	0.2998278832
2.0750000000	0.3104736515
2.0800000000	0.3173073666
2.0850000000	0.3254667734
2.0900000000	0.3381324498
2.0950000000	0.3562765347
2.1000000000	0.3804219296
2.1050000000	0.4100163264
2.1100000000	0.4471245200
2.1150000000	0.4931799137
2.1200000000	0.5503098828
2.1250000000	0.6215725547
2.1300000000	0.7113283599
2.1350000000	0.8258314639
2.1400000000	0.9741220277
2.1450000000	1.1694139073
2.1500000000	1.4309427018
2.1550000000	1.7858962768
2.1600000000	2.2690359243
2.1650000000	2.9097581523
2.1700000000	3.6969278231
2.1750000000	4.4825305912
2.1800000000	4.9792424271
2.1850000000	5.0351608324
2.1900000000	4.8641703676
2.1950000000	4.7506509027
2.2000000000	4.7179597641
2.2050000000	4.4910566110
2.2100000000	3.9546344536
2.2150000000	3.2732595278
2.2200000000	2.6498225284
2.2250000000	2.1504867374
2.2300000000	1.7574690395
2.2350000000	1.4453079683
2.2400000000	1.1976434165
2.2450000000	1.0043366575
2.2500000000	0.8535803249
2.2550000000	0.7346351639
2.2600000000	0.6385370250
2.2650000000	0.5578276042
2.2700000000	0.4862402758
2.2750000000	0.4193767803
2.2800000000	0.3575483484
2.2850000000	0.3085170499
2.2900000000	0.2837804282
2.2950000000	0.2873012786
2.3000000000	0.3077375541
2.3050000000	0.3277094494
2.3100000000	0.3363300948
2.3150000000	0.3341521928
2.3200000000	0.3259423353
2.3250000000	0.3165665777
2.3300000000	0.3086545254
2.3350000000	0.3031175793
2.3400000000	0.2997669833
2.3450000000	0.2976272336
2.3500000000	0.2953959367
2.3550000000	0.2922402382
2.3600000000	0.2883911253
2.3650000000	0.2848587823
2.3700000000	0.2826446709
2.3750000000	0.2822381806
2.3800000000	0.2835562856
2.3850000000	0.2860968697
2.3900000000	0.2893005654
2.3950000000	0.2926889711
2.4000000000	0.2965476299
2.4050000000	0.3019403042
2.4100000000	0.3094077591
2.4150000000	0.3196356901
2.4200000000	0.3330904715
2.4250000000	0.3501963909
2.4300000000	0.3714293632
2.4350000000	0.3973859286
2.4400000000	0.4288336192
2.4450000000	0.4667626584
2.4500000000	0.5124333047
2.4550000000	0.5674399550
2.4600000000	0.6337514315
2.4650000000	0.7137499547
2.4700000000	0.8101949603
2.4750000000	0.9258953339
2.4800000000	1.0638893252
2.4850000000	1.2255431435
2.4900000000	1.4095188386
2.4950000000	1.6091620787
2.5000000000	1.8096896390
2.5050000000	1.9950252031
2.5100000000	2.1147569274
2.5150000000	2.1409698405
2.5200000000	2.0700544791
2.5250000000	1.9241988106
2.5300000000	1.7371589596
2.5350000000	1.5385438100
2.5400000000	1.3471074338
2.5450000000	1.1721188654
2.5500000000	1.0170416784
2.5550000000	0.8823159312
2.5600000000	0.7659869469
2.5650000000	0.6677997270
2.5700000000	0.5857951449
2.5750000000	0.5188135581
2.5800000000	0.4659492968
2.5850000000	0.4260803821
2.5900000000	0.3971813577
2.5950000000	0.3763200303
2.6000000000	0.3604295353
2.6050000000	0.3490962034
2.6100000000	0.3389199543
2.6150000000	0.3297756417
2.6200000000	0.3218917723
2.6250000000	0.3154930049
2.6300000000	0.3107149926
2.6350000000	0.3076165505
2.6400000000	0.3062285341
2.6450000000	0.3065858010
2.6500000000	0.3087631986
2.6550000000	0.3127733212
2.6600000000	0.3187213778
2.6650000000	0.3267003088
2.6700000000	0.3368196243
2.6750000000	0.3492092546
2.6800000000	0.3640138097
2.6850000000	0.3813912282
2.6900000000	0.4014941336
2.6950000000	0.4244608618
2.7000000000	0.4503872424
2.7050000000	0.4823951533
2.7100000000	0.5182696008
2.7150000000	0.5577642947
2.7200000000	0.6003469197
2.7250000000	0.6451307213
2.7300000000	0.6908115457
2.7350000000	0.7356126271
2.7400000000	0.7772557541
2.7450000000	0.8133359155
2.7500000000	0.8403618925
2.7550000000	0.8559356362
2.7600000000	0.8582560900
2.7650000000	0.8468599698
2.7700000000	0.8227852288
2.7750000000	0.7883607665
2.7800000000	0.7466752895
2.7850000000	0.7010146514
2.7900000000	0.6543142627
2.7950000000	0.6089242682
2.8000000000	0.5665023568
2.8050000000	0.5233656883
2.8100000000	0.4861283933
2.8150000000	0.4547055300
2.8200000000	0.4286031765
2.8250000000	0.4071648792
2.8300000000	0.3897321175
2.8350000000	0.3757436571
2.8400000000	0.3646028691
2.8450000000	0.3563499415
2.8500000000	0.3505476336
2.8550000000	0.3470330300
2.8600000000	0.3456908763
2.8650000000	0.3464301182
2.8700000000	0.3491696994
2.8750000000	0.3538266728
2.8800000000	0.3603050786
2.8850000000	0.3684856018
2.8900000000	0.3782213397
2.8950000000	0.3893328735
2.9000000000	0.4016073910
2.9050000000	0.4177313759
2.9100000000	0.4342855512
2.9150000000	0.4506315186
2.9200000000	0.4660015940
2.9250000000	0.4795056668
2.9300000000	0.4903071554
2.9350000000	0.4972923077
2.9400000000	0.4999032417
2.9450000000	0.4978542823
2.9500000000	0.4913135922
2.9550000000	0.4808778858
2.9600000000	0.4674560148
2.9650000000	0.4521023395
2.9700000000	0.4358514923
2.9750000000	0.4196011832
2.9800000000	0.4040476328
2.9850000000	0.3896765290
2.9900000000	0.3767867565
2.9950000000	0.3655305615
3.0000000000	0.3559570317
