# energy (eV)    P(omega), $W$ = 300 nm, $h$ = 300 nm, $s$ = 20 nm, $d/W = 5$, $E_{\rm e}$ = 200 keV
0.2000000000	0.1044990860
0.2050000000	0.1060002621
0.2100000000	0.1074113275
0.2150000000	0.1087351001
0.2200000000	0.1099740091
0.2250000000	0.1111300632
0.2300000000	0.1122047381
0.2350000000	0.1131989557
0.2400000000	0.1141129797
0.2450000000	0.1149461901
0.2500000000	0.1156972092
0.2550000000	0.1163633891
0.2600000000	0.1169408607
0.2650000000	0.1174242302
0.2700000000	0.1178061040
0.2750000000	0.1180768025
0.2800000000	0.1182237797
0.2850000000	0.1182309934
0.2900000000	0.1180778335
0.2950000000	0.1177383121
0.3000000000	0.1171789625
0.3050000000	0.1163575061
0.3100000000	0.1152196647
0.3150000000	0.1214274275
0.3200000000	0.1288010735
0.3250000000	0.1381222264
0.3300000000	0.1505955180
0.3350000000	0.1661266373
0.3400000000	0.1864669987
0.3450000000	0.2111596738
0.3500000000	0.2434754803
0.3550000000	0.2862566122
0.3600000000	0.3421574927
0.3650000000	0.4201259863
0.3700000000	0.5230337568
0.3750000000	0.6662911776
0.3800000000	0.8736308326
0.3850000000	1.1969035974
0.3900000000	1.7079901113
0.3950000000	2.5767676123
0.4000000000	4.2340775257
0.4050000000	7.9522029101
0.4100000000	18.1048464839
0.4150000000	58.1512331714
0.4200000000	37.0147791370
0.4250000000	-69.8720985638
0.4300000000	19.4710419603
0.4350000000	12.1490963029
0.4400000000	7.4379823141
0.4450000000	4.9002708864
0.4500000000	3.4384177932
0.4550000000	2.5382604371
0.4600000000	1.9516593064
0.4650000000	1.5517189535
0.4700000000	1.2689192076
0.4750000000	1.0643263890
0.4800000000	0.9126056792
0.4850000000	0.7984386383
0.4900000000	0.7113119768
0.4950000000	0.6441650207
0.5000000000	0.5921730089
0.5050000000	0.5517918313
0.5100000000	0.5207440069
0.5150000000	0.4973537171
0.5200000000	0.4798589397
0.5250000000	0.4674748760
0.5300000000	0.4593522080
0.5350000000	0.4548715154
0.5400000000	0.4535769008
0.5450000000	0.4550877543
0.5500000000	0.4592906935
0.5550000000	0.4659734051
0.5600000000	0.4750324375
0.5650000000	0.4864240966
0.5700000000	0.5001114011
0.5750000000	0.5161922882
0.5800000000	0.5348259597
0.5850000000	0.5561170196
0.5900000000	0.5802644997
0.5950000000	0.6075152241
0.6000000000	0.6381832091
0.6050000000	0.6727185850
0.6100000000	0.7115549569
0.6150000000	0.7552808044
0.6200000000	0.8046816143
0.6250000000	0.8605094616
0.6300000000	0.9238759391
0.6350000000	0.9961665941
0.6400000000	1.0788236723
0.6450000000	1.1739279402
0.6500000000	1.2842161348
0.6550000000	1.4125377404
0.6600000000	1.5632705938
0.6650000000	1.7420363701
0.6700000000	1.9554441783
0.6750000000	2.2135682899
0.6800000000	2.5299727309
0.6850000000	2.9224132473
0.6900000000	3.4184128310
0.6950000000	4.0564519121
0.7000000000	4.8976927058
0.7050000000	6.0356333388
0.7100000000	7.6287443105
0.7150000000	9.9591568600
0.7200000000	13.5522263896
0.7250000000	19.5186917524
0.7300000000	30.4743411216
0.7350000000	53.9252456335
0.7400000000	118.2656336627
0.7450000000	392.6298993768
0.7500000000	1217.2680598975
0.7550000000	306.4598851966
0.7600000000	101.5696807294
0.7650000000	48.7039468732
0.7700000000	28.3466573171
0.7750000000	18.5157386523
0.7800000000	13.0407797297
0.7850000000	9.6932801154
0.7900000000	7.4950389318
0.7950000000	5.9784166777
0.8000000000	4.8878003909
0.8050000000	4.0752602390
0.8100000000	3.4554418345
0.8150000000	2.9639090411
0.8200000000	2.5758567789
0.8250000000	2.2633140817
0.8300000000	2.0072072246
0.8350000000	1.7965940374
0.8400000000	1.6199975255
0.8450000000	1.4717780429
0.8500000000	1.3464795334
0.8550000000	1.2383219805
0.8600000000	1.1459898402
0.8650000000	1.0671410691
0.8700000000	0.9974507348
0.8750000000	0.9382000901
0.8800000000	0.8879700105
0.8850000000	0.8429312415
0.8900000000	0.8068981198
0.8950000000	0.7741151868
0.9000000000	0.7482379621
0.9050000000	0.7306137939
0.9100000000	0.7144726191
0.9150000000	0.7049233952
0.9200000000	0.7043560039
0.9250000000	0.7040571665
0.9300000000	0.6942115352
0.9350000000	0.6633857801
0.9400000000	0.4893768617
0.9450000000	-0.3035550482
0.9500000000	-4.4923512087
0.9550000000	-25.7537760197
0.9600000000	6.0830133952
0.9650000000	10.6915541345
0.9700000000	4.7453059484
0.9750000000	2.4922975726
0.9800000000	1.5623330711
0.9850000000	1.1272656984
0.9900000000	0.8764620692
0.9950000000	0.7243299148
1.0000000000	0.6271750416
1.0050000000	0.5656076205
1.0100000000	0.5178240967
1.0150000000	0.4828947827
1.0200000000	0.4593784416
1.0250000000	0.4395884715
1.0300000000	0.4245209832
1.0350000000	0.4130816873
1.0400000000	0.4057749536
1.0450000000	0.3996317250
1.0500000000	0.3954976416
1.0550000000	0.3931359476
1.0600000000	0.3930927880
1.0650000000	0.3938484870
1.0700000000	0.3960166530
1.0750000000	0.3996044786
1.0800000000	0.4050141611
1.0850000000	0.4118915393
1.0900000000	0.4221425211
1.0950000000	0.4343330954
1.1000000000	0.4488911835
1.1050000000	0.4656299367
1.1100000000	0.4850960711
1.1150000000	0.5077209976
1.1200000000	0.5340340459
1.1250000000	0.5646394647
1.1300000000	0.6004502834
1.1350000000	0.6425691538
1.1400000000	0.6922723648
1.1450000000	0.7517968448
1.1500000000	0.8236520844
1.1550000000	0.9114297651
1.1600000000	1.0201962860
1.1650000000	1.1565449603
1.1700000000	1.3327281057
1.1750000000	1.5650974847
1.1800000000	1.8806464001
1.1850000000	2.3237189112
1.1900000000	2.9780126619
1.1950000000	4.0039481927
1.2000000000	5.7426901339
1.2050000000	9.0267642611
1.2100000000	16.2493667935
1.2150000000	35.7744433418
1.2200000000	87.7401160121
1.2250000000	78.9065501280
1.2300000000	31.5686057495
1.2350000000	14.8840868495
1.2400000000	8.5676392955
1.2450000000	5.6729313121
1.2500000000	4.1521289941
1.2550000000	3.2815083942
1.2600000000	2.7597675251
1.2650000000	2.4421933985
1.2700000000	2.2648408407
1.2750000000	2.1864549595
1.2800000000	2.1883799234
1.2850000000	2.2637748204
1.2900000000	2.4146882783
1.2950000000	2.6497187870
1.3000000000	2.9958799852
1.3050000000	3.4883378108
1.3100000000	4.1906991621
1.3150000000	5.2125533393
1.3200000000	6.7501069807
1.3250000000	9.1780506241
1.3300000000	13.3141989405
1.3350000000	21.0573878401
1.3400000000	37.6056374304
1.3450000000	78.6960135838
1.3500000000	167.1778514691
1.3550000000	156.0185389834
1.3600000000	71.9750043721
1.3650000000	35.3691660494
1.3700000000	20.2837691087
1.3750000000	13.0430696091
1.3800000000	9.0949015930
1.3850000000	6.7169612247
1.3900000000	5.1851565217
1.3950000000	4.1407317949
1.4000000000	3.3990696580
1.4050000000	2.8559825269
1.4100000000	2.4489931301
1.4150000000	2.1418902332
1.4200000000	1.9109474922
1.4250000000	1.7562633217
1.4300000000	1.6996054010
1.4350000000	1.7310932698
1.4400000000	1.3332815816
1.4450000000	0.1148570448
1.4500000000	-1.8633259534
1.4550000000	-0.5224965371
1.4600000000	2.2561455390
1.4650000000	1.2215067887
1.4700000000	-1.1533146673
1.4750000000	-5.0477970842
1.4800000000	-2.2465864335
1.4850000000	3.6925392954
1.4900000000	2.9931858101
1.4950000000	1.9374072547
1.5000000000	1.3612595328
1.5050000000	1.0510237345
1.5100000000	0.8741983684
1.5150000000	0.7668120649
1.5200000000	0.6974420862
1.5250000000	0.6543402301
1.5300000000	0.6214151419
1.5350000000	0.5987198812
1.5400000000	0.5837701727
1.5450000000	0.5752330574
1.5500000000	0.5722479960
1.5550000000	0.5748367637
1.5600000000	0.5845321021
1.5650000000	0.6005469054
1.5700000000	0.6264782732
1.5750000000	0.6667137366
1.5800000000	0.7294915345
1.5850000000	0.8308478685
1.5900000000	1.0045685590
1.5950000000	1.3254189957
1.6000000000	1.9513254675
1.6050000000	2.9862360047
1.6100000000	3.4655268943
1.6150000000	2.5670190738
1.6200000000	1.7241217556
1.6250000000	1.2791910158
1.6300000000	1.0557930747
1.6350000000	0.9407820399
1.6400000000	0.8824894044
1.6450000000	0.8569008055
1.6500000000	0.8519906708
1.6550000000	0.8621255970
1.6600000000	0.8839435655
1.6650000000	0.9159093702
1.6700000000	0.9574393966
1.6750000000	1.0085372109
1.6800000000	1.0696597003
1.6850000000	1.1415155736
1.6900000000	1.2247315494
1.6950000000	1.3181259499
1.7000000000	1.4201321444
1.7050000000	1.5246749141
1.7100000000	1.6439686015
1.7150000000	1.9404025818
1.7200000000	2.4604768060
1.7250000000	2.9370083384
1.7300000000	3.4484355978
1.7350000000	4.0103843556
1.7400000000	4.5617750151
1.7450000000	5.2699989947
1.7500000000	6.3410176285
1.7550000000	7.9351243041
1.7600000000	10.3202067353
1.7650000000	13.9968331843
1.7700000000	19.9192330199
1.7750000000	29.8969352015
1.7800000000	46.8987381351
1.7850000000	71.9724137367
1.7900000000	89.4423812117
1.7950000000	76.1618939490
1.8000000000	50.6878509995
1.8050000000	32.0105268123
1.8100000000	21.1052964593
1.8150000000	14.7133132657
1.8200000000	10.7796003055
1.8250000000	8.2293616675
1.8300000000	6.4978382741
1.8350000000	5.2756571346
1.8400000000	4.3852407824
1.8450000000	3.7188671747
1.8500000000	3.2086476876
1.8550000000	2.8121026873
1.8600000000	2.4995987555
1.8650000000	2.2509964279
1.8700000000	2.0519719788
1.8750000000	1.8920094160
1.8800000000	1.7627670771
1.8850000000	1.6568738568
1.8900000000	1.5658358626
1.8950000000	1.4769781708
1.9000000000	1.3684139065
1.9050000000	1.1629029291
1.9100000000	0.8800609924
1.9150000000	0.7301985236
1.9200000000	1.7859253761
1.9250000000	4.7039917783
1.9300000000	7.0182195590
1.9350000000	6.9102967921
1.9400000000	5.4351546144
1.9450000000	4.0049587893
1.9500000000	3.0007959281
1.9550000000	2.3428361680
1.9600000000	1.9080351735
1.9650000000	1.6170159636
1.9700000000	1.4069223925
1.9750000000	1.2529158396
1.9800000000	1.1353382439
1.9850000000	1.0399272558
1.9900000000	0.9557694675
1.9950000000	0.8733402470
2.0000000000	0.7912509606
2.0050000000	0.7388077718
2.0100000000	0.7688565602
2.0150000000	0.8516322076
2.0200000000	0.9026735131
2.0250000000	0.9162368500
2.0300000000	0.9192969808
2.0350000000	0.9248594575
2.0400000000	0.9377570788
2.0450000000	0.9592222355
2.0500000000	0.9900546426
2.0550000000	1.0309805762
2.0600000000	1.0820006186
2.0650000000	1.1400239448
2.0700000000	1.1973854179
2.0750000000	1.2483405325
2.0800000000	1.2979575165
2.0850000000	1.3567181579
2.0900000000	1.4316483767
2.0950000000	1.5257065679
2.1000000000	1.6420746321
2.1050000000	1.7796985155
2.1100000000	1.9482505580
2.1150000000	2.1548013349
2.1200000000	2.4092667386
2.1250000000	2.7255554424
2.1300000000	3.1232732058
2.1350000000	3.6304110902
2.1400000000	4.2873872332
2.1450000000	5.1532932821
2.1500000000	6.3142278894
2.1550000000	7.8920440512
2.1600000000	10.0426944611
2.1650000000	12.8982515756
2.1700000000	16.4058828912
2.1750000000	19.8932076565
2.1800000000	22.0479583577
2.1850000000	22.1599836498
2.1900000000	21.1803892884
2.1950000000	20.4181395849
2.2000000000	20.0801528825
2.2050000000	19.1409986998
2.2100000000	17.1469953881
2.2150000000	14.6953185445
2.2200000000	12.4943947679
2.2250000000	10.6754558282
2.2300000000	9.0739188859
2.2350000000	7.6260180575
2.2400000000	6.3823918298
2.2450000000	5.3873447567
2.2500000000	4.6245511210
2.2550000000	4.0515215586
2.2600000000	3.6224562832
2.2650000000	3.2914628619
2.2700000000	3.0089341665
2.2750000000	2.7259992031
2.2800000000	2.4214068642
2.2850000000	2.1315863499
2.2900000000	1.9313262127
2.2950000000	1.8629558138
2.3000000000	1.8874529267
2.3050000000	1.9248298503
2.3100000000	1.9279890208
2.3150000000	1.8973138201
2.3200000000	1.8531919908
2.3250000000	1.8166815553
2.3300000000	1.7985575464
2.3350000000	1.8006716663
2.3400000000	1.8169906084
2.3450000000	1.8338587308
2.3500000000	1.8340807674
2.3550000000	1.8066862908
2.3600000000	1.7547800124
2.3650000000	1.6919287011
2.3700000000	1.6321165221
2.3750000000	1.5836952799
2.3800000000	1.5493774576
2.3850000000	1.5283945992
2.3900000000	1.5189958577
2.3950000000	1.5191534738
2.4000000000	1.5294200331
2.4050000000	1.5531762998
2.4100000000	1.5915557614
2.4150000000	1.6461273248
2.4200000000	1.7178340305
2.4250000000	1.8083257324
2.4300000000	1.9200083732
2.4350000000	2.0561093973
2.4400000000	2.2207935340
2.4450000000	2.4193784487
2.4500000000	2.6585732197
2.4550000000	2.9468105687
2.4600000000	3.2944511868
2.4650000000	3.7139258859
2.4700000000	4.2194915193
2.4750000000	4.8254291351
2.4800000000	5.5464879605
2.4850000000	6.3885069840
2.4900000000	7.3432567237
2.4950000000	8.3765706470
2.5000000000	9.4161910436
2.5050000000	10.3887091622
2.5100000000	11.0457083526
2.5150000000	11.2439108306
2.5200000000	10.9491757890
2.5250000000	10.2524849082
2.5300000000	9.3123363104
2.5350000000	8.2815921823
2.5400000000	7.2682440987
2.5450000000	6.3333065997
2.5500000000	5.5039108016
2.5550000000	4.7862324474
2.5600000000	4.1704038429
2.5650000000	3.6526475415
2.5700000000	3.2207741474
2.5750000000	2.8671530569
2.5800000000	2.5860844715
2.5850000000	2.3713722384
2.5900000000	2.2128252746
2.5950000000	2.0961158096
2.6000000000	2.0063255498
2.6050000000	1.9425130734
2.6100000000	1.8872594086
2.6150000000	1.8396887314
2.6200000000	1.8007409469
2.6250000000	1.7714572803
2.6300000000	1.7525330039
2.6350000000	1.7443228809
2.6400000000	1.7470329206
2.6450000000	1.7608548679
2.6500000000	1.7861639787
2.6550000000	1.8230653505
2.6600000000	1.8721253214
2.6650000000	1.9339159761
2.6700000000	2.0091400848
2.6750000000	2.0986493198
2.6800000000	2.2033876114
2.6850000000	2.3243205944
2.6900000000	2.4622392875
2.6950000000	2.6176025461
2.7000000000	2.7902532275
2.7050000000	2.9998279019
2.7100000000	3.2285511122
2.7150000000	3.4719696133
2.7200000000	3.7236062272
2.7250000000	3.9753236850
2.7300000000	4.2179398112
2.7350000000	4.4417565963
2.7400000000	4.6366875632
2.7450000000	4.7937789012
2.7500000000	4.8991419297
2.7550000000	4.9443683580
2.7600000000	4.9230780995
2.7650000000	4.8345288642
2.7700000000	4.6846553820
2.7750000000	4.4853485784
2.7800000000	4.2521075409
2.7850000000	4.0013747126
2.7900000000	3.7479029306
2.7950000000	3.5035226182
2.8000000000	3.2765990315
2.8050000000	3.0470053971
2.8100000000	2.8505030314
2.8150000000	2.6865648456
2.8200000000	2.5525518946
2.8250000000	2.4449860365
2.8300000000	2.3603636322
2.8350000000	2.2956862370
2.8400000000	2.2477973453
2.8450000000	2.2168068791
2.8500000000	2.2004208805
2.8550000000	2.1977652989
2.8600000000	2.2081874717
2.8650000000	2.2310994596
2.8700000000	2.2658436072
2.8750000000	2.3115855716
2.8800000000	2.3672315308
2.8850000000	2.4313589634
2.8900000000	2.5022579246
2.8950000000	2.5779944449
2.9000000000	2.6565347046
2.9050000000	2.7509177257
2.9100000000	2.8414623846
2.9150000000	2.9253204205
2.9200000000	2.9995024650
2.9250000000	3.0606165838
2.9300000000	3.1055394908
2.9350000000	3.1294142935
2.9400000000	3.1301445916
2.9450000000	3.1068373042
2.9500000000	3.0608372555
2.9550000000	2.9956407311
2.9600000000	2.9162943121
2.9650000000	2.8285162141
2.9700000000	2.7378359480
2.9750000000	2.6489790751
2.9800000000	2.5655664997
2.9850000000	2.4900686785
2.9900000000	2.4239715227
2.9950000000	2.3679725795
3.0000000000	2.3222186397
