# energy (eV)    P(omega), $W$ = 300 nm, $h$ = 300 nm, $s$ = 20 nm, $d/W = 5$, $E_{\rm e}$ = 200 keV
0.2000000000	0.0665745065
0.2050000000	0.0675723732
0.2100000000	0.0685056488
0.2150000000	0.0693764354
0.2200000000	0.0701865173
0.2250000000	0.0709374143
0.2300000000	0.0716302818
0.2350000000	0.0722658861
0.2400000000	0.0728445071
0.2450000000	0.0733659168
0.2500000000	0.0738292493
0.2550000000	0.0742328627
0.2600000000	0.0745743000
0.2650000000	0.0748499926
0.2700000000	0.0750551118
0.2750000000	0.0751832596
0.2800000000	0.0752261332
0.2850000000	0.0751730619
0.2900000000	0.0750103751
0.2950000000	0.0747207322
0.3000000000	0.0742819795
0.3050000000	0.0736658892
0.3100000000	0.0728363212
0.3150000000	0.0769732122
0.3200000000	0.0818862827
0.3250000000	0.0881001148
0.3300000000	0.0964214214
0.3350000000	0.1067794137
0.3400000000	0.1203433375
0.3450000000	0.1367956024
0.3500000000	0.1583180391
0.3550000000	0.1867961919
0.3600000000	0.2239802862
0.3650000000	0.2758189821
0.3700000000	0.3441729696
0.3750000000	0.4392567616
0.3800000000	0.5767761682
0.3850000000	0.7910593401
0.3900000000	1.1295836891
0.3950000000	1.7046153459
0.4000000000	2.8008447180
0.4050000000	5.2586007398
0.4100000000	11.9650086849
0.4150000000	38.3996759571
0.4200000000	24.4660902473
0.4250000000	-46.0550318680
0.4300000000	12.8072986782
0.4350000000	7.9812316636
0.4400000000	4.8790962425
0.4450000000	3.2092213269
0.4500000000	2.2479001167
0.4550000000	1.6563002901
0.4600000000	1.2709894904
0.4650000000	1.0084187365
0.4700000000	0.8228358706
0.4750000000	0.6886167244
0.4800000000	0.5891034547
0.4850000000	0.5142219056
0.4900000000	0.4570627794
0.4950000000	0.4129878138
0.5000000000	0.3788266158
0.5050000000	0.3522530431
0.5100000000	0.3317692509
0.5150000000	0.3162725719
0.5200000000	0.3046103204
0.5250000000	0.2962632229
0.5300000000	0.2906738354
0.5350000000	0.2874345296
0.5400000000	0.2862447930
0.5450000000	0.2868535566
0.5500000000	0.2891815076
0.5550000000	0.2930871477
0.5600000000	0.2984982527
0.5650000000	0.3053824297
0.5700000000	0.3137102165
0.5750000000	0.3235398322
0.5800000000	0.3349658942
0.5850000000	0.3480502063
0.5900000000	0.3629123828
0.5950000000	0.3797028778
0.6000000000	0.3986133513
0.6050000000	0.4199214933
0.6100000000	0.4438923213
0.6150000000	0.4708878407
0.6200000000	0.5013909272
0.6250000000	0.5358645762
0.6300000000	0.5749930874
0.6350000000	0.6196293437
0.6400000000	0.6706608131
0.6450000000	0.7293684368
0.6500000000	0.7974364508
0.6550000000	0.8766181606
0.6600000000	0.9696081510
0.6650000000	1.0798641303
0.6700000000	1.2114509654
0.6750000000	1.3705675378
0.6800000000	1.5655495721
0.6850000000	1.8073174273
0.6900000000	2.1127844904
0.6950000000	2.5056059411
0.7000000000	3.0233576182
0.7050000000	3.7234840709
0.7100000000	4.7033182096
0.7150000000	6.1361245379
0.7200000000	8.3444705800
0.7250000000	12.0102190233
0.7300000000	18.7388148338
0.7350000000	33.1362285293
0.7400000000	72.6220116263
0.7450000000	240.9276846800
0.7500000000	746.4121500468
0.7550000000	187.7803901375
0.7600000000	62.1899211484
0.7650000000	29.7985319165
0.7700000000	17.3301456632
0.7750000000	11.3111447771
0.7800000000	7.9603029362
0.7850000000	5.9122489971
0.7900000000	4.5677927556
0.7950000000	3.6405414995
0.8000000000	2.9739672498
0.8050000000	2.4775129324
0.8100000000	2.0989349042
0.8150000000	1.7988262694
0.8200000000	1.5619701043
0.8250000000	1.3712544097
0.8300000000	1.2150269699
0.8350000000	1.0865781766
0.8400000000	0.9788997077
0.8450000000	0.8885429912
0.8500000000	0.8121652359
0.8550000000	0.7462538685
0.8600000000	0.6899874393
0.8650000000	0.6419265641
0.8700000000	0.5994605081
0.8750000000	0.5633375331
0.8800000000	0.5326870556
0.8850000000	0.5052071481
0.8900000000	0.4831651720
0.8950000000	0.4631137241
0.9000000000	0.4472240320
0.9050000000	0.4362845308
0.9100000000	0.4262597967
0.9150000000	0.4201838857
0.9200000000	0.4194643032
0.9250000000	0.4189334628
0.9300000000	0.4127983773
0.9350000000	0.3943623240
0.9400000000	0.2916055713
0.9450000000	-0.1754988792
0.9500000000	-2.6406907577
0.9550000000	-15.1448379171
0.9600000000	3.5736709478
0.9650000000	6.2778462347
0.9700000000	2.7844939713
0.9750000000	1.4617940043
0.9800000000	0.9161200158
0.9850000000	0.6609052105
0.9900000000	0.5138542678
0.9950000000	0.4246855804
1.0000000000	0.3677511096
1.0050000000	0.3316567222
1.0100000000	0.3036740067
1.0150000000	0.2832308052
1.0200000000	0.2694616652
1.0250000000	0.2579038999
1.0300000000	0.2491234574
1.0350000000	0.2424808092
1.0400000000	0.2382576729
1.0450000000	0.2347453948
1.0500000000	0.2324278660
1.0550000000	0.2311679144
1.0600000000	0.2312757305
1.0650000000	0.2318879784
1.0700000000	0.2333565884
1.0750000000	0.2356877018
1.0800000000	0.2391121974
1.0850000000	0.2434578802
1.0900000000	0.2498689825
1.0950000000	0.2574827081
1.1000000000	0.2665547202
1.1050000000	0.2770099802
1.1100000000	0.2891790190
1.1150000000	0.3033353726
1.1200000000	0.3198036324
1.1250000000	0.3390068555
1.1300000000	0.3615131431
1.1350000000	0.3880292360
1.1400000000	0.4193602663
1.1450000000	0.4569748818
1.1500000000	0.5024710640
1.1550000000	0.5581585164
1.1600000000	0.6272958359
1.1650000000	0.7141116049
1.1700000000	0.8265256220
1.1750000000	0.9750530917
1.1800000000	1.1770764023
1.1850000000	1.4611684984
1.1900000000	1.8811805597
1.1950000000	2.5405073787
1.2000000000	3.6588139173
1.2050000000	5.7721178598
1.2100000000	10.4209878377
1.2150000000	22.9870028870
1.2200000000	56.4151395790
1.2250000000	50.6872601231
1.2300000000	20.2202002562
1.2350000000	9.4845808872
1.2400000000	5.4181814006
1.2450000000	3.5511368099
1.2500000000	2.5662521529
1.2550000000	1.9979251212
1.2600000000	1.6521776846
1.2650000000	1.4357055505
1.2700000000	1.3067571169
1.2750000000	1.2382623782
1.2800000000	1.2173472084
1.2850000000	1.2384031511
1.2900000000	1.3010076592
1.2950000000	1.4084237408
1.3000000000	1.5738938275
1.3050000000	1.8144029855
1.3100000000	2.1615975711
1.3150000000	2.6702282059
1.3200000000	3.4387141068
1.3250000000	4.6546451842
1.3300000000	6.7288406068
1.3350000000	10.6138053287
1.3400000000	18.9170979728
1.3450000000	39.5302685073
1.3500000000	83.8945495567
1.3550000000	78.2448236215
1.3600000000	36.0827130886
1.3650000000	17.7287927561
1.3700000000	10.1672403234
1.3750000000	6.5384319780
1.3800000000	4.5598046157
1.3850000000	3.3679021389
1.3900000000	2.5997116163
1.3950000000	2.0756028542
1.4000000000	1.7028027897
1.4050000000	1.4290015994
1.4100000000	1.2225228314
1.4150000000	1.0644506614
1.4200000000	0.9414525828
1.4250000000	0.8500290674
1.4300000000	0.7921193928
1.4350000000	0.7542667716
1.4400000000	0.5194977682
1.4450000000	-0.1314785736
1.4500000000	-1.2633292853
1.4550000000	-0.4214045353
1.4600000000	1.2875487260
1.4650000000	0.7451756088
1.4700000000	-0.4785833126
1.4750000000	-2.4156098818
1.4800000000	-1.0659491436
1.4850000000	1.8248674399
1.4900000000	1.4772882980
1.4950000000	0.9583789951
1.5000000000	0.6746850259
1.5050000000	0.5211115599
1.5100000000	0.4332008577
1.5150000000	0.3793005879
1.5200000000	0.3439950396
1.5250000000	0.3215822431
1.5300000000	0.3039180913
1.5350000000	0.2910817074
1.5400000000	0.2817770310
1.5450000000	0.2752307968
1.5500000000	0.2709073423
1.5550000000	0.2685824350
1.5600000000	0.2687130787
1.5650000000	0.2703662239
1.5700000000	0.2745257242
1.5750000000	0.2819580338
1.5800000000	0.2941920401
1.5850000000	0.3142395744
1.5900000000	0.3484736240
1.5950000000	0.4109847644
1.6000000000	0.5314747396
1.6050000000	0.7292499788
1.6100000000	0.8216085230
1.6150000000	0.6551629526
1.6200000000	0.5007929827
1.6250000000	0.4223878617
1.6300000000	0.3864905905
1.6350000000	0.3718037799
1.6400000000	0.3686805143
1.6450000000	0.3727094661
1.6500000000	0.3817441268
1.6550000000	0.3949075029
1.6600000000	0.4117535514
1.6650000000	0.4322270033
1.6700000000	0.4565013076
1.6750000000	0.4849284824
1.6800000000	0.5180210208
1.6850000000	0.5564624545
1.6900000000	0.6010457448
1.6950000000	0.6522298965
1.7000000000	0.7111411408
1.7050000000	0.7792887859
1.7100000000	0.8618884669
1.7150000000	1.0008260445
1.7200000000	1.2107077383
1.7250000000	1.4374283581
1.7300000000	1.7069303228
1.7350000000	1.9985617287
1.7400000000	2.2679153600
1.7450000000	2.6074207668
1.7500000000	3.1277983085
1.7550000000	3.9082541829
1.7600000000	5.0791635195
1.7650000000	6.8855715062
1.7700000000	9.7954999812
1.7750000000	14.6967029890
1.7800000000	23.0443676931
1.7850000000	35.3457440687
1.7900000000	43.8967158696
1.7950000000	37.3495822263
1.8000000000	24.8335690461
1.8050000000	15.6649476459
1.8100000000	10.3140729637
1.8150000000	7.1785458297
1.8200000000	5.2490352935
1.8250000000	3.9979003321
1.8300000000	3.1479573851
1.8350000000	2.5473851083
1.8400000000	2.1090424667
1.8450000000	1.7800023871
1.8500000000	1.5268740032
1.8550000000	1.3287218936
1.8600000000	1.1708217793
1.8650000000	1.0430527954
1.8700000000	0.9380410286
1.8750000000	0.8501314937
1.8800000000	0.7745119857
1.8850000000	0.7064921931
1.8900000000	0.6402688652
1.8950000000	0.5670507665
1.9000000000	0.4719409554
1.9050000000	0.3063148520
1.9100000000	0.0684922958
1.9150000000	-0.1602103640
1.9200000000	0.1179422248
1.9250000000	1.2278011463
1.9300000000	2.1143837326
1.9350000000	2.1339338069
1.9400000000	1.7128229443
1.9450000000	1.2979490932
1.9500000000	1.0039133526
1.9550000000	0.8094318696
1.9600000000	0.6798376350
1.9650000000	0.5934820986
1.9700000000	0.5299201725
1.9750000000	0.4833116022
1.9800000000	0.4479352811
1.9850000000	0.4196883248
1.9900000000	0.3955161218
1.9950000000	0.3728290726
2.0000000000	0.3511623017
2.0050000000	0.3382743658
2.0100000000	0.3469329551
2.0150000000	0.3695155968
2.0200000000	0.3847642549
2.0250000000	0.3913767128
2.0300000000	0.3964057105
2.0350000000	0.4031146683
2.0400000000	0.4130877844
2.0450000000	0.4269949975
2.0500000000	0.4455160885
2.0550000000	0.4693269512
2.0600000000	0.4984666600
2.0650000000	0.5306168702
2.0700000000	0.5600056684
2.0750000000	0.5821269001
2.0800000000	0.6003356242
2.0850000000	0.6219198566
2.0900000000	0.6515174094
2.0950000000	0.6907389365
2.1000000000	0.7408231972
2.1050000000	0.8010196984
2.1100000000	0.8755221987
2.1150000000	0.9673378985
2.1200000000	1.0807898206
2.1250000000	1.2220117758
2.1300000000	1.3996936704
2.1350000000	1.6262690186
2.1400000000	1.9196945840
2.1450000000	2.3062174189
2.1500000000	2.8240604939
2.1550000000	3.5272856113
2.1600000000	4.4850627589
2.1650000000	5.7560132753
2.1700000000	7.3178003689
2.1750000000	8.8751639102
2.1800000000	9.8532214073
2.1850000000	9.9448753560
2.1900000000	9.5734897361
2.1950000000	9.3099840086
2.2000000000	9.2179452286
2.2050000000	8.7849982085
2.2100000000	7.7918697768
2.2150000000	6.5422986014
2.2200000000	5.4057635059
2.2250000000	4.4847532283
2.2300000000	3.7284432651
2.2350000000	3.0952785834
2.2400000000	2.5752989164
2.2450000000	2.1646813772
2.2500000000	1.8464801436
2.2550000000	1.6002300402
2.2600000000	1.4069765860
2.2650000000	1.2496283173
2.2700000000	1.1120008404
2.2750000000	0.9804097823
2.2800000000	0.8516653684
2.2850000000	0.7414820338
2.2900000000	0.6766422787
2.2950000000	0.6691624736
2.3000000000	0.6983891630
2.3050000000	0.7292036460
2.3100000000	0.7400774549
2.3150000000	0.7316844207
2.3200000000	0.7133308764
2.3250000000	0.6945823924
2.3300000000	0.6805173582
2.3350000000	0.6726174053
2.3400000000	0.6697659127
2.3450000000	0.6687156458
2.3500000000	0.6652843104
2.3550000000	0.6568001015
2.3600000000	0.6440021932
2.3650000000	0.6301496343
2.3700000000	0.6185550972
2.3750000000	0.6110601837
2.3800000000	0.6079614205
2.3850000000	0.6085205861
2.3900000000	0.6117944854
2.3950000000	0.6168786446
2.4000000000	0.6242231774
2.4050000000	0.6357411513
2.4100000000	0.6522438428
2.4150000000	0.6748532158
2.4200000000	0.7043435542
2.4250000000	0.7415452799
2.4300000000	0.7874779933
2.4350000000	0.8434489521
2.4400000000	0.9111403128
2.4450000000	0.9927088744
2.4500000000	1.0908880890
2.4550000000	1.2091272779
2.4600000000	1.3516667769
2.4650000000	1.5236193874
2.4700000000	1.7308672518
2.4750000000	1.9793418536
2.4800000000	2.2753010839
2.4850000000	2.6213427190
2.4900000000	3.0142216216
2.4950000000	3.4396038474
2.5000000000	3.8665500606
2.5050000000	4.2622516391
2.5100000000	4.5217133989
2.5150000000	4.5860384328
2.5200000000	4.4453780054
2.5250000000	4.1433543343
2.5300000000	3.7492879379
2.5350000000	3.3260711730
2.5400000000	2.9152130582
2.5450000000	2.5383761184
2.5500000000	2.2042846083
2.5550000000	1.9144373504
2.5600000000	1.6647000333
2.5650000000	1.4541632547
2.5700000000	1.2783565283
2.5750000000	1.1345788832
2.5800000000	1.0207657567
2.5850000000	0.9344806965
2.5900000000	0.8714635855
2.5950000000	0.8255999308
2.6000000000	0.7904978788
2.6050000000	0.7654502527
2.6100000000	0.7432432220
2.6150000000	0.7235790503
2.6200000000	0.7069194843
2.6250000000	0.6937381209
2.6300000000	0.6843387862
2.6350000000	0.6788674014
2.6400000000	0.6774005368
2.6450000000	0.6800159105
2.6500000000	0.6868732408
2.6550000000	0.6980080448
2.6600000000	0.7136646312
2.6650000000	0.7340754752
2.6700000000	0.7595142227
2.6750000000	0.7903010733
2.6800000000	0.8267784422
2.6850000000	0.8692962721
2.6900000000	0.9181642236
2.6950000000	0.9736192647
2.7000000000	1.0357480559
2.7050000000	1.1118197184
2.7100000000	1.1960496275
2.7150000000	1.2874094188
2.7200000000	1.3841712496
2.7250000000	1.4838785309
2.7300000000	1.5833519406
2.7350000000	1.6787007850
2.7400000000	1.7652973356
2.7450000000	1.8385241811
2.7500000000	1.8915240949
2.7550000000	1.9197581018
2.7600000000	1.9197983848
2.7650000000	1.8908897991
2.7700000000	1.8353345426
2.7750000000	1.7581037268
2.7800000000	1.6657585937
2.7850000000	1.5652779593
2.7900000000	1.4629141684
2.7950000000	1.3636789300
2.8000000000	1.2711185095
2.8050000000	1.1770996230
2.8100000000	1.0961649732
2.8150000000	1.0281336979
2.8200000000	0.9719433175
2.8250000000	0.9261810864
2.8300000000	0.8894220039
2.8350000000	0.8604532737
2.8400000000	0.8379844845
2.8450000000	0.8220945556
2.8500000000	0.8118352794
2.8550000000	0.8068483110
2.8600000000	0.8068693566
2.8650000000	0.8116737507
2.8700000000	0.8210428946
2.8750000000	0.8347269672
2.8800000000	0.8524204677
2.8850000000	0.8737366656
2.8900000000	0.8982143829
2.8950000000	0.9253061388
2.9000000000	0.9544107928
2.9050000000	0.9912118760
2.9100000000	1.0279902422
2.9150000000	1.0634328629
2.9200000000	1.0960327465
2.9250000000	1.1240505048
2.9300000000	1.1458663295
2.9350000000	1.1592073099
2.9400000000	1.1629909933
2.9450000000	1.1566882410
2.9500000000	1.1407309839
2.9550000000	1.1164766542
2.9600000000	1.0859437348
2.9650000000	1.0514559521
2.9700000000	1.0152868380
2.9750000000	0.9793962944
2.9800000000	0.9452999930
2.9850000000	0.9140454426
2.9900000000	0.8862783815
2.9950000000	0.8623115510
3.0000000000	0.8422358038
