# energy (eV)    P(omega), $W$ = 400 nm, $h$ = 300 nm, $s$ = 20 nm, $d/W = 5$, $E_{\rm e}$ = 200 keV
0.2000000000	0.0697670254
0.2050000000	0.0704017478
0.2100000000	0.0708488510
0.2150000000	0.0711008047
0.2200000000	0.0711470822
0.2250000000	0.0709733844
0.2300000000	0.0705609014
0.2350000000	0.0698851431
0.2400000000	0.0689146195
0.2450000000	0.0676087436
0.2500000000	0.0659156307
0.2550000000	0.0637685189
0.2600000000	0.0610813803
0.2650000000	0.0638981153
0.2700000000	0.0710525056
0.2750000000	0.0812903637
0.2800000000	0.0955548681
0.2850000000	0.1165848072
0.2900000000	0.1426431474
0.2950000000	0.1800006013
0.3000000000	0.2302207979
0.3050000000	0.3071974397
0.3100000000	0.4144257885
0.3150000000	0.6219090196
0.3200000000	0.9459638096
0.3250000000	1.1678407471
0.3300000000	1.4747721302
0.3350000000	1.9098971271
0.3400000000	2.5929615648
0.3450000000	3.7648910743
0.3500000000	6.1018394773
0.3550000000	11.5116396052
0.3600000000	28.2917741397
0.3650000000	0.1273222046
0.3700000000	13.1128748737
0.3750000000	17.2431802182
0.3800000000	8.0349044066
0.3850000000	4.5262393303
0.3900000000	2.9032518186
0.3950000000	2.0459115533
0.4000000000	1.5495094564
0.4050000000	1.2258878678
0.4100000000	1.0152030981
0.4150000000	0.8762461112
0.4200000000	0.7884253307
0.4250000000	0.7194538382
0.4300000000	0.6379484066
0.4350000000	0.5734416507
0.4400000000	0.5224242348
0.4450000000	0.4818597707
0.4500000000	0.4498349445
0.4550000000	0.4244408583
0.4600000000	0.4046322842
0.4650000000	0.3893036268
0.4700000000	0.3777229814
0.4750000000	0.3693782907
0.4800000000	0.3638227001
0.4850000000	0.3606643767
0.4900000000	0.3596716378
0.4950000000	0.3606662281
0.5000000000	0.3634958897
0.5050000000	0.3680927737
0.5100000000	0.3744013145
0.5150000000	0.3823885355
0.5200000000	0.3920710444
0.5250000000	0.4034624989
0.5300000000	0.4167301111
0.5350000000	0.4319482878
0.5400000000	0.4492509230
0.5450000000	0.4688135654
0.5500000000	0.4908846163
0.5550000000	0.5157357406
0.5600000000	0.5436976379
0.5650000000	0.5751954927
0.5700000000	0.6108162871
0.5750000000	0.6509950893
0.5800000000	0.6965458973
0.5850000000	0.7485808662
0.5900000000	0.8078502815
0.5950000000	0.8759326930
0.6000000000	0.9549135877
0.6050000000	1.0463561791
0.6100000000	1.1538434328
0.6150000000	1.2803468237
0.6200000000	1.4309670181
0.6250000000	1.6130216679
0.6300000000	1.8339739974
0.6350000000	2.1078471729
0.6400000000	2.4501132024
0.6450000000	2.8888473750
0.6500000000	3.4599137660
0.6550000000	4.2240621486
0.6600000000	5.2838672003
0.6650000000	6.8013898283
0.6700000000	9.0992898020
0.6750000000	12.7939811877
0.6800000000	19.3250702455
0.6850000000	32.4301770691
0.6900000000	64.9958044442
0.6950000000	182.4544500897
0.7000000000	884.9267864315
0.7050000000	430.2325380779
0.7100000000	110.5186814005
0.7150000000	46.9991808857
0.7200000000	25.6670812189
0.7250000000	16.1236584589
0.7300000000	11.0587000010
0.7350000000	8.0645385583
0.7400000000	6.1471783476
0.7450000000	4.8457445572
0.7500000000	3.9238295476
0.7550000000	3.2465227911
0.7600000000	2.7360195101
0.7650000000	2.3401300164
0.7700000000	2.0276146218
0.7750000000	1.7767223780
0.7800000000	1.5728382142
0.7850000000	1.4049598518
0.7900000000	1.2643163024
0.7950000000	1.1468528108
0.8000000000	1.0469769021
0.8050000000	0.9614085906
0.8100000000	0.8885642018
0.8150000000	0.8247189516
0.8200000000	0.7691347178
0.8250000000	0.7224899913
0.8300000000	0.6816604116
0.8350000000	0.6461650688
0.8400000000	0.6178988023
0.8450000000	0.5932351084
0.8500000000	0.5723231634
0.8550000000	0.5591061761
0.8600000000	0.5485196784
0.8650000000	0.5409405058
0.8700000000	0.5435837641
0.8750000000	0.5445115482
0.8800000000	0.5415833147
0.8850000000	0.5180355481
0.8900000000	0.4020050986
0.8950000000	-0.1794943907
0.9000000000	-3.2976799977
0.9050000000	-21.6680739419
0.9100000000	4.1260359085
0.9150000000	9.7738836585
0.9200000000	4.0573307194
0.9250000000	2.1107305852
0.9300000000	1.2884251791
0.9350000000	0.8955502230
0.9400000000	0.6836070336
0.9450000000	0.5661242898
0.9500000000	0.4826883557
0.9550000000	0.4268318707
0.9600000000	0.3922798547
0.9650000000	0.3637633946
0.9700000000	0.3434036567
0.9750000000	0.3295112437
0.9800000000	0.3210266213
0.9850000000	0.3194108700
0.9900000000	0.3223816986
0.9950000000	0.3346320000
1.0000000000	0.3640217674
1.0050000000	0.4327240820
1.0100000000	0.6128273055
1.0150000000	1.2301938998
1.0200000000	2.3605209658
1.0250000000	1.0743676444
1.0300000000	0.5513519803
1.0350000000	0.3954692614
1.0400000000	0.3341757587
1.0450000000	0.3054307412
1.0500000000	0.2910360291
1.0550000000	0.2834962991
1.0600000000	0.2801299520
1.0650000000	0.2795282828
1.0700000000	0.2809102701
1.0750000000	0.2840023574
1.0800000000	0.2882566630
1.0850000000	0.2940370966
1.0900000000	0.3023816252
1.0950000000	0.3121061716
1.1000000000	0.3233063811
1.1050000000	0.3360029028
1.1100000000	0.3503967273
1.1150000000	0.3666795411
1.1200000000	0.3850786793
1.1250000000	0.4057822026
1.1300000000	0.4293266176
1.1350000000	0.4560732756
1.1400000000	0.4865636855
1.1450000000	0.5214861618
1.1500000000	0.5613761649
1.1550000000	0.6079017265
1.1600000000	0.6621172763
1.1650000000	0.7254038406
1.1700000000	0.7980487047
1.1750000000	0.8717278102
1.1800000000	0.9414852662
1.1850000000	1.3085637462
1.1900000000	1.6238448612
1.1950000000	2.2258688014
1.2000000000	3.0313344366
1.2050000000	2.6592085436
1.2100000000	2.5451021491
1.2150000000	2.8335312599
1.2200000000	3.3889914604
1.2250000000	4.2419689141
1.2300000000	5.5389689780
1.2350000000	7.5906833492
1.2400000000	11.0467996302
1.2450000000	17.5546555395
1.2500000000	31.6488713549
1.2550000000	68.5102132206
1.2600000000	165.4815311833
1.2650000000	167.6267503169
1.2700000000	69.7296639687
1.2750000000	32.1874474553
1.2800000000	17.8260831072
1.2850000000	11.2101670865
1.2900000000	7.6835947698
1.2950000000	5.5999569694
1.3000000000	4.2727708362
1.3050000000	3.3791811596
1.3100000000	2.7490580495
1.3150000000	2.2937653865
1.3200000000	1.9562601551
1.3250000000	1.7022803648
1.3300000000	1.5110164234
1.3350000000	1.3697004507
1.3400000000	1.2717056314
1.3450000000	1.2152195783
1.3500000000	1.2084991222
1.3550000000	1.2703385765
1.3600000000	1.4485520264
1.3650000000	1.8648077824
1.3700000000	2.8588106864
1.3750000000	5.3319048752
1.3800000000	8.7096021092
1.3850000000	6.0842370812
1.3900000000	3.1004251197
1.3950000000	1.7988705687
1.4000000000	1.1780263702
1.4050000000	0.7964993521
1.4100000000	0.4512567412
1.4150000000	-0.0636710642
1.4200000000	-1.2163997044
1.4250000000	-4.2707401293
1.4300000000	-5.7423906828
1.4350000000	2.6309893320
1.4400000000	3.3654125375
1.4450000000	2.0177409546
1.4500000000	1.2555411184
1.4550000000	0.8655096221
1.4600000000	0.6391245626
1.4650000000	0.4601840690
1.4700000000	0.2687443724
1.4750000000	0.3158938100
1.4800000000	0.4632410319
1.4850000000	0.4206345249
1.4900000000	0.3724511833
1.4950000000	0.3412865565
1.5000000000	0.3208141849
1.5050000000	0.3072772045
1.5100000000	0.2980671794
1.5150000000	0.2930396277
1.5200000000	0.2893314453
1.5250000000	0.2879883706
1.5300000000	0.2891321332
1.5350000000	0.2932886869
1.5400000000	0.3017715119
1.5450000000	0.3174982055
1.5500000000	0.3470266433
1.5550000000	0.4034283395
1.5600000000	0.4880871023
1.5650000000	0.5016605459
1.5700000000	0.4252881797
1.5750000000	0.3717075812
1.5800000000	0.3486103048
1.5850000000	0.3413643445
1.5900000000	0.3423411972
1.5950000000	0.3482283004
1.6000000000	0.3575828356
1.6050000000	0.3699088162
1.6100000000	0.3848355848
1.6150000000	0.4023085468
1.6200000000	0.4226063782
1.6250000000	0.4459695049
1.6300000000	0.4727926615
1.6350000000	0.5035846315
1.6400000000	0.5389959322
1.6450000000	0.5798573495
1.6500000000	0.6272117060
1.6550000000	0.6823805067
1.6600000000	0.7470758887
1.6650000000	0.8235078484
1.6700000000	0.9138253459
1.6750000000	1.0233013600
1.6800000000	1.1565971736
1.6850000000	1.3210457196
1.6900000000	1.5270583404
1.6950000000	1.7899137510
1.7000000000	2.1326124094
1.7050000000	2.6053796980
1.7100000000	3.2649837627
1.7150000000	4.2237498347
1.7200000000	5.6849729851
1.7250000000	8.0031898579
1.7300000000	11.5656369848
1.7350000000	16.1369668255
1.7400000000	21.9149298020
1.7450000000	32.0544651685
1.7500000000	45.2169981098
1.7550000000	45.9442843835
1.7600000000	32.2329573461
1.7650000000	20.0782327346
1.7700000000	12.8710124580
1.7750000000	8.7727068308
1.7800000000	6.3507766717
1.7850000000	4.8609880957
1.7900000000	3.9370964875
1.7950000000	3.4084667468
1.8000000000	3.1951171950
1.8050000000	3.1275882918
1.8100000000	2.7826587439
1.8150000000	2.1561444841
1.8200000000	1.6556101601
1.8250000000	1.3975591569
1.8300000000	1.2167329242
1.8350000000	1.0560194416
1.8400000000	0.9249678290
1.8450000000	0.8209707262
1.8500000000	0.7371610899
1.8550000000	0.6679262768
1.8600000000	0.6042416818
1.8650000000	0.5504053558
1.8700000000	0.4959992902
1.8750000000	0.4175676479
1.8800000000	0.2387623599
1.8850000000	-0.1531546917
1.8900000000	-0.6803199235
1.8950000000	-0.7707863404
1.9000000000	0.0825098726
1.9050000000	0.8780920535
1.9100000000	0.9709232019
1.9150000000	0.8202477099
1.9200000000	0.6725705452
1.9250000000	0.5677750585
1.9300000000	0.5043050824
1.9350000000	0.4558416273
1.9400000000	0.4235913276
1.9450000000	0.4022306614
1.9500000000	0.3872976194
1.9550000000	0.3748226652
1.9600000000	0.3640719950
1.9650000000	0.3564459151
1.9700000000	0.3523775900
1.9750000000	0.3515955103
1.9800000000	0.3538809899
1.9850000000	0.3593011454
1.9900000000	0.3682118065
1.9950000000	0.3810575806
2.0000000000	0.3975048496
2.0050000000	0.4161665459
2.0100000000	0.4295624516
2.0150000000	0.4385113664
2.0200000000	0.4493030413
2.0250000000	0.4659478573
2.0300000000	0.4896271127
2.0350000000	0.5209336230
2.0400000000	0.5609431643
2.0450000000	0.6115211633
2.0500000000	0.6753459852
2.0550000000	0.7553935168
2.0600000000	0.8531067340
2.0650000000	0.9669498047
2.0700000000	1.0986335622
2.0750000000	1.2628481402
2.0800000000	1.4838464367
2.0850000000	1.7852753643
2.0900000000	2.1808868357
2.0950000000	2.6422573014
2.1000000000	3.0534649997
2.1050000000	3.2527154941
2.1100000000	3.1580779601
2.1150000000	2.9403166144
2.1200000000	2.7863937202
2.1250000000	2.7798064994
2.1300000000	2.9453251223
2.1350000000	3.3025812515
2.1400000000	3.8908977804
2.1450000000	4.7798442447
2.1500000000	6.0668420021
2.1550000000	7.8250711471
2.1600000000	9.9127453315
2.1650000000	11.6674105616
2.1700000000	12.0820333615
2.1750000000	10.8153990764
2.1800000000	8.7315804244
2.1850000000	6.7368467486
2.1900000000	5.1772596724
2.1950000000	4.0505069485
2.2000000000	3.2600018368
2.2050000000	2.7146261764
2.2100000000	2.3360297980
2.2150000000	2.0456405612
2.2200000000	1.7854217961
2.2250000000	1.5379001636
2.2300000000	1.3137807700
2.2350000000	1.1213417507
2.2400000000	0.9583529390
2.2450000000	0.8176189400
2.2500000000	0.6919770292
2.2550000000	0.5774206899
2.2600000000	0.4628610962
2.2650000000	0.3795185847
2.2700000000	0.3342427593
2.2750000000	0.3456313845
2.2800000000	0.4113740108
2.2850000000	0.4950917659
2.2900000000	0.5563688256
2.2950000000	0.5835218791
2.3000000000	0.5866181026
2.3050000000	0.5772343231
2.3100000000	0.5648796018
2.3150000000	0.5539371542
2.3200000000	0.5461396935
2.3250000000	0.5424364344
2.3300000000	0.5435938242
2.3350000000	0.5502469727
2.3400000000	0.5629393112
2.3450000000	0.5822215139
2.3500000000	0.6086774030
2.3550000000	0.6431823263
2.3600000000	0.6851701129
2.3650000000	0.7349024973
2.3700000000	0.7922416734
2.3750000000	0.8578104374
2.3800000000	0.9339755952
2.3850000000	1.0235452628
2.3900000000	1.1271400574
2.3950000000	1.2401468967
2.4000000000	1.3507071734
2.4050000000	1.4459847875
2.4100000000	1.4987940752
2.4150000000	1.5038405784
2.4200000000	1.4740361741
2.4250000000	1.4313979779
2.4300000000	1.3954667987
2.4350000000	1.3780388333
2.4400000000	1.3838221543
2.4450000000	1.4135786871
2.4500000000	1.4674049182
2.4550000000	1.5465002686
2.4600000000	1.6559340649
2.4650000000	1.8009025083
2.4700000000	1.9871923755
2.4750000000	2.2184178160
2.4800000000	2.4927544238
2.4850000000	2.7984974658
2.4900000000	3.1088727443
2.4950000000	3.3794499403
2.5000000000	3.5546302645
2.5050000000	3.5771570575
2.5100000000	3.4241676198
2.5150000000	3.1374217656
2.5200000000	2.7836449706
2.5250000000	2.4214573663
2.5300000000	2.0865918259
2.5350000000	1.7940621495
2.5400000000	1.5460787291
2.5450000000	1.3389626610
2.5500000000	1.1673820926
2.5550000000	1.0265465299
2.5600000000	0.9087828999
2.5650000000	0.8206497317
2.5700000000	0.7573219982
2.5750000000	0.7165415298
2.5800000000	0.6937825262
2.5850000000	0.6828551170
2.5900000000	0.6779503357
2.5950000000	0.6754509996
2.6000000000	0.6741908247
2.6050000000	0.6795638251
2.6100000000	0.6880786429
2.6150000000	0.7010390526
2.6200000000	0.7191377051
2.6250000000	0.7424172158
2.6300000000	0.7702205085
2.6350000000	0.8011530689
2.6400000000	0.8330842304
2.6450000000	0.8633120497
2.6500000000	0.8889749869
2.6550000000	0.9077267622
2.6600000000	0.9184774365
2.6650000000	0.9218670170
2.6700000000	0.9201302270
2.6750000000	0.9165337960
2.6800000000	0.9142432165
2.6850000000	0.9162161561
2.6900000000	0.9245123725
2.6950000000	0.9403978037
2.7000000000	0.9644794934
2.7050000000	1.0005229957
2.7100000000	1.0469065161
2.7150000000	1.1028803988
2.7200000000	1.1668949244
2.7250000000	1.2363191966
2.7300000000	1.3071814316
2.7350000000	1.3741268509
2.7400000000	1.4307856204
2.7450000000	1.4706904697
2.7500000000	1.4886285296
2.7550000000	1.4819735781
2.7600000000	1.4513963750
2.7650000000	1.4006230686
2.7700000000	1.3353553563
2.7750000000	1.2619105174
2.7800000000	1.1860808644
2.7850000000	1.1125005955
2.7900000000	1.0438562448
2.7950000000	0.9830876612
2.8000000000	0.9308031910
2.8050000000	0.8823769689
2.8100000000	0.8441953324
2.8150000000	0.8147555462
2.8200000000	0.7924250524
2.8250000000	0.7757057669
2.8300000000	0.7633243817
2.8350000000	0.7542246965
2.8400000000	0.7475141997
2.8450000000	0.7424351118
2.8500000000	0.7383789102
2.8550000000	0.7349416125
2.8600000000	0.7319863761
2.8650000000	0.7296637072
2.8700000000	0.7283731847
2.8750000000	0.7286644534
2.8800000000	0.7311154177
2.8850000000	0.7362225650
2.8900000000	0.7443243767
2.8950000000	0.7555553552
2.9000000000	0.7698231713
2.9050000000	0.7911632769
2.9100000000	0.8145643309
2.9150000000	0.8384641003
2.9200000000	0.8608882732
2.9250000000	0.8797159537
2.9300000000	0.8929779499
2.9350000000	0.8992019520
2.9400000000	0.8976974364
2.9450000000	0.8886875508
2.9500000000	0.8732257017
2.9550000000	0.8529270918
2.9600000000	0.8296283287
2.9650000000	0.8050690870
2.9700000000	0.7806800606
2.9750000000	0.7574902170
2.9800000000	0.7361330420
2.9850000000	0.7169149713
2.9900000000	0.6999072883
2.9950000000	0.6850354077
3.0000000000	0.6721517852
