# energy (eV)    P(omega), $W$ = 300 nm, $h$ = 300 nm, $s$ = 20 nm, $d/W = 5$, $E_{\rm e}$ = 200 keV
0.2000000000	0.0933457497
0.2050000000	0.0947444764
0.2100000000	0.0960522375
0.2150000000	0.0972719983
0.2200000000	0.0984062881
0.2250000000	0.0994572558
0.2300000000	0.1004265428
0.2350000000	0.1013152373
0.2400000000	0.1021237505
0.2450000000	0.1028517742
0.2500000000	0.1034981091
0.2550000000	0.1040604636
0.2600000000	0.1045354000
0.2650000000	0.1049179236
0.2700000000	0.1052012702
0.2750000000	0.1053764741
0.2800000000	0.1054318975
0.2850000000	0.1053525771
0.2900000000	0.1051193465
0.2950000000	0.1047078863
0.3000000000	0.1040871306
0.3050000000	0.1032174928
0.3100000000	0.1020482921
0.3150000000	0.1078501542
0.3200000000	0.1147406146
0.3250000000	0.1234557087
0.3300000000	0.1351271843
0.3350000000	0.1496551575
0.3400000000	0.1686797669
0.3450000000	0.1917545993
0.3500000000	0.2219399964
0.3550000000	0.2618799613
0.3600000000	0.3140280711
0.3650000000	0.3867265866
0.3700000000	0.4825818824
0.3750000000	0.6159167059
0.3800000000	0.8087520425
0.3850000000	1.1092200169
0.3900000000	1.5838823409
0.3950000000	2.3901357859
0.4000000000	3.9271132467
0.4050000000	7.3729223808
0.4100000000	16.7750820914
0.4150000000	53.8343270565
0.4200000000	34.3005110363
0.4250000000	-64.5604206659
0.4300000000	17.9520141356
0.4350000000	11.1866771408
0.4400000000	6.8382290528
0.4450000000	4.4975446701
0.4500000000	3.1500900038
0.4550000000	2.3208862024
0.4600000000	1.7808371719
0.4650000000	1.4128288414
0.4700000000	1.1527288297
0.4750000000	0.9646195387
0.4800000000	0.8251521593
0.4850000000	0.7202061059
0.4900000000	0.6400971471
0.4950000000	0.5783242944
0.5000000000	0.5304439017
0.5050000000	0.4931957501
0.5100000000	0.4644804390
0.5150000000	0.4427523316
0.5200000000	0.4263961438
0.5250000000	0.4146838404
0.5300000000	0.4068341990
0.5350000000	0.4022758227
0.5400000000	0.4005874446
0.5450000000	0.4014171539
0.5500000000	0.4046534593
0.5550000000	0.4100979496
0.5600000000	0.4176491581
0.5650000000	0.4272614541
0.5700000000	0.4388932288
0.5750000000	0.4526257169
0.5800000000	0.4685909936
0.5850000000	0.4868751906
0.5900000000	0.5076453480
0.5950000000	0.5311116502
0.6000000000	0.5575418349
0.6050000000	0.5873240606
0.6100000000	0.6208285857
0.6150000000	0.6585613307
0.6200000000	0.7011971728
0.6250000000	0.7493831478
0.6300000000	0.8040756597
0.6350000000	0.8664667297
0.6400000000	0.9377966288
0.6450000000	1.0198556799
0.6500000000	1.1149978052
0.6550000000	1.2256733421
0.6600000000	1.3556484155
0.6650000000	1.5097553072
0.6700000000	1.6936750870
0.6750000000	1.9160709364
0.6800000000	2.1885930672
0.6850000000	2.5265030327
0.6900000000	2.9534382513
0.6950000000	3.5024574342
0.7000000000	4.2260743459
0.7050000000	5.2045686488
0.7100000000	6.5739641818
0.7150000000	8.5763986333
0.7200000000	11.6626571904
0.7250000000	16.7856304641
0.7300000000	26.1888830276
0.7350000000	46.3090763218
0.7400000000	101.4891491452
0.7450000000	336.6870511653
0.7500000000	1043.0541660892
0.7550000000	262.4018770428
0.7600000000	86.9011066165
0.7650000000	41.6379046556
0.7700000000	24.2150264510
0.7750000000	15.8044054934
0.7800000000	11.1221845162
0.7850000000	8.2604212302
0.7900000000	6.3818254761
0.7950000000	5.0862023927
0.8000000000	4.1548278994
0.8050000000	3.4611628325
0.8100000000	2.9322054957
0.8150000000	2.5128934675
0.8200000000	2.1819612250
0.8250000000	1.9154989570
0.8300000000	1.6972249343
0.8350000000	1.5177636072
0.8400000000	1.3673229461
0.8450000000	1.2410838901
0.8500000000	1.1343756201
0.8550000000	1.0422909927
0.8600000000	0.9636814788
0.8650000000	0.8965357359
0.8700000000	0.8372070269
0.8750000000	0.7867395180
0.8800000000	0.7439167838
0.8850000000	0.7055238515
0.8900000000	0.6747262949
0.8950000000	0.6467099939
0.9000000000	0.6245061912
0.9050000000	0.6092151859
0.9100000000	0.5952024750
0.9150000000	0.5867038053
0.9200000000	0.5856837337
0.9250000000	0.5849279391
0.9300000000	0.5763503083
0.9350000000	0.5506049123
0.9400000000	0.4071672215
0.9450000000	-0.2448072146
0.9500000000	-3.6855561886
0.9550000000	-21.1376076158
0.9600000000	4.9877305353
0.9650000000	8.7616809505
0.9700000000	3.8861375519
0.9750000000	2.0401288174
0.9800000000	1.2785764051
0.9850000000	0.9223963625
0.9900000000	0.7171730204
0.9950000000	0.5927304927
1.0000000000	0.5132736045
1.0050000000	0.4628999885
1.0100000000	0.4238478551
1.0150000000	0.3953177718
1.0200000000	0.3761012863
1.0250000000	0.3599717355
1.0300000000	0.3477183277
1.0350000000	0.3384486413
1.0400000000	0.3325553457
1.0450000000	0.3276548781
1.0500000000	0.3244221388
1.0550000000	0.3226657126
1.0600000000	0.3228181916
1.0650000000	0.3236755281
1.0700000000	0.3257285972
1.0750000000	0.3289859317
1.0800000000	0.3337696309
1.0850000000	0.3398403235
1.0900000000	0.3487955783
1.0950000000	0.3594304843
1.1000000000	0.3721019140
1.1050000000	0.3867060022
1.1100000000	0.4037041024
1.1150000000	0.4234783998
1.1200000000	0.4464820356
1.1250000000	0.4733070228
1.1300000000	0.5047467036
1.1350000000	0.5417885920
1.1400000000	0.5855573026
1.1450000000	0.6381058156
1.1500000000	0.7016665721
1.1550000000	0.7794669576
1.1600000000	0.8760602205
1.1650000000	0.9973545053
1.1700000000	1.1544172919
1.1750000000	1.3619410226
1.1800000000	1.6442146233
1.1850000000	2.0411629462
1.1900000000	2.6280308814
1.1950000000	3.5492936078
1.2000000000	5.1118843225
1.2050000000	8.0647659166
1.2100000000	14.5605166390
1.2150000000	32.1184965084
1.2200000000	78.8253185299
1.2250000000	70.8200547095
1.2300000000	28.2500010609
1.2350000000	13.2499117084
1.2400000000	7.5682445487
1.2450000000	4.9595193865
1.2500000000	3.5833231709
1.2550000000	2.7891075127
1.2600000000	2.3058414990
1.2650000000	2.0031562658
1.2700000000	1.8227029638
1.2750000000	1.7266500696
1.2800000000	1.6969919987
1.2850000000	1.7258690411
1.2900000000	1.8126554385
1.2950000000	1.9618666485
1.3000000000	2.1919200179
1.3050000000	2.5264351101
1.3100000000	3.0094424901
1.3150000000	3.7171242025
1.3200000000	4.7864335534
1.3250000000	6.4784025519
1.3300000000	9.3647145915
1.3350000000	14.7708203453
1.3400000000	26.3252441384
1.3450000000	55.0093342821
1.3500000000	116.7435169572
1.3550000000	108.8804545574
1.3600000000	50.2100870638
1.3650000000	24.6700712052
1.3700000000	14.1480058138
1.3750000000	9.0984549450
1.3800000000	6.3451647908
1.3850000000	4.6866127838
1.3900000000	3.6176572803
1.3950000000	2.8883434725
1.4000000000	2.3695713133
1.4050000000	1.9885504948
1.4100000000	1.7011968598
1.4150000000	1.4811776833
1.4200000000	1.3099204315
1.4250000000	1.1825064252
1.4300000000	1.1015062921
1.4350000000	1.0480621084
1.4400000000	0.7206971603
1.4450000000	-0.1862710260
1.4500000000	-1.7642770835
1.4550000000	-0.5893780739
1.4600000000	1.7949534498
1.4650000000	1.0397021619
1.4700000000	-0.6639007702
1.4750000000	-3.3590959244
1.4800000000	-1.4819955718
1.4850000000	2.5390812871
1.4900000000	2.0554641049
1.4950000000	1.3335770222
1.5000000000	0.9389091999
1.5050000000	0.7252558564
1.5100000000	0.6029546171
1.5150000000	0.5279692908
1.5200000000	0.4788549788
1.5250000000	0.4476811530
1.5300000000	0.4231153149
1.5350000000	0.4052698367
1.5400000000	0.3923424229
1.5450000000	0.3832583459
1.5500000000	0.3772745732
1.5550000000	0.3740814642
1.5600000000	0.3743190554
1.5650000000	0.3766948501
1.5700000000	0.3825880491
1.5750000000	0.3930821789
1.5800000000	0.4103353817
1.5850000000	0.4385974682
1.5900000000	0.4868591680
1.5950000000	0.5749964381
1.6000000000	0.7448973906
1.6050000000	1.0237453876
1.6100000000	1.1537777638
1.6150000000	0.9187665203
1.6200000000	0.7008604624
1.6250000000	0.5901119647
1.6300000000	0.5393016928
1.6350000000	0.5183817530
1.6400000000	0.5137419196
1.6450000000	0.5191570098
1.6500000000	0.5315971258
1.6550000000	0.5498183482
1.6600000000	0.5731871251
1.6650000000	0.6016186748
1.6700000000	0.6353493792
1.6750000000	0.6748657737
1.6800000000	0.7208791386
1.6850000000	0.7743388297
1.6900000000	0.8363480070
1.6950000000	0.9075465067
1.7000000000	0.9895030715
1.7050000000	1.0843237149
1.7100000000	1.1992489985
1.7150000000	1.3924427900
1.7200000000	1.6842564494
1.7250000000	1.9996648765
1.7300000000	2.3746859424
1.7350000000	2.7804420707
1.7400000000	3.1550451355
1.7450000000	3.6271625408
1.7500000000	4.3508914840
1.7550000000	5.4364012605
1.7600000000	7.0650151145
1.7650000000	9.5775542385
1.7700000000	13.6249770414
1.7750000000	20.4420277736
1.7800000000	32.0526565075
1.7850000000	49.1622347188
1.7900000000	61.0550837795
1.7950000000	51.9482446368
1.8000000000	34.5397749436
1.8050000000	21.7873508502
1.8100000000	14.3450012140
1.8150000000	9.9839322960
1.8200000000	7.3002719209
1.8250000000	5.5601374599
1.8300000000	4.3780019257
1.8350000000	3.5427019718
1.8400000000	2.9330366932
1.8450000000	2.4753914384
1.8500000000	2.1233242815
1.8550000000	1.8477170579
1.8600000000	1.6280893625
1.8650000000	1.4503638635
1.8700000000	1.3042833647
1.8750000000	1.1819806219
1.8800000000	1.0767598050
1.8850000000	0.9820934644
1.8900000000	0.8899037958
1.8950000000	0.7879542087
1.9000000000	0.6555103298
1.9050000000	0.4249052459
1.9100000000	0.0937600038
1.9150000000	-0.2249206808
1.9200000000	0.1609593703
1.9250000000	1.7031653585
1.9300000000	2.9351272409
1.9350000000	2.9625848283
1.9400000000	2.3781460377
1.9450000000	1.8023264192
1.9500000000	1.3942069362
1.9550000000	1.1242568546
1.9600000000	0.9443668041
1.9650000000	0.8244988561
1.9700000000	0.7362621760
1.9750000000	0.6715597704
1.9800000000	0.6224511154
1.9850000000	0.5832417915
1.9900000000	0.5496928619
1.9950000000	0.5182110180
2.0000000000	0.4881505411
2.0050000000	0.4702751779
2.0100000000	0.4822907111
2.0150000000	0.5136253222
2.0200000000	0.5347949009
2.0250000000	0.5439938193
2.0300000000	0.5510060111
2.0350000000	0.5603584692
2.0400000000	0.5742523276
2.0450000000	0.5936212756
2.0500000000	0.6194141930
2.0550000000	0.6525746303
2.0600000000	0.6931565729
2.0650000000	0.7379226236
2.0700000000	0.7788140105
2.0750000000	0.8095376738
2.0800000000	0.8347733231
2.0850000000	0.8646900875
2.0900000000	0.9057566391
2.0950000000	0.9602157164
2.1000000000	1.0297858468
2.1050000000	1.1134190539
2.1100000000	1.2169422851
2.1150000000	1.3445322441
2.1200000000	1.5021957040
2.1250000000	1.6984558014
2.1300000000	1.9453888919
2.1350000000	2.2602736421
2.1400000000	2.6680651398
2.1450000000	3.2052400100
2.1500000000	3.9249172343
2.1550000000	4.9022277150
2.1600000000	6.2332968705
2.1650000000	7.9995868347
2.1700000000	10.1700455788
2.1750000000	12.3343331167
2.1800000000	13.6935212141
2.1850000000	13.8208647650
2.1900000000	13.3047519436
2.1950000000	12.9385843606
2.2000000000	12.8106473891
2.2050000000	12.2087322277
2.2100000000	10.8280821547
2.2150000000	9.0909156247
2.2200000000	7.5108688713
2.2250000000	6.2305430449
2.2300000000	5.1794122250
2.2350000000	4.2996661615
2.2400000000	3.5773079970
2.2450000000	3.0069129233
2.2500000000	2.5648885772
2.2550000000	2.2227915848
2.2600000000	1.9542904513
2.2650000000	1.7356494265
2.2700000000	1.5443996291
2.2750000000	1.3615516401
2.2800000000	1.1826933497
2.2850000000	1.0296613623
2.2900000000	0.9396526732
2.2950000000	0.9293426405
2.3000000000	0.9700205572
2.3050000000	1.0128904123
2.3100000000	1.0280381052
2.3150000000	1.0164041851
2.3200000000	0.9909223785
2.3250000000	0.9648858097
2.3300000000	0.9453516410
2.3350000000	0.9343800848
2.3400000000	0.9304211714
2.3450000000	0.9289654223
2.3500000000	0.9242043318
2.3550000000	0.9124272611
2.3600000000	0.8946607908
2.3650000000	0.8754310622
2.3700000000	0.8593384213
2.3750000000	0.8489397750
2.3800000000	0.8446455616
2.3850000000	0.8454284674
2.3900000000	0.8499762935
2.3950000000	0.8570314928
2.4000000000	0.8672203416
2.4050000000	0.8832017807
2.4100000000	0.9061058089
2.4150000000	0.9374927723
2.4200000000	0.9784386098
2.4250000000	1.0300969891
2.4300000000	1.0938836723
2.4350000000	1.1716137156
2.4400000000	1.2656230330
2.4450000000	1.3789068620
2.4500000000	1.5152614017
2.4550000000	1.6794764224
2.4600000000	1.8774415812
2.4650000000	2.1162570204
2.4700000000	2.4040931406
2.4750000000	2.7491881880
2.4800000000	3.1602361248
2.4850000000	3.6408479429
2.4900000000	4.1865208515
2.4950000000	4.7773497552
2.5000000000	5.3703612832
2.5050000000	5.9199823507
2.5100000000	6.2803639313
2.5150000000	6.3696929624
2.5200000000	6.1742938227
2.5250000000	5.7547675872
2.5300000000	5.2074074322
2.5350000000	4.6195706584
2.5400000000	4.0489082986
2.5450000000	3.5255042589
2.5500000000	3.0614726414
2.5550000000	2.6588939364
2.5600000000	2.3120255615
2.5650000000	2.0196048439
2.5700000000	1.7754230950
2.5750000000	1.5757289054
2.5800000000	1.4176544156
2.5850000000	1.2978154470
2.5900000000	1.2102945682
2.5950000000	1.1465986588
2.6000000000	1.0978497704
2.6050000000	1.0630650792
2.6100000000	1.0322250250
2.6150000000	1.0049159469
2.6200000000	0.9817789673
2.6250000000	0.9634713470
2.6300000000	0.9504145869
2.6350000000	0.9428106948
2.6400000000	0.9407661027
2.6450000000	0.9443888254
2.6500000000	0.9539008226
2.6550000000	0.9693516984
2.6600000000	0.9910805953
2.6650000000	1.0194101105
2.6700000000	1.0547202776
2.6750000000	1.0974554388
2.6800000000	1.1480906416
2.6850000000	1.2071121864
2.6900000000	1.2749502536
2.6950000000	1.3519341266
2.7000000000	1.4381849221
2.7050000000	1.5437947177
2.7100000000	1.6607343238
2.7150000000	1.7875768220
2.7200000000	1.9219244006
2.7250000000	2.0603671783
2.7300000000	2.1984911110
2.7350000000	2.3308933065
2.7400000000	2.4511464630
2.7450000000	2.5528368702
2.7500000000	2.6264405254
2.7550000000	2.6656531098
2.7600000000	2.6657136292
2.7650000000	2.6255734645
2.7700000000	2.5484298768
2.7750000000	2.4411865673
2.7800000000	2.3129552209
2.7850000000	2.1734271871
2.7900000000	2.0312848008
2.7950000000	1.8934872893
2.8000000000	1.7649588239
2.8050000000	1.6344069952
2.8100000000	1.5220237933
2.8150000000	1.4275576748
2.8200000000	1.3495329078
2.8250000000	1.2859875359
2.8300000000	1.2349426863
2.8350000000	1.1947138827
2.8400000000	1.1635093164
2.8450000000	1.1414379621
2.8500000000	1.1271835326
2.8550000000	1.1202482719
2.8600000000	1.1202651980
2.8650000000	1.1269229074
2.8700000000	1.1399178091
2.8750000000	1.1589031413
2.8800000000	1.1834554761
2.8850000000	1.2130381600
2.8900000000	1.2470106306
2.8950000000	1.2846138573
2.9000000000	1.3250127954
2.9050000000	1.3760993871
2.9100000000	1.4271566436
2.9150000000	1.4763615450
2.9200000000	1.5216210599
2.9250000000	1.5605199462
2.9300000000	1.5908083324
2.9350000000	1.6093308392
2.9400000000	1.6145837909
2.9450000000	1.6058324946
2.9500000000	1.5836771167
2.9550000000	1.5500019203
2.9600000000	1.5076094162
2.9650000000	1.4597261980
2.9700000000	1.4095082402
2.9750000000	1.3596768143
2.9800000000	1.3123362301
2.9850000000	1.2689407681
2.9900000000	1.2303865256
2.9950000000	1.1971080472
3.0000000000	1.1692313213
