# energy (eV)    P(omega), $W$ = 300 nm, $h$ = 300 nm, $s$ = 20 nm, $d/W = 5$, $E_{\rm e}$ = 200 keV
0.2000000000	0.0917595651
0.2050000000	0.0930775890
0.2100000000	0.0943165638
0.2150000000	0.0954789601
0.2200000000	0.0965669077
0.2250000000	0.0975821670
0.2300000000	0.0985260306
0.2350000000	0.0993993054
0.2400000000	0.1002022207
0.2450000000	0.1009342299
0.2500000000	0.1015941215
0.2550000000	0.1021795694
0.2600000000	0.1026871749
0.2650000000	0.1031122016
0.2700000000	0.1034481570
0.2750000000	0.1036865423
0.2800000000	0.1038163419
0.2850000000	0.1038234713
0.2900000000	0.1036898358
0.2950000000	0.1033926187
0.3000000000	0.1029024390
0.3050000000	0.1021821779
0.3100000000	0.1011841822
0.3150000000	0.1066341720
0.3200000000	0.1131077276
0.3250000000	0.1212910080
0.3300000000	0.1322415434
0.3350000000	0.1458766319
0.3400000000	0.1637338602
0.3450000000	0.1854122381
0.3500000000	0.2137832710
0.3550000000	0.2513422898
0.3600000000	0.3004199061
0.3650000000	0.3688718472
0.3700000000	0.4592198350
0.3750000000	0.5849936716
0.3800000000	0.7670300918
0.3850000000	1.0508529499
0.3900000000	1.4995730632
0.3950000000	2.2623410899
0.4000000000	3.7174322401
0.4050000000	6.9819048341
0.4100000000	15.8958685813
0.4150000000	51.0565911259
0.4200000000	32.4987099342
0.4250000000	-61.3485387091
0.4300000000	17.0960793964
0.4350000000	10.6673344994
0.4400000000	6.5308888107
0.4450000000	4.3027173633
0.4500000000	3.0191680420
0.4550000000	2.2287997435
0.4600000000	1.7137417939
0.4650000000	1.3625774992
0.4700000000	1.1142665984
0.4750000000	0.9346243987
0.4800000000	0.8014061770
0.4850000000	0.7011619062
0.4900000000	0.6246605577
0.4950000000	0.5657026006
0.5000000000	0.5200517209
0.5050000000	0.4845960395
0.5100000000	0.4573358569
0.5150000000	0.4367997604
0.5200000000	0.4214405763
0.5250000000	0.4105692618
0.5300000000	0.4034400715
0.5350000000	0.3995091434
0.5400000000	0.3983761935
0.5450000000	0.3997070404
0.5500000000	0.4034021832
0.5550000000	0.4092752221
0.5600000000	0.4172353703
0.5650000000	0.4272443039
0.5700000000	0.4392696059
0.5750000000	0.4533973386
0.5800000000	0.4697673905
0.5850000000	0.4884716886
0.5900000000	0.5096851066
0.5950000000	0.5336244943
0.6000000000	0.5605657299
0.6050000000	0.5909042438
0.6100000000	0.6250209687
0.6150000000	0.6634328810
0.6200000000	0.7068300271
0.6250000000	0.7558730939
0.6300000000	0.8115386078
0.6350000000	0.8750437461
0.6400000000	0.9476555139
0.6450000000	1.0312018345
0.6500000000	1.1280868975
0.6550000000	1.2408139468
0.6600000000	1.3732288403
0.6650000000	1.5302702113
0.6700000000	1.7177440687
0.6750000000	1.9445005954
0.6800000000	2.2224556910
0.6850000000	2.5672076807
0.6900000000	3.0029353635
0.6950000000	3.5634436927
0.7000000000	4.3024634827
0.7050000000	5.3021327044
0.7100000000	6.7016677150
0.7150000000	8.7489208830
0.7200000000	11.9054178376
0.7250000000	17.1469463157
0.7300000000	26.7714869822
0.7350000000	47.3731635743
0.7400000000	103.8964963820
0.7450000000	344.9274859570
0.7500000000	1069.3817208539
0.7550000000	269.2292623718
0.7600000000	89.2308051132
0.7650000000	42.7875069221
0.7700000000	24.9032934189
0.7750000000	16.2666485548
0.7800000000	11.4567835940
0.7850000000	8.5159289868
0.7900000000	6.5847195199
0.7950000000	5.2523261607
0.8000000000	4.2941883635
0.8050000000	3.5803468476
0.8100000000	3.0358161346
0.8150000000	2.6039874218
0.8200000000	2.2630692639
0.8250000000	1.9884885356
0.8300000000	1.7634883634
0.8350000000	1.5784559657
0.8400000000	1.4233083381
0.8450000000	1.2930909825
0.8500000000	1.1830106239
0.8550000000	1.0879892058
0.8600000000	1.0068711021
0.8650000000	0.9375988570
0.8700000000	0.8763725963
0.8750000000	0.8243182431
0.8800000000	0.7801890640
0.8850000000	0.7406206403
0.8900000000	0.7089645084
0.8950000000	0.6801637462
0.9000000000	0.6574303611
0.9050000000	0.6419483230
0.9100000000	0.6277690883
0.9150000000	0.6193817713
0.9200000000	0.6188863917
0.9250000000	0.6186267845
0.9300000000	0.6099781652
0.9350000000	0.5828936411
0.9400000000	0.4299921232
0.9450000000	-0.2667669361
0.9500000000	-3.9475352120
0.9550000000	-22.6303964901
0.9600000000	5.3452918098
0.9650000000	9.3949664630
0.9700000000	4.1698443367
0.9750000000	2.1900602769
0.9800000000	1.3728711134
0.9850000000	0.9905631812
0.9900000000	0.7701732890
0.9950000000	0.6364892717
1.0000000000	0.5511157285
1.0050000000	0.4970143269
1.0100000000	0.4550251061
1.0150000000	0.4243313174
1.0200000000	0.4036666478
1.0250000000	0.3862762847
1.0300000000	0.3730356826
1.0350000000	0.3629832355
1.0400000000	0.3565622548
1.0450000000	0.3511634915
1.0500000000	0.3475301290
1.0550000000	0.3454541149
1.0600000000	0.3454154372
1.0650000000	0.3460785094
1.0700000000	0.3479825873
1.0750000000	0.3511339891
1.0800000000	0.3558861731
1.0850000000	0.3619276809
1.0900000000	0.3709331213
1.0950000000	0.3816425507
1.1000000000	0.3944319714
1.1050000000	0.4091369680
1.1100000000	0.4262379068
1.1150000000	0.4461137581
1.1200000000	0.4692295850
1.1250000000	0.4961159240
1.1300000000	0.5275748939
1.1350000000	0.5645750713
1.1400000000	0.6082376398
1.1450000000	0.6605272833
1.1500000000	0.7236484275
1.1550000000	0.8007559709
1.1600000000	0.8963001868
1.1650000000	1.0160726630
1.1700000000	1.1708354777
1.1750000000	1.3749518587
1.1800000000	1.6521323836
1.1850000000	2.0413281874
1.1900000000	2.6160585775
1.1950000000	3.5172343531
1.2000000000	5.0445307457
1.2050000000	7.9292296182
1.2100000000	14.2734921409
1.2150000000	31.4241527585
1.2200000000	77.0705215547
1.2250000000	69.3115721993
1.2300000000	27.7302974668
1.2350000000	13.0747124947
1.2400000000	7.5263891542
1.2450000000	4.9837175300
1.2500000000	3.6478895682
1.2550000000	2.8831896803
1.2600000000	2.4249563727
1.2650000000	2.1460755580
1.2700000000	1.9903819678
1.2750000000	1.9216407214
1.2800000000	1.9234700713
1.2850000000	1.9898685757
1.2900000000	2.1226466605
1.2950000000	2.3293713843
1.3000000000	2.6337975792
1.3050000000	3.0668502918
1.3100000000	3.6844599111
1.3150000000	4.5829883678
1.3200000000	5.9349578860
1.3250000000	8.0698312293
1.3300000000	11.7066997917
1.3350000000	18.5151862478
1.3400000000	33.0658460100
1.3450000000	69.1961047624
1.3500000000	146.9972308823
1.3550000000	137.1852998379
1.3600000000	63.2868691892
1.3650000000	31.0997504303
1.3700000000	17.8353099682
1.3750000000	11.4686307848
1.3800000000	7.9970427817
1.3850000000	5.9061425597
1.3900000000	4.5592433150
1.3950000000	3.6408936689
1.4000000000	2.9887625858
1.4050000000	2.5112393057
1.4100000000	2.1533900842
1.4150000000	1.8833786504
1.4200000000	1.6803500067
1.4250000000	1.5444087372
1.4300000000	1.4947408941
1.4350000000	1.5227034013
1.4400000000	1.1731102459
1.4450000000	0.1020225920
1.4500000000	-1.6365538973
1.4550000000	-0.4585385147
1.4600000000	1.9828955735
1.4650000000	1.0732888620
1.4700000000	-1.0146724951
1.4750000000	-4.4391288683
1.4800000000	-1.9757538861
1.4850000000	3.2469325679
1.4900000000	2.6319824825
1.4950000000	1.7035904245
1.5000000000	1.1969608047
1.5050000000	0.9241615897
1.5100000000	0.7686751629
1.5150000000	0.6742497277
1.5200000000	0.6132537151
1.5250000000	0.5753559656
1.5300000000	0.5464077686
1.5350000000	0.5264553494
1.5400000000	0.5133143453
1.5450000000	0.5058129349
1.5500000000	0.5031945576
1.5550000000	0.5054789270
1.5600000000	0.5140144069
1.5650000000	0.5281101471
1.5700000000	0.5509308021
1.5750000000	0.5863374412
1.5800000000	0.6415796210
1.5850000000	0.7307689831
1.5900000000	0.8836366314
1.5950000000	1.1659754869
1.6000000000	1.7167606783
1.6050000000	2.6274723778
1.6100000000	3.0492592886
1.6150000000	2.2585875839
1.6200000000	1.5168365093
1.6250000000	1.1252872948
1.6300000000	0.9286833933
1.6350000000	0.8274578288
1.6400000000	0.7761425246
1.6450000000	0.7536046806
1.6500000000	0.7492614349
1.6550000000	0.7581551650
1.6600000000	0.7773267615
1.6650000000	0.8054246867
1.6700000000	0.8419346824
1.6750000000	0.8868590340
1.6800000000	0.9405986741
1.6850000000	1.0037758203
1.6900000000	1.0769399053
1.6950000000	1.1590480729
1.7000000000	1.2487159910
1.7050000000	1.3405852571
1.7100000000	1.4454008638
1.7150000000	1.7061011955
1.7200000000	2.1636003088
1.7250000000	2.5826596070
1.7300000000	3.0323049144
1.7350000000	3.5263911572
1.7400000000	4.0112710459
1.7450000000	4.6340940907
1.7500000000	5.5759301381
1.7550000000	6.9777326857
1.7600000000	9.0750769088
1.7650000000	12.3081455568
1.7700000000	17.5160523536
1.7750000000	26.2900276886
1.7800000000	41.2407269462
1.7850000000	63.2895598792
1.7900000000	78.6520951497
1.7950000000	66.9739224666
1.8000000000	44.5731238575
1.8050000000	28.1490263737
1.8100000000	18.5593847953
1.8150000000	12.9385136889
1.8200000000	9.4793518049
1.8250000000	7.2367661409
1.8300000000	5.7141296200
1.8350000000	4.6393916609
1.8400000000	3.8563974027
1.8450000000	3.2704204597
1.8500000000	2.8217624073
1.8550000000	2.4730686295
1.8600000000	2.1982812893
1.8650000000	1.9796914207
1.8700000000	1.8047045876
1.8750000000	1.6640753349
1.8800000000	1.5504710846
1.8850000000	1.4574140465
1.8900000000	1.3774412638
1.8950000000	1.2994166998
1.9000000000	1.2041097209
1.9050000000	1.0236388700
1.9100000000	0.7752967298
1.9150000000	0.6441072777
1.9200000000	1.5734003391
1.9250000000	4.1406943265
1.9300000000	6.1767132838
1.9350000000	6.0815331759
1.9400000000	4.7831773264
1.9450000000	3.5244058077
1.9500000000	2.6406129214
1.9550000000	2.0615303039
1.9600000000	1.6788579477
1.9650000000	1.4227278062
1.9700000000	1.2378261644
1.9750000000	1.1022863327
1.9800000000	0.9988065644
1.9850000000	0.9148339094
1.9900000000	0.8407626543
1.9950000000	0.7682091870
2.0000000000	0.6959515430
2.0050000000	0.6497858425
2.0100000000	0.6762329962
2.0150000000	0.7490917694
2.0200000000	0.7940128158
2.0250000000	0.8059396638
2.0300000000	0.8086165851
2.0350000000	0.8134920092
2.0400000000	0.8248186307
2.0450000000	0.8436796562
2.0500000000	0.8707769871
2.0550000000	0.9067477790
2.0600000000	0.9515924564
2.0650000000	1.0025973052
2.0700000000	1.0530324146
2.0750000000	1.0978551381
2.0800000000	1.1415177475
2.0850000000	1.1932262941
2.0900000000	1.2591529155
2.0950000000	1.3418982234
2.1000000000	1.4442618764
2.1050000000	1.5653182851
2.1100000000	1.7135754764
2.1150000000	1.8952532501
2.1200000000	2.1190737968
2.1250000000	2.3972711059
2.1300000000	2.7470900454
2.1350000000	3.1931508332
2.1400000000	3.7710042963
2.1450000000	4.5326259341
2.1500000000	5.5537460087
2.1550000000	6.9415436643
2.1600000000	8.8331914452
2.1650000000	11.3448579437
2.1700000000	14.4300704110
2.1750000000	17.4974097886
2.1800000000	19.3926131899
2.1850000000	19.4910180213
2.1900000000	18.6291873715
2.1950000000	17.9584893070
2.2000000000	17.6610241399
2.2050000000	16.8350497025
2.2100000000	15.0815783811
2.2150000000	12.9257354261
2.2200000000	10.9904390259
2.2250000000	9.3909545818
2.2300000000	7.9824330668
2.2350000000	6.7088382743
2.2400000000	5.6148343562
2.2450000000	4.7394804650
2.2500000000	4.0684533328
2.2550000000	3.5643856578
2.2600000000	3.1869872592
2.2650000000	2.8958797400
2.2700000000	2.6474085294
2.2750000000	2.3985593301
2.2800000000	2.1306179524
2.2850000000	1.8756282936
2.2900000000	1.6993954428
2.2950000000	1.6391753511
2.3000000000	1.6606563449
2.3050000000	1.6934806315
2.3100000000	1.6962237047
2.3150000000	1.6692205814
2.3200000000	1.6304028353
2.3250000000	1.5982918955
2.3300000000	1.5823642801
2.3350000000	1.5842466027
2.3400000000	1.5986273673
2.3450000000	1.6134869538
2.3500000000	1.6136905540
2.3550000000	1.5895822507
2.3600000000	1.5438947086
2.3650000000	1.4885690890
2.3700000000	1.4359140819
2.3750000000	1.3932813192
2.3800000000	1.3630594784
2.3850000000	1.3445741275
2.3900000000	1.3362860394
2.3950000000	1.3364118246
2.4000000000	1.3454368614
2.4050000000	1.3663335059
2.4100000000	1.4000973932
2.4150000000	1.4481071231
2.4200000000	1.5111911248
2.4250000000	1.5908003755
2.4300000000	1.6890514463
2.4350000000	1.8087836731
2.4400000000	1.9536609955
2.4450000000	2.1283616594
2.4500000000	2.3387879153
2.4550000000	2.5923583317
2.4600000000	2.8981875358
2.4650000000	3.2672111971
2.4700000000	3.7119713260
2.4750000000	4.2450308848
2.4800000000	4.8793641042
2.4850000000	5.6201063845
2.4900000000	6.4600167005
2.4950000000	7.3690381429
2.5000000000	8.2836077265
2.5050000000	9.1391545701
2.5100000000	9.7171538281
2.5150000000	9.8915634586
2.5200000000	9.6323374951
2.5250000000	9.0194945427
2.5300000000	8.1924546349
2.5350000000	7.2856920441
2.5400000000	6.3942174982
2.5450000000	5.5717164793
2.5500000000	4.8420639657
2.5550000000	4.2106959273
2.5600000000	3.6689317865
2.5650000000	3.2134464869
2.5700000000	2.8335152037
2.5750000000	2.5224239329
2.5800000000	2.2751576476
2.5850000000	2.0862652382
2.5900000000	1.9467817084
2.5950000000	1.8441033932
2.6000000000	1.7651072234
2.6050000000	1.7089659274
2.6100000000	1.6603559315
2.6150000000	1.6185066421
2.6200000000	1.5842446495
2.6250000000	1.5584858893
2.6300000000	1.5418420251
2.6350000000	1.5346251611
2.6400000000	1.5370166319
2.6450000000	1.5491850780
2.6500000000	1.5714606918
2.6550000000	1.6039360017
2.6600000000	1.6471093130
2.6650000000	1.7014840704
2.6700000000	1.7676787250
2.6750000000	1.8464426519
2.6800000000	1.9386064353
2.6850000000	2.0450196449
2.6900000000	2.1663780619
2.6950000000	2.3030850383
2.7000000000	2.4550017480
2.7050000000	2.6394057288
2.7100000000	2.8406542708
2.7150000000	3.0548271969
2.7200000000	3.2762233507
2.7250000000	3.4976813025
2.7300000000	3.7111213545
2.7350000000	3.9080115629
2.7400000000	4.0794800359
2.7450000000	4.2176527913
2.7500000000	4.3103150448
2.7550000000	4.3500730889
2.7600000000	4.3313166112
2.7650000000	4.2533939239
2.7700000000	4.1215263891
2.7750000000	3.9461745688
2.7800000000	3.7409729370
2.7850000000	3.5203857720
2.7900000000	3.2973911432
2.7950000000	3.0823962668
2.8000000000	2.8827600762
2.8050000000	2.6807756846
2.8100000000	2.5079044595
2.8150000000	2.3636827592
2.8200000000	2.2457889725
2.8250000000	2.1511632761
2.8300000000	2.0767233949
2.8350000000	2.0198314128
2.8400000000	1.9777104679
2.8450000000	1.9504571562
2.8500000000	1.9360534035
2.8550000000	1.9337302354
2.8600000000	1.9429134195
2.8650000000	1.9630856064
2.8700000000	1.9936680309
2.8750000000	2.0339263302
2.8800000000	2.0828977697
2.8850000000	2.1393302837
2.8900000000	2.2017187794
2.8950000000	2.2683611135
2.9000000000	2.3374673421
2.9050000000	2.4205074889
2.9100000000	2.5001659742
2.9150000000	2.5739374910
2.9200000000	2.6391929458
2.9250000000	2.6929494054
2.9300000000	2.7324602162
2.9350000000	2.7534534017
2.9400000000	2.7540853681
2.9450000000	2.7335709085
2.9500000000	2.6930935382
2.9550000000	2.6357293566
2.9600000000	2.5659182301
2.9650000000	2.4886908610
2.9700000000	2.4089118283
2.9750000000	2.3307383935
2.9800000000	2.2573559753
2.9850000000	2.1909378719
2.9900000000	2.1327912225
2.9950000000	2.0835295711
3.0000000000	2.0432819698
