# energy (eV)    P(omega), $W$ = 300 nm, $h$ = 300 nm, $s$ = 20 nm, $d/W = 5$, $E_{\rm e}$ = 200 keV
0.2000000000	0.0965876255
0.2050000000	0.0980584606
0.2100000000	0.0994252931
0.2150000000	0.1006915961
0.2200000000	0.1018604962
0.2250000000	0.1029345745
0.2300000000	0.1039158926
0.2350000000	0.1048058859
0.2400000000	0.1056052849
0.2450000000	0.1063139876
0.2500000000	0.1069309595
0.2550000000	0.1074539744
0.2600000000	0.1078795681
0.2650000000	0.1082025914
0.2700000000	0.1084160466
0.2750000000	0.1085105616
0.2800000000	0.1084739154
0.2850000000	0.1082903348
0.2900000000	0.1079396449
0.2950000000	0.1073961396
0.3000000000	0.1066270106
0.3050000000	0.1055904465
0.3100000000	0.1042328951
0.3150000000	0.1103715316
0.3200000000	0.1176615921
0.3250000000	0.1268884742
0.3300000000	0.1392567595
0.3350000000	0.1546475408
0.3400000000	0.1748012879
0.3450000000	0.1992240997
0.3500000000	0.2311599524
0.3550000000	0.2733948906
0.3600000000	0.3284981560
0.3650000000	0.4052783524
0.3700000000	0.5064160758
0.3750000000	0.6469902304
0.3800000000	0.8501462706
0.3850000000	1.1664953375
0.3900000000	1.6658589426
0.3950000000	2.5134267336
0.4000000000	4.1280377145
0.4050000000	7.7453994609
0.4100000000	17.6082719445
0.4150000000	56.4544243023
0.4200000000	35.9935741874
0.4250000000	-67.5617318912
0.4300000000	18.7503318503
0.4350000000	11.6691541448
0.4400000000	7.1227419286
0.4450000000	4.6773027532
0.4500000000	3.2705031705
0.4550000000	2.4053254370
0.4600000000	1.8421779135
0.4650000000	1.4586354726
0.4700000000	1.1876811244
0.4750000000	0.9917874908
0.4800000000	0.8465778855
0.4850000000	0.7373108475
0.4900000000	0.6538823502
0.4950000000	0.5895124930
0.5000000000	0.5395661810
0.5050000000	0.5006462604
0.5100000000	0.4705615071
0.5150000000	0.4476971058
0.5200000000	0.4303758840
0.5250000000	0.4178329126
0.5300000000	0.4092549571
0.5350000000	0.4040446814
0.5400000000	0.4017611049
0.5450000000	0.4020360192
0.5500000000	0.4047455919
0.5550000000	0.4096799470
0.5600000000	0.4167272322
0.5650000000	0.4258339852
0.5700000000	0.4369486428
0.5750000000	0.4501471491
0.5800000000	0.4655524036
0.5850000000	0.4832429742
0.5900000000	0.5033765495
0.5950000000	0.5261550485
0.6000000000	0.5518347290
0.6050000000	0.5807937032
0.6100000000	0.6133879106
0.6150000000	0.6501076055
0.6200000000	0.6916072781
0.6250000000	0.7385137232
0.6300000000	0.7917553171
0.6350000000	0.8524887802
0.6400000000	0.9219161478
0.6450000000	1.0017754323
0.6500000000	1.0943499821
0.6550000000	1.2020153479
0.6600000000	1.3284259828
0.6650000000	1.4782659291
0.6700000000	1.6570409853
0.6750000000	1.8731514799
0.6800000000	2.1378885177
0.6850000000	2.4660376368
0.6900000000	2.8804977170
0.6950000000	3.4132874539
0.7000000000	4.1152597820
0.7050000000	5.0641352800
0.7100000000	6.3915769851
0.7150000000	8.3319273962
0.7200000000	11.3213380935
0.7250000000	16.2815952558
0.7300000000	25.3825488502
0.7350000000	44.8479083147
0.7400000000	98.2094166882
0.7450000000	325.5491040079
0.7500000000	1007.7503996249
0.7550000000	253.3193644996
0.7600000000	83.8264040703
0.7650000000	40.1326541653
0.7700000000	23.3209588956
0.7750000000	15.2086783058
0.7800000000	10.6943485229
0.7850000000	7.9362714519
0.7900000000	6.1264397801
0.7950000000	4.8787147680
0.8000000000	3.9821048348
0.8050000000	3.3145784839
0.8100000000	2.8057382957
0.8150000000	2.4025479558
0.8200000000	2.0844431426
0.8250000000	1.8283918510
0.8300000000	1.6187188439
0.8350000000	1.4463717918
0.8400000000	1.3019370005
0.8450000000	1.1807652803
0.8500000000	1.0783530110
0.8550000000	0.9900017148
0.8600000000	0.9145826879
0.8650000000	0.8501531344
0.8700000000	0.7932403925
0.8750000000	0.7448054366
0.8800000000	0.7036754042
0.8850000000	0.6668036249
0.8900000000	0.6371539262
0.8950000000	0.6101837874
0.9000000000	0.5887285446
0.9050000000	0.5738023206
0.9100000000	0.5601137208
0.9150000000	0.5516228417
0.9200000000	0.5501523682
0.9250000000	0.5489606689
0.9300000000	0.5405360531
0.9350000000	0.5162594798
0.9400000000	0.3828694167
0.9450000000	-0.2217395437
0.9500000000	-3.4089913923
0.9550000000	-19.5626381822
0.9600000000	4.6139004781
0.9650000000	8.0982319299
0.9700000000	3.5901645033
0.9750000000	1.8845125128
0.9800000000	1.1812387504
0.9850000000	0.8524036955
0.9900000000	0.6630262686
0.9950000000	0.5482266302
1.0000000000	0.4749363086
1.0050000000	0.4284503816
1.0100000000	0.3924475958
1.0150000000	0.3661562004
1.0200000000	0.3484362976
1.0250000000	0.3335963194
1.0300000000	0.3223419706
1.0350000000	0.3138519862
1.0400000000	0.3084718339
1.0450000000	0.3040403866
1.0500000000	0.3011659382
1.0550000000	0.2996733615
1.0600000000	0.2999494107
1.0650000000	0.3009161971
1.0700000000	0.3030161450
1.0750000000	0.3062584718
1.0800000000	0.3109352531
1.0850000000	0.3168660451
1.0900000000	0.3255583663
1.0950000000	0.3358679200
1.1000000000	0.3481297570
1.1050000000	0.3622858071
1.1100000000	0.3787702356
1.1150000000	0.3979575347
1.1200000000	0.4202777563
1.1250000000	0.4463530159
1.1300000000	0.4769462897
1.1350000000	0.5130313228
1.1400000000	0.5557014363
1.1450000000	0.6070174046
1.1500000000	0.6691667933
1.1550000000	0.7453364303
1.1600000000	0.8400226926
1.1650000000	0.9590442925
1.1700000000	1.1133733727
1.1750000000	1.3175120062
1.1800000000	1.5954568020
1.1850000000	1.9866676950
1.1900000000	2.5654268673
1.1950000000	3.4745450300
1.2000000000	5.0171471285
1.2050000000	7.9328252337
1.2100000000	14.3467326036
1.2150000000	31.6788081598
1.2200000000	77.7571427231
1.2250000000	69.7932997513
1.2300000000	27.7766740903
1.2350000000	12.9777362857
1.2400000000	7.3713491482
1.2450000000	4.7942998283
1.2500000000	3.4312602524
1.2550000000	2.6405129496
1.2600000000	2.1546106422
1.2650000000	1.8447920044
1.2700000000	1.6529106132
1.2750000000	1.5411721819
1.2800000000	1.4909915293
1.2850000000	1.4934711184
1.2900000000	1.5463295856
1.2950000000	1.6518955062
1.3000000000	1.8243475537
1.3050000000	2.0816264743
1.3100000000	2.4583154053
1.3150000000	3.0145404928
1.3200000000	3.8588405791
1.3250000000	5.1977647638
1.3300000000	7.4851498069
1.3350000000	11.7717765745
1.3400000000	20.9342733487
1.3450000000	43.6750711170
1.3500000000	92.5905481982
1.3550000000	86.2956534810
1.3600000000	39.7803919770
1.3650000000	19.5435678130
1.3700000000	11.2089821382
1.3750000000	7.2099422714
1.3800000000	5.0295867700
1.3850000000	3.7160132353
1.3900000000	2.8690220764
1.3950000000	2.2908461271
1.4000000000	1.8789842595
1.4050000000	1.5757160875
1.4100000000	1.3457719657
1.4150000000	1.1675510856
1.4200000000	1.0249793788
1.4250000000	0.9107865850
1.4300000000	0.8184066843
1.4350000000	0.7244772965
1.4400000000	0.4270982793
1.4450000000	-0.3430217233
1.4500000000	-1.7518609780
1.4550000000	-0.6362438904
1.4600000000	1.5984264103
1.4650000000	0.9726845388
1.4700000000	-0.4150709778
1.4750000000	-2.5365305855
1.4800000000	-1.1056207254
1.4850000000	1.9911834872
1.4900000000	1.6108866018
1.4950000000	1.0496037265
1.5000000000	0.7423798890
1.5050000000	0.5754858425
1.5100000000	0.4798070300
1.5150000000	0.4209161929
1.5200000000	0.3821794944
1.5250000000	0.3575236264
1.5300000000	0.3379353813
1.5350000000	0.3235990348
1.5400000000	0.3131001199
1.5450000000	0.3055746287
1.5500000000	0.3004559943
1.5550000000	0.2974578335
1.5600000000	0.2970621302
1.5650000000	0.2981636550
1.5700000000	0.3017700194
1.5750000000	0.3085677605
1.5800000000	0.3199495241
1.5850000000	0.3386580774
1.5900000000	0.3704779502
1.5950000000	0.4281204556
1.6000000000	0.5380746543
1.6050000000	0.7160788587
1.6100000000	0.7950388136
1.6150000000	0.6420938985
1.6200000000	0.5038005044
1.6250000000	0.4352125975
1.6300000000	0.4052257215
1.6350000000	0.3944919996
1.6400000000	0.3943474754
1.6450000000	0.4008731812
1.6500000000	0.4122186385
1.6550000000	0.4276105350
1.6600000000	0.4467490162
1.6650000000	0.4696684692
1.6700000000	0.4966289609
1.6750000000	0.5280832628
1.6800000000	0.5646742033
1.6850000000	0.6072575600
1.6900000000	0.6569313418
1.6950000000	0.7147389793
1.7000000000	0.7828825145
1.7050000000	0.8653767296
1.7100000000	0.9669822285
1.7150000000	1.1112456478
1.7200000000	1.3111559714
1.7250000000	1.5534844399
1.7300000000	1.8578195841
1.7350000000	2.1830370257
1.7400000000	2.4701550195
1.7450000000	2.8271931940
1.7500000000	3.3811160633
1.7550000000	4.2172937136
1.7600000000	5.4746582419
1.7650000000	7.4156231155
1.7700000000	10.5421985052
1.7750000000	15.8065662712
1.7800000000	24.7681731651
1.7850000000	37.9632295464
1.7900000000	47.1123929957
1.7950000000	40.0534789391
1.8000000000	26.6078050905
1.8050000000	16.7675611672
1.8100000000	11.0278376725
1.8150000000	7.6657325765
1.8200000000	5.5972933962
1.8250000000	4.2561865155
1.8300000000	3.3449982859
1.8350000000	2.7008596026
1.8400000000	2.2303109063
1.8450000000	1.8765415247
1.8500000000	1.6036986430
1.8550000000	1.3892892466
1.8600000000	1.2174076250
1.8650000000	1.0770623087
1.8700000000	0.9601387990
1.8750000000	0.8602750106
1.8800000000	0.7718767879
1.8850000000	0.6892707488
1.8900000000	0.6052469598
1.8950000000	0.5088423728
1.9000000000	0.3816068219
1.9050000000	0.1650433832
1.9100000000	-0.1494217332
1.9150000000	-0.4880944277
1.9200000000	-0.3366366727
1.9250000000	0.6528571662
1.9300000000	1.4476568324
1.9350000000	1.5121580106
1.9400000000	1.2465024671
1.9450000000	0.9780829862
1.9500000000	0.7850824362
1.9550000000	0.6555926616
1.9600000000	0.5682276118
1.9650000000	0.5103873184
1.9700000000	0.4665864755
1.9750000000	0.4344402241
1.9800000000	0.4102275252
1.9850000000	0.3913197641
1.9900000000	0.3758437881
1.9950000000	0.3622822489
2.0000000000	0.3502691940
2.0050000000	0.3441478927
2.0100000000	0.3497629892
2.0150000000	0.3631885356
2.0200000000	0.3737561560
2.0250000000	0.3809607264
2.0300000000	0.3886526215
2.0350000000	0.3984929389
2.0400000000	0.4117491793
2.0450000000	0.4292463932
2.0500000000	0.4519763972
2.0550000000	0.4809450547
2.0600000000	0.5162002778
2.0650000000	0.5543927795
2.0700000000	0.5872135632
2.0750000000	0.6080633900
2.0800000000	0.6214474764
2.0850000000	0.6374279816
2.0900000000	0.6622340025
2.0950000000	0.6977694610
2.1000000000	0.7450584734
2.1050000000	0.8030193553
2.1100000000	0.8756960277
2.1150000000	0.9658958294
2.1200000000	1.0777852430
2.1250000000	1.2173536348
2.1300000000	1.3931409412
2.1350000000	1.6173959826
2.1400000000	1.9078239807
2.1450000000	2.2903043590
2.1500000000	2.8025101717
2.1550000000	3.4976890411
2.1600000000	4.4439211976
2.1650000000	5.6987798902
2.1700000000	7.2404568038
2.1750000000	8.7790646253
2.1800000000	9.7518768131
2.1850000000	9.8613908538
2.1900000000	9.5265010849
2.1950000000	9.3041680435
2.2000000000	9.2401388718
2.2050000000	8.7957485807
2.2100000000	7.7451687028
2.2150000000	6.4107010476
2.2200000000	5.1897051114
2.2250000000	4.2117593873
2.2300000000	3.4420341198
2.2350000000	2.8306636746
2.2400000000	2.3456087058
2.2450000000	1.9670139164
2.2500000000	1.6717550840
2.2550000000	1.4387993992
2.2600000000	1.2505904218
2.2650000000	1.0925208111
2.2700000000	0.9523170178
2.2750000000	0.8213645885
2.2800000000	0.7002727336
2.2850000000	0.6042435371
2.2900000000	0.5557953450
2.2950000000	0.5626896698
2.3000000000	0.6027132072
2.3050000000	0.6418274648
2.3100000000	0.6587104669
2.3150000000	0.6544446527
2.3200000000	0.6383654045
2.3250000000	0.6200029064
2.3300000000	0.6045072402
2.3350000000	0.5936633601
2.3400000000	0.5871015217
2.3450000000	0.5829110845
2.3500000000	0.5785411674
2.3550000000	0.5723605329
2.3600000000	0.5648215923
2.3650000000	0.5579028991
2.3700000000	0.5535659291
2.3750000000	0.5527692262
2.3800000000	0.5553502238
2.3850000000	0.5603255504
2.3900000000	0.5665996998
2.3950000000	0.5732357260
2.4000000000	0.5807928584
2.4050000000	0.5913544625
2.4100000000	0.6059796086
2.4150000000	0.6260112136
2.4200000000	0.6523626590
2.4250000000	0.6858649126
2.4300000000	0.7274500606
2.4350000000	0.7782864383
2.4400000000	0.8398772731
2.4450000000	0.9141619355
2.4500000000	1.0036086654
2.4550000000	1.1113401180
2.4600000000	1.2412122635
2.4650000000	1.3978907183
2.4700000000	1.5867798848
2.4750000000	1.8133809919
2.4800000000	2.0836444760
2.4850000000	2.4002460462
2.4900000000	2.7605652660
2.4950000000	3.1515694931
2.5000000000	3.5443056128
2.5050000000	3.9072880373
2.5100000000	4.1417846385
2.5150000000	4.1931236002
2.5200000000	4.0542355720
2.5250000000	3.7685757135
2.5300000000	3.4022556753
2.5350000000	3.0132648860
2.5400000000	2.6383335984
2.5450000000	2.2956155212
2.5500000000	1.9918942252
2.5550000000	1.7280316091
2.5600000000	1.5001994154
2.5650000000	1.3078981880
2.5700000000	1.1472909201
2.5750000000	1.0161064119
2.5800000000	0.9125708823
2.5850000000	0.8344869153
2.5900000000	0.7778876283
2.5950000000	0.7370302904
2.6000000000	0.7059084159
2.6050000000	0.6837118428
2.6100000000	0.6637814671
2.6150000000	0.6458721841
2.6200000000	0.6304315233
2.6250000000	0.6178994802
2.6300000000	0.6085417329
2.6350000000	0.6024734709
2.6400000000	0.5997551273
2.6450000000	0.6004549715
2.6500000000	0.6047195957
2.6550000000	0.6125736692
2.6600000000	0.6242232488
2.6650000000	0.6398503654
2.6700000000	0.6596695002
2.6750000000	0.6839351281
2.6800000000	0.7129304728
2.6850000000	0.7469648593
2.6900000000	0.7863371997
2.6950000000	0.8313184206
2.7000000000	0.8820961929
2.7050000000	0.9447848113
2.7100000000	1.0150460843
2.7150000000	1.0923976024
2.7200000000	1.1757967659
2.7250000000	1.2635067985
2.7300000000	1.3529734685
2.7350000000	1.4407169426
2.7400000000	1.5222753338
2.7450000000	1.5929384412
2.7500000000	1.6458687223
2.7550000000	1.6763696161
2.7600000000	1.6809137737
2.7650000000	1.6585938709
2.7700000000	1.6114427597
2.7750000000	1.5440216225
2.7800000000	1.4623797293
2.7850000000	1.3729524705
2.7900000000	1.2814888783
2.7950000000	1.1925917447
2.8000000000	1.1095076760
2.8050000000	1.0250237548
2.8100000000	0.9520938811
2.8150000000	0.8905516940
2.8200000000	0.8394298412
2.8250000000	0.7974426474
2.8300000000	0.7633003894
2.8350000000	0.7359038809
2.8400000000	0.7140846148
2.8450000000	0.6979212983
2.8500000000	0.6865575892
2.8550000000	0.6796744135
2.8600000000	0.6770460424
2.8650000000	0.6784941423
2.8700000000	0.6838599574
2.8750000000	0.6929810296
2.8800000000	0.7056694097
2.8850000000	0.7216914066
2.8900000000	0.7407592957
2.8950000000	0.7625216675
2.9000000000	0.7865617141
2.9050000000	0.8181409408
2.9100000000	0.8505626141
2.9150000000	0.8825764266
2.9200000000	0.9126788713
2.9250000000	0.9391266716
2.9300000000	0.9602813873
2.9350000000	0.9739617310
2.9400000000	0.9790750954
2.9450000000	0.9750619903
2.9500000000	0.9622517713
2.9550000000	0.9418131194
2.9600000000	0.9155260390
2.9650000000	0.8854555142
2.9700000000	0.8536278905
2.9750000000	0.8218013480
2.9800000000	0.7913394451
2.9850000000	0.7631934086
2.9900000000	0.7379486073
2.9950000000	0.7159032162
3.0000000000	0.6971533730
