# energy (eV)    P(omega), $W$ = 300 nm, $h$ = 300 nm, $s$ = 20 nm, $d/W = 5$, $E_{\rm e}$ = 200 keV
0.2000000000	0.0856135555
0.2050000000	0.0868964667
0.2100000000	0.0880959940
0.2150000000	0.0892148549
0.2200000000	0.0902553660
0.2250000000	0.0912194961
0.2300000000	0.0921087483
0.2350000000	0.0929241188
0.2400000000	0.0936659828
0.2450000000	0.0943340562
0.2500000000	0.0949272372
0.2550000000	0.0954434231
0.2600000000	0.0958794599
0.2650000000	0.0962307656
0.2700000000	0.0964911356
0.2750000000	0.0966523464
0.2800000000	0.0967037236
0.2850000000	0.0966315436
0.2900000000	0.0964182276
0.2950000000	0.0960414712
0.3000000000	0.0954727822
0.3050000000	0.0946758542
0.3100000000	0.0936042054
0.3150000000	0.0989253086
0.3200000000	0.1052448023
0.3250000000	0.1132376939
0.3300000000	0.1239419101
0.3350000000	0.1372659137
0.3400000000	0.1547139012
0.3450000000	0.1758765668
0.3500000000	0.2035606182
0.3550000000	0.2401910169
0.3600000000	0.2880181529
0.3650000000	0.3546930877
0.3700000000	0.4426065943
0.3750000000	0.5648949209
0.3800000000	0.7417550202
0.3850000000	1.0173320520
0.3900000000	1.4526750112
0.3950000000	2.1921444842
0.4000000000	3.6018159513
0.4050000000	6.7622254136
0.4100000000	15.3856870126
0.4150000000	49.3757891167
0.4200000000	31.4597164279
0.4250000000	-59.2142853478
0.4300000000	16.4656009085
0.4350000000	10.2605019445
0.4400000000	6.2721229105
0.4450000000	4.1252474844
0.4500000000	2.8893574427
0.4550000000	2.1288061216
0.4600000000	1.6334678831
0.4650000000	1.2959259977
0.4700000000	1.0573583714
0.4750000000	0.8848213740
0.4800000000	0.7568993997
0.4850000000	0.6606409930
0.4900000000	0.5871637064
0.4950000000	0.5305047735
0.5000000000	0.4865884438
0.5050000000	0.4524244027
0.5100000000	0.4260870632
0.5150000000	0.4061587691
0.5200000000	0.3911579297
0.5250000000	0.3804168103
0.5300000000	0.3732188557
0.5350000000	0.3690399833
0.5400000000	0.3674938108
0.5450000000	0.3682575642
0.5500000000	0.3712290204
0.5550000000	0.3762262051
0.5600000000	0.3831560796
0.5650000000	0.3919768177
0.5700000000	0.4026502919
0.5750000000	0.4152510540
0.5800000000	0.4299003072
0.5850000000	0.4466771099
0.5900000000	0.4657347437
0.5950000000	0.4872660722
0.6000000000	0.5115167706
0.6050000000	0.5388429839
0.6100000000	0.5695844548
0.6150000000	0.6042053889
0.6200000000	0.6433250129
0.6250000000	0.6875370151
0.6300000000	0.7377189330
0.6350000000	0.7949644925
0.6400000000	0.8604117005
0.6450000000	0.9357032444
0.6500000000	1.0229989426
0.6550000000	1.1245470923
0.6600000000	1.2438032511
0.6650000000	1.3852012649
0.6700000000	1.5539537530
0.6750000000	1.7580095917
0.6800000000	2.0080583164
0.6850000000	2.3181031294
0.6900000000	2.7098324404
0.6950000000	3.2135792121
0.7000000000	3.8775272895
0.7050000000	4.7753371993
0.7100000000	6.0318175358
0.7150000000	7.8691417584
0.7200000000	10.7009283166
0.7250000000	15.4015037912
0.7300000000	24.0294568742
0.7350000000	42.4907698573
0.7400000000	93.1214181192
0.7450000000	308.9284194823
0.7500000000	957.0613519629
0.7550000000	240.7694119116
0.7600000000	79.7372276038
0.7650000000	38.2055212096
0.7700000000	22.2189557011
0.7750000000	14.5016785934
0.7800000000	10.2054373259
0.7850000000	7.5795796477
0.7900000000	5.8558405545
0.7950000000	4.6670165626
0.8000000000	3.8124145408
0.8050000000	3.1759267599
0.8100000000	2.6905694606
0.8150000000	2.3058190820
0.8200000000	2.0021634205
0.8250000000	1.7576635298
0.8300000000	1.5573798416
0.8350000000	1.3927096850
0.8400000000	1.2546681353
0.8450000000	1.1388334239
0.8500000000	1.0409197538
0.8550000000	0.9564243778
0.8600000000	0.8842935274
0.8650000000	0.8226816716
0.8700000000	0.7682425394
0.8750000000	0.7219343845
0.8800000000	0.6826410501
0.8850000000	0.6474124070
0.8900000000	0.6191533860
0.8950000000	0.5934463663
0.9000000000	0.5730730216
0.9050000000	0.5590431112
0.9100000000	0.5461861112
0.9150000000	0.5383890398
0.9200000000	0.5374547610
0.9250000000	0.5367629098
0.9300000000	0.5288929511
0.9350000000	0.5052680360
0.9400000000	0.3736374781
0.9450000000	-0.2246757904
0.9500000000	-3.3822449912
0.9550000000	-19.3980077641
0.9600000000	4.5772500358
0.9650000000	8.0406391711
0.9700000000	3.5663333038
0.9750000000	1.8722395376
0.9800000000	1.1733569207
0.9850000000	0.8464874327
0.9900000000	0.6581519427
0.9950000000	0.5439497210
1.0000000000	0.4710312916
1.0050000000	0.4248029870
1.0100000000	0.3889644152
1.0150000000	0.3627820381
1.0200000000	0.3451469214
1.0250000000	0.3303446266
1.0300000000	0.3190994915
1.0350000000	0.3105925200
1.0400000000	0.3051841266
1.0450000000	0.3006867723
1.0500000000	0.2977198686
1.0550000000	0.2961077490
1.0600000000	0.2962474437
1.0650000000	0.2970338904
1.0700000000	0.2989176026
1.0750000000	0.3019064150
1.0800000000	0.3062959349
1.0850000000	0.3118663782
1.0900000000	0.3200837693
1.0950000000	0.3298424430
1.1000000000	0.3414698962
1.1050000000	0.3548707103
1.1100000000	0.3704682661
1.1150000000	0.3886132470
1.1200000000	0.4097214883
1.1250000000	0.4343360988
1.1300000000	0.4631850773
1.1350000000	0.4971745353
1.1400000000	0.5373364279
1.1450000000	0.5855544030
1.1500000000	0.6438769227
1.1550000000	0.7152653235
1.1600000000	0.8038975126
1.1650000000	0.9151946586
1.1700000000	1.0593117766
1.1750000000	1.2497302125
1.1800000000	1.5087366113
1.1850000000	1.8729646943
1.1900000000	2.4114568126
1.1950000000	3.2567783600
1.2000000000	4.6905615013
1.2050000000	7.4000312070
1.2100000000	13.3603279855
1.2150000000	29.4710021453
1.2200000000	72.3278877436
1.2250000000	64.9827240271
1.2300000000	25.9216854825
1.2350000000	12.1580135339
1.2400000000	6.9446695716
1.2450000000	4.5509795577
1.2500000000	3.2882300383
1.2550000000	2.5594951994
1.2600000000	2.1160844526
1.2650000000	1.8383750869
1.2700000000	1.6728292474
1.2750000000	1.5847347714
1.2800000000	1.5575722778
1.2850000000	1.5841326570
1.2900000000	1.6638458723
1.2950000000	1.8008603042
1.3000000000	2.0120852001
1.3050000000	2.3192063938
1.3100000000	2.7626469809
1.3150000000	3.4123466486
1.3200000000	4.3940356733
1.3250000000	5.9473556387
1.3300000000	8.5971398081
1.3350000000	13.5602196755
1.3400000000	24.1677664834
1.3450000000	50.5012283499
1.3500000000	107.1764329152
1.3550000000	99.9578844444
1.3600000000	46.0954891672
1.3650000000	22.6484208956
1.3700000000	12.9886088700
1.3750000000	8.3528525585
1.3800000000	5.8251851777
1.3850000000	4.3025460543
1.3900000000	3.3211886115
1.3950000000	2.6516405940
1.4000000000	2.1753818443
1.4050000000	1.8255870200
1.4100000000	1.5617852060
1.4150000000	1.3598028611
1.4200000000	1.2025917878
1.4250000000	1.0856421676
1.4300000000	1.0113290799
1.4350000000	0.9623555902
1.4400000000	0.6618972391
1.4450000000	-0.1706157544
1.4500000000	-1.6189541875
1.4550000000	-0.5407285398
1.4600000000	1.6474733780
1.4650000000	0.9541748548
1.4700000000	-0.6097383869
1.4750000000	-3.0840958649
1.4800000000	-1.3607028234
1.4850000000	2.3310417554
1.4900000000	1.8870501100
1.4950000000	1.2242976410
1.5000000000	0.8619601191
1.5050000000	0.6658094729
1.5100000000	0.5535271339
1.5150000000	0.4846845253
1.5200000000	0.4395933429
1.5250000000	0.4109724851
1.5300000000	0.3884180968
1.5350000000	0.3720330746
1.5400000000	0.3601626761
1.5450000000	0.3518200949
1.5500000000	0.3463229136
1.5550000000	0.3433865893
1.5600000000	0.3435982322
1.5650000000	0.3457705819
1.5700000000	0.3511686390
1.5750000000	0.3607851654
1.5800000000	0.3765978897
1.5850000000	0.4025015380
1.5900000000	0.4467358449
1.5950000000	0.5275168077
1.6000000000	0.6832352233
1.6050000000	0.9388099936
1.6100000000	1.0580110861
1.6150000000	0.8426529990
1.6200000000	0.6429632321
1.6250000000	0.5414813225
1.6300000000	0.4949344418
1.6350000000	0.4757848800
1.6400000000	0.4715593601
1.6450000000	0.4765529016
1.6500000000	0.4879888863
1.6550000000	0.5047280672
1.6600000000	0.5261903029
1.6650000000	0.5522986731
1.6700000000	0.5832707662
1.6750000000	0.6195536302
1.6800000000	0.6618004730
1.6850000000	0.7108830594
1.6900000000	0.7678141735
1.6950000000	0.8331810745
1.7000000000	0.9084237437
1.7050000000	0.9954748800
1.7100000000	1.1009837177
1.7150000000	1.2783624487
1.7200000000	1.5462916965
1.7250000000	1.8358626045
1.7300000000	2.1801512043
1.7350000000	2.5526631166
1.7400000000	2.8965930256
1.7450000000	3.3300584722
1.7500000000	3.9945255135
1.7550000000	4.9911410033
1.7600000000	6.4863806245
1.7650000000	8.7931555856
1.7700000000	12.5091158589
1.7750000000	18.7678906548
1.7800000000	29.4276876499
1.7850000000	45.1361313346
1.7900000000	56.0551022555
1.7950000000	47.6941150207
1.8000000000	31.7112990811
1.8050000000	20.0032050019
1.8100000000	13.1703223235
1.8150000000	9.1663854973
1.8200000000	6.7024911887
1.8250000000	5.1048562433
1.8300000000	4.0195253624
1.8350000000	3.2526277565
1.8400000000	2.6928878039
1.8450000000	2.2727193074
1.8500000000	1.9494835178
1.8550000000	1.6964467851
1.8600000000	1.4948059889
1.8650000000	1.3316366836
1.8700000000	1.1975217827
1.8750000000	1.0852385351
1.8800000000	0.9886397691
1.8850000000	0.9017330445
1.8900000000	0.8171028171
1.8950000000	0.7235156775
1.9000000000	0.6019370044
1.9050000000	0.3902456746
1.9100000000	0.0862626242
1.9150000000	-0.2062501249
1.9200000000	0.1481489194
1.9250000000	1.5642360172
1.9300000000	2.6954489679
1.9350000000	2.7206259100
1.9400000000	2.1838951833
1.9450000000	1.6550845146
1.9500000000	1.2802851374
1.9550000000	1.0323759473
1.9600000000	0.8671743780
1.9650000000	0.7570936675
1.9700000000	0.6760624880
1.9750000000	0.6166437942
1.9800000000	0.5715453107
1.9850000000	0.5355374848
1.9900000000	0.5047273575
1.9950000000	0.4758148633
2.0000000000	0.4482070586
2.0050000000	0.4317895170
2.0100000000	0.4428243624
2.0150000000	0.4716019167
2.0200000000	0.4910426022
2.0250000000	0.4994879841
2.0300000000	0.5059238355
2.0350000000	0.5145078691
2.0400000000	0.5272612398
2.0450000000	0.5450409524
2.0500000000	0.5687177794
2.0550000000	0.5991575907
2.0600000000	0.6364099928
2.0650000000	0.6775042270
2.0700000000	0.7150451093
2.0750000000	0.7432579547
2.0800000000	0.7664376752
2.0850000000	0.7939167947
2.0900000000	0.8316321159
2.0950000000	0.8816424159
2.1000000000	0.9455260116
2.1050000000	1.0223212358
2.1100000000	1.1173785688
2.1150000000	1.2345333751
2.1200000000	1.3793012299
2.1250000000	1.5595082621
2.1300000000	1.7862430736
2.1350000000	2.0753710887
2.1400000000	2.4498061903
2.1450000000	2.9430413624
2.1500000000	3.6038507943
2.1550000000	4.5012201062
2.1600000000	5.7234123984
2.1650000000	7.3452272807
2.1700000000	9.3381537741
2.1750000000	11.3254165559
2.1800000000	12.5734352338
2.1850000000	12.6903657932
2.1900000000	12.2164660849
2.1950000000	11.8802442010
2.2000000000	11.7627743834
2.2050000000	11.2101207688
2.2100000000	9.9424575081
2.2150000000	8.3474550339
2.2200000000	6.8967171631
2.2250000000	5.7211605051
2.2300000000	4.7560150119
2.2350000000	3.9482062393
2.2400000000	3.2849008089
2.2450000000	2.7611311023
2.2500000000	2.3552395814
2.2550000000	2.0411096883
2.2600000000	1.7945625048
2.2650000000	1.5938017338
2.2700000000	1.4181935537
2.2750000000	1.2502983774
2.2800000000	1.0860624603
2.2850000000	0.9455365483
2.2900000000	0.8628779421
2.2950000000	0.8534009592
2.3000000000	0.8907442624
2.3050000000	0.9301019872
2.3100000000	0.9440063166
2.3150000000	0.9333203783
2.3200000000	0.9099199301
2.3250000000	0.8860108331
2.3300000000	0.8680730561
2.3350000000	0.8579981541
2.3400000000	0.8543627047
2.3450000000	0.8530256639
2.3500000000	0.8486531545
2.3550000000	0.8378377377
2.3600000000	0.8215221104
2.3650000000	0.8038625866
2.3700000000	0.7890836542
2.3750000000	0.7795333824
2.3800000000	0.7755888423
2.3850000000	0.7763069172
2.3900000000	0.7804829084
2.3950000000	0.7869621976
2.4000000000	0.7963197457
2.4050000000	0.8109969662
2.4100000000	0.8320311266
2.4150000000	0.8608548082
2.4200000000	0.8984559519
2.4250000000	0.9458939066
2.4300000000	1.0044687748
2.4350000000	1.0758473491
2.4400000000	1.1621746946
2.4450000000	1.2662013062
2.4500000000	1.3914131773
2.4550000000	1.5422087552
2.4600000000	1.7239963415
2.4650000000	1.9432959463
2.4700000000	2.2076101702
2.4750000000	2.5245039942
2.4800000000	2.9019605916
2.4850000000	3.3432954990
2.4900000000	3.8443733927
2.4950000000	4.3869155126
2.5000000000	4.9314606644
2.5050000000	5.4361608229
2.5100000000	5.7670888756
2.5150000000	5.8491191741
2.5200000000	5.6696932899
2.5250000000	5.2844579885
2.5300000000	4.7818352865
2.5350000000	4.2420425700
2.5400000000	3.7180195277
2.5450000000	3.2373919007
2.5500000000	2.8112841606
2.5550000000	2.4416069276
2.5600000000	2.1230869784
2.5650000000	1.8545647763
2.5700000000	1.6303389816
2.5750000000	1.4469647642
2.5800000000	1.3018086798
2.5850000000	1.1917631396
2.5900000000	1.1113943751
2.5950000000	1.0529034438
2.6000000000	1.0081379781
2.6050000000	0.9761955523
2.6100000000	0.9478754784
2.6150000000	0.9227979163
2.6200000000	0.9015516154
2.6250000000	0.8847401828
2.6300000000	0.8727507293
2.6350000000	0.8657688318
2.6400000000	0.8638922142
2.6450000000	0.8672200558
2.6500000000	0.8759561621
2.6550000000	0.8901460514
2.6600000000	0.9101011716
2.6650000000	0.9361177905
2.6700000000	0.9685448883
2.6750000000	1.0077905394
2.6800000000	1.0542910315
2.6850000000	1.1084928918
2.6900000000	1.1707911336
2.6950000000	1.2414881100
2.7000000000	1.3206949487
2.7050000000	1.4176794426
2.7100000000	1.5250679637
2.7150000000	1.6415500343
2.7200000000	1.7649235560
2.7250000000	1.8920570608
2.7300000000	2.0188970296
2.7350000000	2.1404820101
2.7400000000	2.2509099541
2.7450000000	2.3442913868
2.7500000000	2.4118806602
2.7550000000	2.4478887002
2.7600000000	2.4479436225
2.7650000000	2.4110824874
2.7700000000	2.3402412951
2.7750000000	2.2417596270
2.7800000000	2.1240046656
2.7850000000	1.9958759212
2.7900000000	1.8653463521
2.7950000000	1.7388066284
2.8000000000	1.6207786421
2.8050000000	1.5008923835
2.8100000000	1.3976904230
2.8150000000	1.3109418151
2.8200000000	1.2392914365
2.8250000000	1.1809376453
2.8300000000	1.1340632541
2.8350000000	1.0971214512
2.8400000000	1.0684668089
2.8450000000	1.0481994714
2.8500000000	1.0351106435
2.8550000000	1.0287432542
2.8600000000	1.0287603003
2.8650000000	1.0348757534
2.8700000000	1.0468108293
2.8750000000	1.0642470790
2.8800000000	1.0867955729
2.8850000000	1.1139634561
2.8900000000	1.1451625168
2.8950000000	1.1796955912
2.9000000000	1.2167958897
2.9050000000	1.2637106133
2.9100000000	1.3105981181
2.9150000000	1.3557842949
2.9200000000	1.3973471631
2.9250000000	1.4330687988
2.9300000000	1.4608832169
2.9350000000	1.4778927407
2.9400000000	1.4827166132
2.9450000000	1.4746801594
2.9500000000	1.4543344691
2.9550000000	1.4234099431
2.9600000000	1.3844801734
2.9650000000	1.3405081613
2.9700000000	1.2943921662
2.9750000000	1.2486311644
2.9800000000	1.2051575876
2.9850000000	1.1653069371
2.9900000000	1.1299021675
2.9950000000	1.0993422893
3.0000000000	1.0737430173
