# energy (eV)    P(omega), $W$ = 300 nm, $h$ = 300 nm, $s$ = 20 nm, $d/W = 5$, $E_{\rm e}$ = 200 keV
0.2000000000	0.1738911101
0.2050000000	0.1764962750
0.2100000000	0.1789315936
0.2150000000	0.1812026059
0.2200000000	0.1833140522
0.2250000000	0.1852699528
0.2300000000	0.1870733863
0.2350000000	0.1887263934
0.2400000000	0.1902297592
0.2450000000	0.1915829205
0.2500000000	0.1927836576
0.2550000000	0.1938277131
0.2600000000	0.1947086896
0.2650000000	0.1954172921
0.2700000000	0.1959409260
0.2750000000	0.1962628952
0.2800000000	0.1963615242
0.2850000000	0.1962089369
0.2900000000	0.1957694319
0.2950000000	0.1949977004
0.3000000000	0.1938358685
0.3050000000	0.1922101864
0.3100000000	0.1900262361
0.3150000000	0.2008354787
0.3200000000	0.2136728828
0.3250000000	0.2299100486
0.3300000000	0.2516558482
0.3350000000	0.2787235988
0.3400000000	0.3141692878
0.3450000000	0.3571602407
0.3500000000	0.4133984558
0.3550000000	0.4878094823
0.3600000000	0.5849634630
0.3650000000	0.7204020427
0.3700000000	0.8989779616
0.3750000000	1.1473727196
0.3800000000	1.5066070829
0.3850000000	2.0663426281
0.3900000000	2.9505649108
0.3950000000	4.4524627599
0.4000000000	7.3155138200
0.4050000000	13.7341930017
0.4100000000	31.2477480711
0.4150000000	100.2773576764
0.4200000000	63.8919532123
0.4250000000	-120.2507016225
0.4300000000	33.4362025580
0.4350000000	20.8349308474
0.4400000000	12.7356327874
0.4450000000	8.3760164016
0.4500000000	5.8663695338
0.4550000000	4.3219928247
0.4600000000	3.3161751905
0.4650000000	2.6307846724
0.4700000000	2.1463712302
0.4750000000	1.7960370228
0.4800000000	1.5362946733
0.4850000000	1.3408445090
0.4900000000	1.1916498744
0.4950000000	1.0766029315
0.5000000000	0.9874275390
0.5050000000	0.9180517712
0.5100000000	0.8645655559
0.5150000000	0.8240900688
0.5200000000	0.7936172185
0.5250000000	0.7717908591
0.5300000000	0.7571560766
0.5350000000	0.7486486050
0.5400000000	0.7454837902
0.5450000000	0.7470061949
0.5500000000	0.7530078583
0.5550000000	0.7631191556
0.5600000000	0.7771508872
0.5650000000	0.7950178413
0.5700000000	0.8166422156
0.5750000000	0.8421749544
0.5800000000	0.8718615189
0.5850000000	0.9058618427
0.5900000000	0.9444864418
0.5950000000	0.9881261019
0.6000000000	1.0372786060
0.6050000000	1.0926658597
0.6100000000	1.1549763040
0.6150000000	1.2251507654
0.6200000000	1.3044443107
0.6250000000	1.3940601778
0.6300000000	1.4957769926
0.6350000000	1.6118115622
0.6400000000	1.7444703469
0.6450000000	1.8970828452
0.6500000000	2.0740266336
0.6550000000	2.2798584708
0.6600000000	2.5215823316
0.6650000000	2.8081844662
0.6700000000	3.1502299073
0.6750000000	3.5638289880
0.6800000000	4.0706476251
0.6850000000	4.6990666392
0.6900000000	5.4930433851
0.6950000000	6.5140547712
0.7000000000	7.8597574700
0.7050000000	9.6794411960
0.7100000000	12.2260584295
0.7150000000	15.9498915738
0.7200000000	21.6892226167
0.7250000000	31.2160452905
0.7300000000	48.7024721947
0.7350000000	86.1180125639
0.7400000000	188.7301991688
0.7450000000	626.0977618907
0.7500000000	1939.6197473852
0.7550000000	487.9448253288
0.7600000000	161.5932327753
0.7650000000	77.4249378457
0.7700000000	45.0268023586
0.7750000000	29.3872235061
0.7800000000	20.6806764207
0.7850000000	15.3592898435
0.7900000000	11.8661055264
0.7950000000	9.4569544675
0.8000000000	7.7251180835
0.8050000000	6.4352966287
0.8100000000	5.4517438250
0.8150000000	4.6720734996
0.8200000000	4.0567401090
0.8250000000	3.5612848495
0.8300000000	3.1554321645
0.8350000000	2.8217482727
0.8400000000	2.5420258869
0.8450000000	2.3073037061
0.8500000000	2.1088965353
0.8550000000	1.9376806106
0.8600000000	1.7915195913
0.8650000000	1.6666733580
0.8700000000	1.5563620936
0.8750000000	1.4625260707
0.8800000000	1.3829034285
0.8850000000	1.3115174546
0.8900000000	1.2542519489
0.8950000000	1.2021579998
0.9000000000	1.1608696170
0.9050000000	1.1324314573
0.9100000000	1.1063703299
0.9150000000	1.0905589116
0.9200000000	1.0886481792
0.9250000000	1.0872293683
0.9300000000	1.0712746266
0.9350000000	1.0234163280
0.9400000000	0.7568356583
0.9450000000	-0.4548141275
0.9500000000	-6.8491012156
0.9550000000	-39.2816090333
0.9600000000	9.2690485184
0.9650000000	16.2822162925
0.9700000000	7.2217391361
0.9750000000	3.7912379528
0.9800000000	2.3760287838
0.9850000000	1.7141339678
0.9900000000	1.3327664149
0.9950000000	1.1015149040
1.0000000000	0.9538602015
1.0050000000	0.8602501228
1.0100000000	0.7876796380
1.0150000000	0.7346622787
1.0200000000	0.6989517799
1.0250000000	0.6689784446
1.0300000000	0.6462082840
1.0350000000	0.6289829923
1.0400000000	0.6180318064
1.0450000000	0.6089263007
1.0500000000	0.6029202596
1.0550000000	0.5996579849
1.0600000000	0.5999430776
1.0650000000	0.6015388211
1.0700000000	0.6053571427
1.0750000000	0.6114138620
1.0800000000	0.6203074304
1.0850000000	0.6315939002
1.0900000000	0.6482426706
1.0950000000	0.6680139010
1.1000000000	0.6915708261
1.1050000000	0.7187212289
1.1100000000	0.7503224885
1.1150000000	0.7870852292
1.1200000000	0.8298516395
1.1250000000	0.8797233280
1.1300000000	0.9381750076
1.1350000000	1.0070428596
1.1400000000	1.0884176298
1.1450000000	1.1861174270
1.1500000000	1.3042928865
1.1550000000	1.4489450654
1.1600000000	1.6285403131
1.1650000000	1.8540638496
1.1700000000	2.1460957058
1.1750000000	2.5319546630
1.1800000000	3.0568042075
1.1850000000	3.7948806651
1.1900000000	4.8860935928
1.1950000000	6.5990824496
1.2000000000	9.5045559868
1.2050000000	14.9951258254
1.2100000000	27.0732512336
1.2150000000	59.7201628399
1.2200000000	146.5648544636
1.2250000000	131.6781932154
1.2300000000	52.5247220402
1.2350000000	24.6342429092
1.2400000000	14.0700271744
1.2450000000	9.2194489148
1.2500000000	6.6605336835
1.2550000000	5.1836848432
1.2600000000	4.2849603792
1.2650000000	3.7219570335
1.2700000000	3.3861722409
1.2750000000	3.2072561206
1.2800000000	3.1517137809
1.2850000000	3.2049099178
1.2900000000	3.3656485921
1.2950000000	3.6422857416
1.3000000000	4.0689874389
1.3050000000	4.6895678982
1.3100000000	5.5857247658
1.3150000000	6.8988170024
1.3200000000	8.8829758918
1.3250000000	12.0225691673
1.3300000000	17.3784300064
1.3350000000	27.4100814019
1.3400000000	48.8506569194
1.3450000000	102.0772171574
1.3500000000	216.6314197748
1.3550000000	202.0394976332
1.3600000000	93.1699989337
1.3650000000	45.7778362602
1.3700000000	26.2530980457
1.3750000000	16.8831683234
1.3800000000	11.7741769285
1.3850000000	8.6965749665
1.3900000000	6.7130208689
1.3950000000	5.3597026780
1.4000000000	4.3970586573
1.4050000000	3.6900192473
1.4100000000	3.1567769567
1.4150000000	2.7484593387
1.4200000000	2.4305860239
1.4250000000	2.1939878705
1.4300000000	2.0433248240
1.4350000000	1.9434884565
1.4400000000	1.3354228870
1.4450000000	-0.3485826752
1.4500000000	-3.2794542526
1.4550000000	-1.0963140024
1.4600000000	3.3336946600
1.4650000000	1.9317727007
1.4700000000	-1.2300780901
1.4750000000	-6.2310880777
1.4800000000	-2.7488173234
1.4850000000	4.7113008925
1.4900000000	3.8139423992
1.4950000000	2.4745757186
1.5000000000	1.7423188303
1.5050000000	1.3459072636
1.5100000000	1.1189918076
1.5150000000	0.9798668274
1.5200000000	0.8887449265
1.5250000000	0.8309137284
1.5300000000	0.7853449828
1.5350000000	0.7522493376
1.5400000000	0.7282837021
1.5450000000	0.7114552304
1.5500000000	0.7003875985
1.5550000000	0.6945089171
1.5600000000	0.6950113032
1.5650000000	0.6995029357
1.5700000000	0.7105541717
1.5750000000	0.7301943202
1.5800000000	0.7624618192
1.5850000000	0.8153074571
1.5900000000	0.9055497610
1.5950000000	1.0703674250
1.6000000000	1.3881054440
1.6050000000	1.9095638354
1.6100000000	2.1525468719
1.6150000000	1.7127203766
1.6200000000	1.3049532758
1.6250000000	1.0976273325
1.6300000000	1.0023931998
1.6350000000	0.9630391759
1.6400000000	0.9541041493
1.6450000000	0.9639407148
1.6500000000	0.9868788863
1.6550000000	1.0205845676
1.6600000000	1.0638677368
1.6650000000	1.1165623304
1.6700000000	1.1791014272
1.6750000000	1.2523840947
1.6800000000	1.3377279375
1.6850000000	1.4368923382
1.6900000000	1.5519233413
1.6950000000	1.6840077516
1.7000000000	1.8360551987
1.7050000000	2.0119724421
1.7100000000	2.2251798066
1.7150000000	2.5835468550
1.7200000000	3.1248757878
1.7250000000	3.7100876110
1.7300000000	4.4059576804
1.7350000000	5.1588078362
1.7400000000	5.8537282784
1.7450000000	6.7295085317
1.7500000000	8.0721055095
1.7550000000	10.0859040841
1.7600000000	13.1072790273
1.7650000000	17.7685056910
1.7700000000	25.2772195795
1.7750000000	37.9240676362
1.7800000000	59.4637856103
1.7850000000	91.2048196071
1.7900000000	113.2676039530
1.7950000000	96.3723631163
1.8000000000	64.0765141298
1.8050000000	40.4186248938
1.8100000000	26.6118689757
1.8150000000	18.5214115660
1.8200000000	13.5428182981
1.8250000000	10.3146144930
1.8300000000	8.1215840524
1.8350000000	6.5719847561
1.8400000000	5.4409700704
1.8450000000	4.5919728698
1.8500000000	3.9388363259
1.8550000000	3.4275418994
1.8600000000	3.0200945415
1.8650000000	2.6903783264
1.8700000000	2.4193640154
1.8750000000	2.1924554699
1.8800000000	1.9972293039
1.8850000000	1.8215738950
1.8900000000	1.6505000506
1.8950000000	1.4613018518
1.9000000000	1.2155056505
1.9050000000	0.7875589765
1.9100000000	0.1730245611
1.9150000000	-0.4185156554
1.9200000000	0.2967487714
1.9250000000	3.1568532592
1.9300000000	5.4415901996
1.9350000000	5.4926775798
1.9400000000	4.4092294603
1.9450000000	3.3417411276
1.9500000000	2.5851368715
1.9550000000	2.0846757057
1.9600000000	1.7511732355
1.9650000000	1.5289485273
1.9700000000	1.3653607101
1.9750000000	1.2454043291
1.9800000000	1.1543588424
1.9850000000	1.0816676701
1.9900000000	1.0194728182
1.9950000000	0.9611132695
2.0000000000	0.9053916126
2.0050000000	0.8722594603
2.0100000000	0.8945323362
2.0150000000	0.9526166983
2.0200000000	0.9918657301
2.0250000000	1.0089328962
2.0300000000	1.0219532738
2.0350000000	1.0393180832
2.0400000000	1.0651096967
2.0450000000	1.1010619711
2.0500000000	1.1489380568
2.0550000000	1.2104912484
2.0600000000	1.2858212906
2.0650000000	1.3689111245
2.0700000000	1.4447839043
2.0750000000	1.5017429627
2.0800000000	1.5484813602
2.0850000000	1.6038923888
2.0900000000	1.6799920219
2.0950000000	1.7809430743
2.1000000000	1.9099299169
2.1050000000	2.0650047345
2.1100000000	2.2569724940
2.1150000000	2.4935765822
2.1200000000	2.7859555733
2.1250000000	3.1499143640
2.1300000000	3.6078480461
2.1350000000	4.1917989986
2.1400000000	4.9480459327
2.1450000000	5.9442342788
2.1500000000	7.2788714260
2.1550000000	9.0912857343
2.1600000000	11.5597377928
2.1650000000	14.8352919182
2.1700000000	18.8603514407
2.1750000000	22.8739368467
2.1800000000	25.3944439413
2.1850000000	25.6305057755
2.1900000000	24.6733001959
2.1950000000	23.9941679797
2.2000000000	23.7567967239
2.2050000000	22.6403593265
2.2100000000	20.0796929681
2.2150000000	16.8578326582
2.2200000000	13.9273736123
2.2250000000	11.5528591168
2.2300000000	9.6035666705
2.2350000000	7.9722519344
2.2400000000	6.6328614598
2.2450000000	5.5752652199
2.2500000000	4.7556864637
2.2550000000	4.1213777912
2.2600000000	3.6235153740
2.2650000000	3.2180927141
2.2700000000	2.8634548920
2.2750000000	2.5244013953
2.2800000000	2.1927605426
2.2850000000	1.9090264143
2.2900000000	1.7421670761
2.2950000000	1.7230935640
2.3000000000	1.7985597761
2.3050000000	1.8780828967
2.3100000000	1.9061932539
2.3150000000	1.8846381552
2.3200000000	1.8374028811
2.3250000000	1.7891384163
2.3300000000	1.7529312868
2.3350000000	1.7326022565
2.3400000000	1.7252766069
2.3450000000	1.7225910834
2.3500000000	1.7137730037
2.3550000000	1.6919405235
2.3600000000	1.6589975646
2.3650000000	1.6233383703
2.3700000000	1.5934946874
2.3750000000	1.5742083425
2.3800000000	1.5662401483
2.3850000000	1.5676842823
2.3900000000	1.5761063017
2.3950000000	1.5891736385
2.4000000000	1.6080481333
2.4050000000	1.6376604346
2.4100000000	1.6801080257
2.4150000000	1.7382849907
2.4200000000	1.8141860598
2.4250000000	1.9099501897
2.4300000000	2.0282018081
2.4350000000	2.1723055259
2.4400000000	2.3465917286
2.4450000000	2.5566132988
2.4500000000	2.8094081932
2.4550000000	3.1138556269
2.4600000000	3.4808753767
2.4650000000	3.9236300039
2.4700000000	4.4572680436
2.4750000000	5.0970630086
2.4800000000	5.8591352653
2.4850000000	6.7501818419
2.4900000000	7.7618582201
2.4950000000	8.8572637196
2.5000000000	9.9567261350
2.5050000000	10.9757521693
2.5100000000	11.6439238208
2.5150000000	11.8095504885
2.5200000000	11.4472749635
2.5250000000	10.6694554783
2.5300000000	9.6546255974
2.5350000000	8.5647506202
2.5400000000	7.5067184699
2.5450000000	6.5363063997
2.5500000000	5.6759745129
2.5550000000	4.9295802951
2.5600000000	4.2864766831
2.5650000000	3.7443220997
2.5700000000	3.2916051828
2.5750000000	2.9213702433
2.5800000000	2.6282994718
2.5850000000	2.4061183033
2.5900000000	2.2438554355
2.5950000000	2.1257644019
2.6000000000	2.0353856610
2.6050000000	1.9708969304
2.6100000000	1.9137218998
2.6150000000	1.8630934143
2.6200000000	1.8201997667
2.6250000000	1.7862589462
2.6300000000	1.7620519493
2.6350000000	1.7479526587
2.6400000000	1.7441584795
2.6450000000	1.7508697772
2.6500000000	1.7684981961
2.6550000000	1.7971360218
2.6600000000	1.8374119024
2.6650000000	1.8899237475
2.6700000000	1.9553761953
2.6750000000	2.0345927518
2.6800000000	2.1284536767
2.6850000000	2.2378608902
2.6900000000	2.3636120121
2.6950000000	2.5063175099
2.7000000000	2.6662024071
2.7050000000	2.8619747447
2.7100000000	3.0787509018
2.7150000000	3.3138853655
2.7200000000	3.5629330926
2.7250000000	3.8195727012
2.7300000000	4.0756213640
2.7350000000	4.3210628494
2.7400000000	4.5439818526
2.7450000000	4.7324882532
2.7500000000	4.8689264049
2.7550000000	4.9416097054
2.7600000000	4.9417124698
2.7650000000	4.8672914282
2.7700000000	4.7242742474
2.7750000000	4.5254596098
2.7800000000	4.2877390570
2.7850000000	4.0290785259
2.7900000000	3.7655732235
2.7950000000	3.5101238651
2.8000000000	3.2718584904
2.8050000000	3.0298444969
2.8100000000	2.8215119541
2.8150000000	2.6463942454
2.8200000000	2.5017552222
2.8250000000	2.3839576200
2.8300000000	2.2893329440
2.8350000000	2.2147581018
2.8400000000	2.1569114595
2.8450000000	2.1159944845
2.8500000000	2.0895673828
2.8550000000	2.0767073050
2.8600000000	2.0767338247
2.8650000000	2.0890702589
2.8700000000	2.1131536063
2.8750000000	2.1483410742
2.8800000000	2.1938482080
2.8850000000	2.2486801699
2.8900000000	2.3116490131
2.8950000000	2.3813483470
2.9000000000	2.4562296051
2.9050000000	2.5509220061
2.9100000000	2.6455596746
2.9150000000	2.7367635748
2.9200000000	2.8206536702
2.9250000000	2.8927532462
2.9300000000	2.9488913891
2.9350000000	2.9832199863
2.9400000000	2.9929512372
2.9450000000	2.9767235682
2.9500000000	2.9356501249
2.9550000000	2.8732234220
2.9600000000	2.7946384882
2.9650000000	2.7058766660
2.9700000000	2.6127874733
2.9750000000	2.5204153216
2.9800000000	2.4326607875
2.9850000000	2.3522194574
2.9900000000	2.2807519053
2.9950000000	2.2190639046
3.0000000000	2.1673888090
