# energy (eV)    P(omega), $W$ = 300 nm, $h$ = 300 nm, $s$ = 20 nm, $d/W = 5$, $E_{\rm e}$ = 200 keV
0.2000000000	0.3872763771
0.2050000000	0.3931744456
0.2100000000	0.3986561093
0.2150000000	0.4037352636
0.2200000000	0.4084244177
0.2250000000	0.4127338854
0.2300000000	0.4166719139
0.2350000000	0.4202442081
0.2400000000	0.4234536993
0.2450000000	0.4262999493
0.2500000000	0.4287787875
0.2550000000	0.4308812732
0.2600000000	0.4325935047
0.2650000000	0.4338948130
0.2700000000	0.4347571537
0.2750000000	0.4351429234
0.2800000000	0.4350031247
0.2850000000	0.4342745014
0.2900000000	0.4328761733
0.2950000000	0.4307050648
0.3000000000	0.4276296451
0.3050000000	0.4234822686
0.3100000000	0.4180482252
0.3150000000	0.4426596367
0.3200000000	0.4718873579
0.3250000000	0.5088797637
0.3300000000	0.5584657955
0.3350000000	0.6201696366
0.3400000000	0.7009687955
0.3450000000	0.7988847078
0.3500000000	0.9269225912
0.3550000000	1.0962531966
0.3600000000	1.3171788408
0.3650000000	1.6250161602
0.3700000000	2.0305175217
0.3750000000	2.5941422889
0.3800000000	3.4086955351
0.3850000000	4.6771090701
0.3900000000	6.6793516157
0.3950000000	10.0777922134
0.4000000000	16.5518741648
0.4050000000	31.0565201930
0.4100000000	70.6044803604
0.4150000000	226.3709825976
0.4200000000	144.3265069904
0.4250000000	-270.9187759759
0.4300000000	75.1899232947
0.4350000000	46.7949575773
0.4400000000	28.5638556131
0.4450000000	18.7575297069
0.4500000000	13.1161339902
0.4550000000	9.6466547028
0.4600000000	7.3883361748
0.4650000000	5.8502511347
0.4700000000	4.7636593312
0.4750000000	3.9780746369
0.4800000000	3.3957440633
0.4850000000	2.9575530434
0.4900000000	2.6229830327
0.4950000000	2.3648452268
0.5000000000	2.1645527013
0.5050000000	2.0084815690
0.5100000000	1.8878450854
0.5150000000	1.7961676087
0.5200000000	1.7267229993
0.5250000000	1.6764439881
0.5300000000	1.6420694823
0.5350000000	1.6212038655
0.5400000000	1.6120789489
0.5450000000	1.6132183167
0.5500000000	1.6241256675
0.5550000000	1.6439595955
0.5600000000	1.6722719930
0.5650000000	1.7088487864
0.5700000000	1.7534836159
0.5750000000	1.8064817571
0.5800000000	1.8683367338
0.5850000000	1.9393645035
0.5900000000	2.0201982748
0.5950000000	2.1116490186
0.6000000000	2.2147455443
0.6050000000	2.3310060352
0.6100000000	2.4618596068
0.6150000000	2.6092744802
0.6200000000	2.7758784682
0.6250000000	2.9641878994
0.6300000000	3.1779300547
0.6350000000	3.4217488381
0.6400000000	3.7004702288
0.6450000000	4.0210718239
0.6500000000	4.3927207928
0.6550000000	4.8249545739
0.6600000000	5.3324446621
0.6650000000	5.9339968532
0.6700000000	6.6517153172
0.6750000000	7.5193268140
0.6800000000	8.5821623174
0.6850000000	9.8995827767
0.6900000000	11.5635251259
0.6950000000	13.7025389453
0.7000000000	16.5207918045
0.7050000000	20.3303237981
0.7100000000	25.6597474209
0.7150000000	33.4499256578
0.7200000000	45.4519707244
0.7250000000	65.3667853989
0.7300000000	101.9062157915
0.7350000000	180.0581659823
0.7400000000	394.3019454984
0.7450000000	1307.0657228570
0.7500000000	4046.1222590869
0.7550000000	1017.0902337222
0.7600000000	336.5712287605
0.7650000000	161.1384029752
0.7700000000	93.6380919797
0.7750000000	61.0664382668
0.7800000000	42.9408277067
0.7850000000	31.8667308712
0.7900000000	24.5999413528
0.7950000000	19.5900789438
0.8000000000	15.9899947965
0.8050000000	13.3097155160
0.8100000000	11.2665879463
0.8150000000	9.6476626524
0.8200000000	8.3703737246
0.8250000000	7.3422431621
0.8300000000	6.5003334766
0.8350000000	5.8082970133
0.8400000000	5.2283364820
0.8450000000	4.7417841568
0.8500000000	4.3305573954
0.8550000000	3.9757897493
0.8600000000	3.6729502441
0.8650000000	3.4142383501
0.8700000000	3.1857087836
0.8750000000	2.9912222914
0.8800000000	2.8260696399
0.8850000000	2.6780152976
0.8900000000	2.5589641209
0.8950000000	2.4506719916
0.9000000000	2.3645276153
0.9050000000	2.3046055928
0.9100000000	2.2496525930
0.9150000000	2.2155755995
0.9200000000	2.2096965781
0.9250000000	2.2049360239
0.9300000000	2.1711186659
0.9350000000	2.0736179220
0.9400000000	1.5377857380
0.9450000000	-0.8910456756
0.9500000000	-13.6950585177
0.9550000000	-78.5891462578
0.9600000000	18.5355113585
0.9650000000	32.5336133792
0.9700000000	14.4231046844
0.9750000000	7.5708313409
0.9800000000	4.7454860991
0.9850000000	3.4244137514
0.9900000000	2.6635986846
0.9950000000	2.2023951896
1.0000000000	1.9079537443
1.0050000000	1.7211995952
1.0100000000	1.5765593275
1.0150000000	1.4709342387
1.0200000000	1.3997459597
1.0250000000	1.3401261739
1.0300000000	1.2949112633
1.0350000000	1.2608016759
1.0400000000	1.2391863077
1.0450000000	1.2213807228
1.0500000000	1.2098297030
1.0550000000	1.2038297058
1.0600000000	1.2049348531
1.0650000000	1.2088135239
1.0700000000	1.2172434500
1.0750000000	1.2302617685
1.0800000000	1.2490421939
1.0850000000	1.2728578882
1.0900000000	1.3077641281
1.0950000000	1.3491651284
1.1000000000	1.3984069020
1.1050000000	1.4552545202
1.1100000000	1.5214520633
1.1150000000	1.5985033662
1.1200000000	1.6881356713
1.1250000000	1.7928455803
1.1300000000	1.9156971725
1.1350000000	2.0606003995
1.1400000000	2.2319457453
1.1450000000	2.4380062518
1.1500000000	2.6875659145
1.1550000000	2.9934204993
1.1600000000	3.3736237459
1.1650000000	3.8515395824
1.1700000000	4.4712212546
1.1750000000	5.2908977922
1.1800000000	6.4069190595
1.1850000000	7.9777249818
1.1900000000	10.3015738737
1.1950000000	13.9518726205
1.2000000000	20.1457340617
1.2050000000	31.8527808774
1.2100000000	57.6059965489
1.2150000000	127.1983503565
1.2200000000	312.2154048609
1.2250000000	280.2421064035
1.2300000000	111.5348853582
1.2350000000	52.1130237579
1.2400000000	29.6017928006
1.2450000000	19.2542896642
1.2500000000	13.7814585052
1.2550000000	10.6066159504
1.2600000000	8.6558883114
1.2650000000	7.4122654109
1.2700000000	6.6422940673
1.2750000000	6.1942344112
1.2800000000	5.9934930437
1.2850000000	6.0043822307
1.2900000000	6.2178026410
1.2950000000	6.6431814009
1.3000000000	7.3375953685
1.3050000000	8.3732736002
1.3100000000	9.8894009269
1.3150000000	12.1279433699
1.3200000000	15.5256803916
1.3250000000	20.9138104821
1.3300000000	30.1186116945
1.3350000000	47.3685778868
1.3400000000	84.2396672533
1.3450000000	175.7518754612
1.3500000000	372.5959354068
1.3550000000	347.2670591448
1.3600000000	160.0830802148
1.3650000000	78.6467183680
1.3700000000	45.1068328858
1.3750000000	29.0139366661
1.3800000000	20.2397628709
1.3850000000	14.9536915634
1.3900000000	11.5452490909
1.3950000000	9.2185757329
1.4000000000	7.5611976045
1.4050000000	6.3408380349
1.4100000000	5.4155768212
1.4150000000	4.6985128167
1.4200000000	4.1250063122
1.4250000000	3.6659097136
1.4300000000	3.2950833547
1.4350000000	2.9188061272
1.4400000000	1.7235840750
1.4450000000	-1.3730991703
1.4500000000	-7.0359637373
1.4550000000	-2.5538233657
1.4600000000	6.4251581326
1.4650000000	3.9082073765
1.4700000000	-1.6748103554
1.4750000000	-10.2124302876
1.4800000000	-4.4520384134
1.4850000000	8.0134710454
1.4900000000	6.4829853269
1.4950000000	4.2238731169
1.5000000000	2.9873339799
1.5050000000	2.3156194195
1.5100000000	1.9305298282
1.5150000000	1.6935045296
1.5200000000	1.5375921760
1.5250000000	1.4383442056
1.5300000000	1.3594894171
1.5350000000	1.3017647401
1.5400000000	1.2594753920
1.5450000000	1.2291421096
1.5500000000	1.2084798941
1.5550000000	1.1963318950
1.5600000000	1.1946294042
1.5650000000	1.1989133382
1.5700000000	1.2132183153
1.5750000000	1.2402735487
1.5800000000	1.2856228205
1.5850000000	1.3601875997
1.5900000000	1.4870038710
1.5950000000	1.7166948714
1.6000000000	2.1547594146
1.6050000000	2.8639113822
1.6100000000	3.1786985041
1.6150000000	2.5699363841
1.6200000000	2.0195259101
1.6250000000	1.7467590842
1.6300000000	1.6277770761
1.6350000000	1.5855334630
1.6400000000	1.5855303244
1.6450000000	1.6121678865
1.6500000000	1.6580839149
1.6550000000	1.7202131765
1.6600000000	1.7973741693
1.6650000000	1.8897207310
1.6700000000	1.9983092900
1.6750000000	2.1249681178
1.6800000000	2.2722877296
1.6850000000	2.4437150080
1.6900000000	2.6436685589
1.6950000000	2.8763429846
1.7000000000	3.1505934881
1.7050000000	3.4825568006
1.7100000000	3.8914276813
1.7150000000	4.4722821648
1.7200000000	5.2773471732
1.7250000000	6.2527045492
1.7300000000	7.4773751987
1.7350000000	8.7862087500
1.7400000000	9.9420702581
1.7450000000	11.3795352477
1.7500000000	13.6094589216
1.7550000000	16.9754911263
1.7600000000	22.0369258743
1.7650000000	29.8501176739
1.7700000000	42.4359036833
1.7750000000	63.6272791476
1.7800000000	99.7018629031
1.7850000000	152.8184633725
1.7900000000	189.6492923666
1.7950000000	161.2351470148
1.8000000000	107.1105016070
1.8050000000	67.4988811286
1.8100000000	44.3936534359
1.8150000000	30.8594553905
1.8200000000	22.5328983927
1.8250000000	17.1342208224
1.8300000000	13.4661932652
1.8350000000	10.8731848538
1.8400000000	8.9789745288
1.8450000000	7.5548702529
1.8500000000	6.4565473537
1.8550000000	5.5934611676
1.8600000000	4.9015841023
1.8650000000	4.3366721813
1.8700000000	3.8660638913
1.8750000000	3.4641536202
1.8800000000	3.1084296020
1.8850000000	2.7760647971
1.8900000000	2.4380522380
1.8950000000	2.0502862910
1.9000000000	1.5385365824
1.9050000000	0.6674273267
1.9100000000	-0.5974391878
1.9150000000	-1.9591531723
1.9200000000	-1.3467826953
1.9250000000	2.6402858839
1.9300000000	5.8427962633
1.9350000000	6.1017093471
1.9400000000	5.0288990476
1.9450000000	3.9451171912
1.9500000000	3.1659280449
1.9550000000	2.6431994812
1.9600000000	2.2905521609
1.9650000000	2.0570701851
1.9700000000	1.8802963580
1.9750000000	1.7505597888
1.9800000000	1.6528367707
1.9850000000	1.5765128822
1.9900000000	1.5140220648
1.9950000000	1.4592329362
2.0000000000	1.4106704155
2.0050000000	1.3858923109
2.0100000000	1.4085693892
2.0150000000	1.4628169402
2.0200000000	1.5054642201
2.0250000000	1.5344625085
2.0300000000	1.5653804102
2.0350000000	1.6049379975
2.0400000000	1.6582440199
2.0450000000	1.7286157401
2.0500000000	1.8200375953
2.0550000000	1.9365505458
2.0600000000	2.0783481392
2.0650000000	2.2319772771
2.0700000000	2.3640612706
2.0750000000	2.4480937594
2.0800000000	2.5021799490
2.0850000000	2.5667501252
2.0900000000	2.6668379730
2.0950000000	2.8101018331
2.1000000000	3.0006743034
2.1050000000	3.2342112330
2.1100000000	3.5270050863
2.1150000000	3.8903702713
2.1200000000	4.3410939751
2.1250000000	4.9033048038
2.1300000000	5.6114054249
2.1350000000	6.5147366552
2.1400000000	7.6846194270
2.1450000000	9.2253019576
2.1500000000	11.2885407015
2.1550000000	14.0888305154
2.1600000000	17.9004208912
2.1650000000	22.9552398713
2.1700000000	29.1654572033
2.1750000000	35.3633528551
2.1800000000	39.2820851926
2.1850000000	39.7231387967
2.1900000000	38.3738481378
2.1950000000	37.4778674678
2.2000000000	37.2197734887
2.2050000000	35.4302582783
2.2100000000	31.1997583101
2.2150000000	25.8261923945
2.2200000000	20.9096433789
2.2250000000	16.9715288353
2.2300000000	13.8712225030
2.2350000000	11.4080388105
2.2400000000	9.4533918599
2.2450000000	7.9276415562
2.2500000000	6.7377696743
2.2550000000	5.7990643644
2.2600000000	5.0407766549
2.2650000000	4.4040126039
2.2700000000	3.8392578506
2.2750000000	3.3117152131
2.2800000000	2.8237664328
2.2850000000	2.4366566862
2.2900000000	2.2411735904
2.2950000000	2.2686639185
2.3000000000	2.4296788711
2.3050000000	2.5870809900
2.3100000000	2.6549725041
2.3150000000	2.6377025891
2.3200000000	2.5728744215
2.3250000000	2.4988782599
2.3300000000	2.4364589461
2.3350000000	2.3928020142
2.3400000000	2.3664066992
2.3450000000	2.3495570348
2.3500000000	2.3319535749
2.3550000000	2.3070102670
2.3600000000	2.2765538767
2.3650000000	2.2485737639
2.3700000000	2.2309916154
2.3750000000	2.2276826620
2.3800000000	2.2379994605
2.3850000000	2.2579854831
2.3900000000	2.2832313677
2.3950000000	2.3099639980
2.4000000000	2.3404336637
2.4050000000	2.3830301250
2.4100000000	2.4420126812
2.4150000000	2.5227867115
2.4200000000	2.6290297899
2.4250000000	2.7640904594
2.4300000000	2.9317260512
2.4350000000	3.1366465998
2.4400000000	3.3849124370
2.4450000000	3.6843415323
2.4500000000	4.0448837276
2.4550000000	4.4791265228
2.4600000000	5.0026125474
2.4650000000	5.6341483005
2.4700000000	6.3955170698
2.4750000000	7.3088898926
2.4800000000	8.3982455776
2.4850000000	9.6743602285
2.4900000000	11.1266623375
2.4950000000	12.7026156248
2.5000000000	14.2855332843
2.5050000000	15.7485356478
2.5100000000	16.6937346228
2.5150000000	16.9007929317
2.5200000000	16.3411855973
2.5250000000	15.1899944812
2.5300000000	13.7136349149
2.5350000000	12.1458282035
2.5400000000	10.6346367257
2.5450000000	9.2532593786
2.5500000000	8.0290597423
2.5550000000	6.9655192313
2.5600000000	6.0472116827
2.5650000000	5.2721173806
2.5700000000	4.6247677761
2.5750000000	4.0960058653
2.5800000000	3.6786809238
2.5850000000	3.3639363884
2.5900000000	3.1357848525
2.5950000000	2.9710822717
2.6000000000	2.8456214388
2.6050000000	2.7561393229
2.6100000000	2.6757968940
2.6150000000	2.6036060064
2.6200000000	2.5413708036
2.6250000000	2.4908656240
2.6300000000	2.4531627005
2.6350000000	2.4287269235
2.6400000000	2.4178026902
2.6450000000	2.4206646257
2.6500000000	2.4379032105
2.6550000000	2.4696172898
2.6600000000	2.5166373645
2.6650000000	2.5796977505
2.6700000000	2.6596635813
2.6750000000	2.7575613683
2.6800000000	2.8745334740
2.6850000000	3.0118271090
2.6900000000	3.1706468350
2.6950000000	3.3520839149
2.7000000000	3.5568928985
2.7050000000	3.8097309214
2.7100000000	4.0930932201
2.7150000000	4.4050269920
2.7200000000	4.7413203048
2.7250000000	5.0949623835
2.7300000000	5.4556518677
2.7350000000	5.8093596876
2.7400000000	6.1381042821
2.7450000000	6.4229057473
2.7500000000	6.6362128702
2.7550000000	6.7591003891
2.7600000000	6.7773564077
2.7650000000	6.6873261719
2.7700000000	6.4972044647
2.7750000000	6.2253760751
2.7800000000	5.8962252913
2.7850000000	5.5356945324
2.7900000000	5.1669568312
2.7950000000	4.8085681127
2.8000000000	4.4736160007
2.8050000000	4.1330187023
2.8100000000	3.8390038500
2.8150000000	3.5909014509
2.8200000000	3.3848123611
2.8250000000	3.2155540822
2.8300000000	3.0779275742
2.8350000000	2.9675020647
2.8400000000	2.8795672683
2.8450000000	2.8144404412
2.8500000000	2.7686697632
2.8550000000	2.7409686340
2.8600000000	2.7304267630
2.8650000000	2.7363248529
2.8700000000	2.7580215563
2.8750000000	2.7948610897
2.8800000000	2.8460839216
2.8850000000	2.9107458664
2.8900000000	2.9876845891
2.8950000000	3.0754808280
2.9000000000	3.1724521756
2.9050000000	3.2998093708
2.9100000000	3.4305482999
2.9150000000	3.5596290686
2.9200000000	3.6809924261
2.9250000000	3.7876130883
2.9300000000	3.8728881797
2.9350000000	3.9280254545
2.9400000000	3.9486215062
2.9450000000	3.9324215571
2.9500000000	3.8807544182
2.9550000000	3.7983323719
2.9600000000	3.6923327552
2.9650000000	3.5710816339
2.9700000000	3.4427492867
2.9750000000	3.3144247880
2.9800000000	3.1916060124
2.9850000000	3.0781284993
2.9900000000	2.9763521357
2.9950000000	2.8874793218
3.0000000000	2.8118975603
