# energy (eV)    P(omega), $W$ = 400 nm, $h$ = 300 nm, $s$ = 20 nm, $d/W = 5$, $E_{\rm e}$ = 200 keV
0.2000000000	0.0625478605
0.2050000000	0.0631168837
0.2100000000	0.0635176459
0.2150000000	0.0637433974
0.2200000000	0.0637847018
0.2250000000	0.0636287408
0.2300000000	0.0632586507
0.2350000000	0.0626524750
0.2400000000	0.0617819803
0.2450000000	0.0606107775
0.2500000000	0.0590923468
0.2550000000	0.0571668296
0.2600000000	0.0547570927
0.2650000000	0.0572826977
0.2700000000	0.0636977990
0.2750000000	0.0728777029
0.2800000000	0.0856680772
0.2850000000	0.1045246399
0.2900000000	0.1278897284
0.2950000000	0.1613859419
0.3000000000	0.2064151097
0.3050000000	0.2754347378
0.3100000000	0.3715783502
0.3150000000	0.5576126633
0.3200000000	0.8481660163
0.3250000000	1.0471006490
0.3300000000	1.3222939116
0.3350000000	1.7124233948
0.3400000000	2.3248516635
0.3450000000	3.3755883462
0.3500000000	5.4708604227
0.3550000000	10.3211889879
0.3600000000	25.3659045984
0.3650000000	0.1142973393
0.3700000000	11.7565948688
0.3750000000	15.4596275436
0.3800000000	7.2037630739
0.3850000000	4.0580099825
0.3900000000	2.6028975439
0.3950000000	1.8342389060
0.4000000000	1.3891844345
0.4050000000	1.0990387387
0.4100000000	0.9101475040
0.4150000000	0.7855640773
0.4200000000	0.7068265987
0.4250000000	0.6449886636
0.4300000000	0.5719147688
0.4350000000	0.5140810812
0.4400000000	0.4683412298
0.4450000000	0.4319728951
0.4500000000	0.4032606558
0.4550000000	0.3804930835
0.4600000000	0.3627330550
0.4650000000	0.3489893476
0.4700000000	0.3386057675
0.4750000000	0.3311232170
0.4800000000	0.3261410604
0.4850000000	0.3233079970
0.4900000000	0.3224162995
0.4950000000	0.3233061460
0.5000000000	0.3258410095
0.5050000000	0.3299600463
0.5100000000	0.3356134225
0.5150000000	0.3427715507
0.5200000000	0.3514492984
0.5250000000	0.3616588828
0.5300000000	0.3735501743
0.5350000000	0.3871898433
0.5400000000	0.4026978866
0.5450000000	0.4202316450
0.5500000000	0.4400137469
0.5550000000	0.4622876840
0.5600000000	0.4873498499
0.5650000000	0.5155813374
0.5700000000	0.5475082508
0.5750000000	0.5835205294
0.5800000000	0.6243477555
0.5850000000	0.6709867565
0.5900000000	0.7241099811
0.5950000000	0.7851322832
0.6000000000	0.8559228810
0.6050000000	0.9378828264
0.6100000000	1.0342235396
0.6150000000	1.1476082848
0.6200000000	1.2826087406
0.6250000000	1.4457836695
0.6300000000	1.6438221810
0.6350000000	1.8892931433
0.6400000000	2.1960638111
0.6450000000	2.5892977520
0.6500000000	3.1011392966
0.6550000000	3.7860375161
0.6600000000	4.7359285021
0.6650000000	6.0960643956
0.6700000000	8.1556395575
0.6750000000	11.4671341103
0.6800000000	17.3208393216
0.6850000000	29.0667082304
0.6900000000	58.2546423938
0.6950000000	163.5303516381
0.7000000000	793.1401988002
0.7050000000	385.6067131188
0.7100000000	99.0548521395
0.7150000000	42.1239491671
0.7200000000	23.0045645971
0.7250000000	14.4510656482
0.7300000000	9.9114939229
0.7350000000	7.2279199100
0.7400000000	5.5094519217
0.7450000000	4.3430205646
0.7500000000	3.5167402974
0.7550000000	2.9096946931
0.7600000000	2.4521496404
0.7650000000	2.0973291177
0.7700000000	1.8172339638
0.7750000000	1.5923694637
0.7800000000	1.4096365953
0.7850000000	1.2591744149
0.7900000000	1.1331217743
0.7950000000	1.0278444909
0.8000000000	0.9383302559
0.8050000000	0.8616393463
0.8100000000	0.7963523240
0.8150000000	0.7391308706
0.8200000000	0.6893134081
0.8250000000	0.6475079370
0.8300000000	0.6109143042
0.8350000000	0.5791014780
0.8400000000	0.5537675664
0.8450000000	0.5316624471
0.8500000000	0.5129197904
0.8550000000	0.5010734231
0.8600000000	0.4915845764
0.8650000000	0.4847909555
0.8700000000	0.4871585815
0.8750000000	0.4879889048
0.8800000000	0.4853637020
0.8850000000	0.4642601328
0.8900000000	0.3602772704
0.8950000000	-0.1608404295
0.9000000000	-2.9552306192
0.9050000000	-19.4179855428
0.9100000000	3.6975713009
0.9150000000	8.7588993799
0.9200000000	3.6359895805
0.9250000000	1.8915405882
0.9300000000	1.1546322313
0.9350000000	0.8025589342
0.9400000000	0.6126280101
0.9450000000	0.5073480036
0.9500000000	0.4325796366
0.9550000000	0.3825271764
0.9600000000	0.3515674146
0.9650000000	0.3260176991
0.9700000000	0.3077792632
0.9750000000	0.2953389475
0.9800000000	0.2877485088
0.9850000000	0.2863194147
0.9900000000	0.2890106448
0.9950000000	0.3000359186
1.0000000000	0.3264583545
1.0050000000	0.3882003791
1.0100000000	0.5500424698
1.0150000000	1.1047855278
1.0200000000	2.1204290051
1.0250000000	0.9647477230
1.0300000000	0.4947964342
1.0350000000	0.3547293835
1.0400000000	0.2996528145
1.0450000000	0.2738206108
1.0500000000	0.2608803350
1.0550000000	0.2540987130
1.0600000000	0.2510654200
1.0650000000	0.2505146083
1.0700000000	0.2517444633
1.0750000000	0.2545087588
1.0800000000	0.2583158702
1.0850000000	0.2634914336
1.0900000000	0.2709652419
1.0950000000	0.2796761473
1.1000000000	0.2897097242
1.1050000000	0.3010843326
1.1100000000	0.3139800170
1.1150000000	0.3285684655
1.1200000000	0.3450533416
1.1250000000	0.3636031443
1.1300000000	0.3846985254
1.1350000000	0.4086632993
1.1400000000	0.4359826182
1.1450000000	0.4672732391
1.1500000000	0.5030150071
1.1550000000	0.5447024738
1.1600000000	0.5932805134
1.1650000000	0.6499867056
1.1700000000	0.7150783685
1.1750000000	0.7810963892
1.1800000000	0.8435936504
1.1850000000	1.1724877054
1.1900000000	1.4550084991
1.1950000000	1.9944912285
1.2000000000	2.7162728665
1.2050000000	2.3827615958
1.2100000000	2.2804595969
1.2150000000	2.5388669956
1.2200000000	3.0365455345
1.2250000000	3.8008021475
1.2300000000	4.9629010435
1.2350000000	6.8012176238
1.2400000000	9.8978642219
1.2450000000	15.7288365529
1.2500000000	28.3570998389
1.2550000000	61.3844290499
1.2600000000	148.2694752860
1.2650000000	150.1913268636
1.2700000000	62.4767447009
1.2750000000	28.8394269479
1.2800000000	15.9718507193
1.2850000000	10.0440897954
1.2900000000	6.8843360958
1.2950000000	5.0174300338
1.3000000000	3.8282927489
1.3050000000	3.0276506547
1.3100000000	2.4630698689
1.3150000000	2.0551337037
1.3200000000	1.7527323054
1.3250000000	1.5251672537
1.3300000000	1.3537930603
1.3350000000	1.2271692944
1.3400000000	1.1393575001
1.3450000000	1.0887320290
1.3500000000	1.0826877136
1.3550000000	1.1380577510
1.3600000000	1.2976692110
1.3650000000	1.6705020806
1.3700000000	2.5608357704
1.3750000000	4.7760202928
1.3800000000	7.8014748990
1.3850000000	5.4498759759
1.3900000000	2.7772102898
1.3950000000	1.6113726123
1.4000000000	1.0552562867
1.4050000000	0.7134925729
1.4100000000	0.4042091634
1.4150000000	-0.0571185413
1.4200000000	-1.0898926437
1.4250000000	-3.8264205217
1.4300000000	-5.1449323213
1.4350000000	2.3572009058
1.4400000000	3.0152065969
1.4450000000	1.8077649270
1.4500000000	1.1248768489
1.4550000000	0.7754328792
1.4600000000	0.5726097160
1.4650000000	0.4123018204
1.4700000000	0.2408081977
1.4750000000	0.2830317650
1.4800000000	0.4150097565
1.4850000000	0.3768405014
1.4900000000	0.3336772279
1.4950000000	0.3057592840
1.5000000000	0.2874195814
1.5050000000	0.2752929601
1.5100000000	0.2670427714
1.5150000000	0.2625398065
1.5200000000	0.2592191322
1.5250000000	0.2580178894
1.5300000000	0.2590455029
1.5350000000	0.2627738214
1.5400000000	0.2703808371
1.5450000000	0.2844830378
1.5500000000	0.3109614361
1.5550000000	0.3615384391
1.5600000000	0.4374554938
1.5650000000	0.4496256928
1.5700000000	0.3811326888
1.5750000000	0.3330767861
1.5800000000	0.3123564295
1.5850000000	0.3058501299
1.5900000000	0.3067167524
1.5950000000	0.3119855508
1.6000000000	0.3203624823
1.6050000000	0.3314025003
1.6100000000	0.3447731001
1.6150000000	0.3604251380
1.6200000000	0.3786081530
1.6250000000	0.3995374269
1.6300000000	0.4235665278
1.6350000000	0.4511512096
1.6400000000	0.4828742093
1.6450000000	0.5194797641
1.6500000000	0.5619020617
1.6550000000	0.6113249528
1.6600000000	0.6692822325
1.6650000000	0.7377536982
1.6700000000	0.8186644221
1.6750000000	0.9167382017
1.6800000000	1.0361507260
1.6850000000	1.1834710477
1.6900000000	1.3680259581
1.6950000000	1.6035024593
1.7000000000	1.9105048109
1.7050000000	2.3340259251
1.7100000000	2.9249189004
1.7150000000	3.7838047898
1.7200000000	5.0927944483
1.7250000000	7.1694808949
1.7300000000	10.3607695131
1.7350000000	14.4559665148
1.7400000000	19.6324013950
1.7450000000	28.7162852834
1.7500000000	40.5082889897
1.7550000000	41.1598706692
1.7600000000	28.8763423327
1.7650000000	17.9873315679
1.7700000000	11.5306312566
1.7750000000	7.8591042222
1.7800000000	5.6893839943
1.7850000000	4.3547354410
1.7900000000	3.5270512658
1.7950000000	3.0534635428
1.8000000000	2.8623176539
1.8050000000	2.8018062938
1.8100000000	2.4928024977
1.8150000000	1.9315569772
1.8200000000	1.4831651931
1.8250000000	1.2519888717
1.8300000000	1.0899944169
1.8350000000	0.9460207706
1.8400000000	0.8286198495
1.8450000000	0.7354550887
1.8500000000	0.6603746528
1.8550000000	0.5983505080
1.8600000000	0.5412978760
1.8650000000	0.4930669630
1.8700000000	0.4443244375
1.8750000000	0.3740574887
1.8800000000	0.2138721502
1.8850000000	-0.1372236320
1.8900000000	-0.6094767119
1.8950000000	-0.6905152017
1.9000000000	0.0739081800
1.9050000000	0.7866265858
1.9100000000	0.8697896988
1.9150000000	0.7348093549
1.9200000000	0.6025153779
1.9250000000	0.5086370818
1.9300000000	0.4517806317
1.9350000000	0.4083688693
1.9400000000	0.3794832414
1.9450000000	0.3603545234
1.9500000000	0.3469824560
1.9550000000	0.3358059572
1.9600000000	0.3261686179
1.9650000000	0.3193301362
1.9700000000	0.3156808222
1.9750000000	0.3149773602
1.9800000000	0.3170233949
1.9850000000	0.3218788121
1.9900000000	0.3298623825
1.9950000000	0.3413725467
2.0000000000	0.3561102388
2.0050000000	0.3728311853
2.0100000000	0.3848311065
2.0150000000	0.3928431347
2.0200000000	0.4025047422
2.0250000000	0.4174104394
2.0300000000	0.4386186819
2.0350000000	0.4666601975
2.0400000000	0.5024983045
2.0450000000	0.5478037753
2.0500000000	0.6049757076
2.0550000000	0.6766798470
2.0600000000	0.7642088391
2.0650000000	0.8661867387
2.0700000000	0.9841457906
2.0750000000	1.1312449261
2.0800000000	1.3292092083
2.0850000000	1.5992208001
2.0900000000	1.9535983655
2.0950000000	2.3668811722
2.1000000000	2.7352307259
2.1050000000	2.9137173068
2.1100000000	2.8289503353
2.1150000000	2.6338946835
2.1200000000	2.4960251617
2.1250000000	2.4901363624
2.1300000000	2.6384176587
2.1350000000	2.9584559228
2.1400000000	3.4854774016
2.1450000000	4.2818031291
2.1500000000	5.4347034539
2.1550000000	7.0097326936
2.1600000000	8.8798771452
2.1650000000	10.4517076287
2.1700000000	10.8231210957
2.1750000000	9.6884588726
2.1800000000	7.8217624477
2.1850000000	6.0348708561
2.1900000000	4.6377860989
2.1950000000	3.6284359910
2.2000000000	2.9202971520
2.2050000000	2.4317453309
2.2100000000	2.0925946916
2.2150000000	1.8324614589
2.2200000000	1.5993575283
2.2250000000	1.3776300019
2.2300000000	1.1768671463
2.2350000000	1.0044834498
2.2400000000	0.8584807564
2.2450000000	0.7324134756
2.2500000000	0.6198654131
2.2550000000	0.5172477588
2.2600000000	0.4146275015
2.2650000000	0.3399716699
2.2700000000	0.2994158662
2.2750000000	0.3096193784
2.2800000000	0.3685123156
2.2850000000	0.4435070803
2.2900000000	0.4983999910
2.2950000000	0.5227255039
2.3000000000	0.5255016142
2.3050000000	0.5170985275
2.3100000000	0.5060334201
2.3150000000	0.4962319056
2.3200000000	0.4892458651
2.3250000000	0.4859260778
2.3300000000	0.4869599207
2.3350000000	0.4929169210
2.3400000000	0.5042841563
2.3450000000	0.5215549756
2.3500000000	0.5452523133
2.3550000000	0.5761602023
2.3600000000	0.6137713723
2.3650000000	0.6583201417
2.3700000000	0.7096829311
2.3750000000	0.7684175272
2.3800000000	0.8366440632
2.3850000000	0.9168780739
2.3900000000	1.0096756086
2.3950000000	1.1109044579
2.4000000000	1.2099420130
2.4050000000	1.2952900919
2.4100000000	1.3425962793
2.4150000000	1.3471178795
2.4200000000	1.3204208618
2.4250000000	1.2822276097
2.4300000000	1.2500422715
2.4350000000	1.2344314700
2.4400000000	1.2396123338
2.4450000000	1.2662670594
2.4500000000	1.3144817644
2.4550000000	1.3853308596
2.4600000000	1.4833554981
2.4650000000	1.6132106073
2.4700000000	1.7800800310
2.4750000000	1.9872013654
2.4800000000	2.2329403728
2.4850000000	2.5068123131
2.4900000000	2.7848337074
2.4950000000	3.0272053055
2.5000000000	3.1841237293
2.5050000000	3.2043005087
2.5100000000	3.0672562489
2.5150000000	2.8103980822
2.5200000000	2.4934963653
2.5250000000	2.1690609550
2.5300000000	1.8691000098
2.5350000000	1.6070623079
2.5400000000	1.3849278108
2.5450000000	1.1994009921
2.5500000000	1.0457057838
2.5550000000	0.9195510142
2.5600000000	0.8140634158
2.5650000000	0.7351178318
2.5700000000	0.6783921664
2.5750000000	0.6418635951
2.5800000000	0.6214780192
2.5850000000	0.6116907286
2.5900000000	0.6072981955
2.5950000000	0.6050602338
2.6000000000	0.6039321092
2.6050000000	0.6087456594
2.6100000000	0.6163735448
2.6150000000	0.6279837727
2.6200000000	0.6441968744
2.6250000000	0.6650510459
2.6300000000	0.6899576583
2.6350000000	0.7176674446
2.6400000000	0.7462716432
2.6450000000	0.7733497371
2.6500000000	0.7963382463
2.6550000000	0.8131353126
2.6600000000	0.8227645604
2.6650000000	0.8257993678
2.6700000000	0.8242416726
2.6750000000	0.8210178911
2.6800000000	0.8189637285
2.6850000000	0.8207286774
2.6900000000	0.8281578745
2.6950000000	0.8423853254
2.7000000000	0.8639547944
2.7050000000	0.8962391043
2.7100000000	0.9377856995
2.7150000000	0.9879230460
2.7200000000	1.0452629450
2.7250000000	1.1074487599
2.7300000000	1.1709227394
2.7350000000	1.2308883021
2.7400000000	1.2816397296
2.7450000000	1.3173839534
2.7500000000	1.3334515805
2.7550000000	1.3274901610
2.7600000000	1.3001006009
2.7650000000	1.2546205783
2.7700000000	1.1961573930
2.7750000000	1.1303697028
2.7800000000	1.0624460296
2.7850000000	0.9965373701
2.7900000000	0.9350501688
2.7950000000	0.8806177685
2.8000000000	0.8337850472
2.8050000000	0.7904085231
2.8100000000	0.7562085144
2.8150000000	0.7298388878
2.8200000000	0.7098372354
2.8250000000	0.6948616066
2.8300000000	0.6837714184
2.8350000000	0.6756205752
2.8400000000	0.6696096190
2.8450000000	0.6650597847
2.8500000000	0.6614260086
2.8550000000	0.6583464398
2.8600000000	0.6556985257
2.8650000000	0.6536171122
2.8700000000	0.6524601595
2.8750000000	0.6527200437
2.8800000000	0.6549144655
2.8850000000	0.6594881742
2.8900000000	0.6667443968
2.8950000000	0.6768036191
2.9000000000	0.6895831590
2.9050000000	0.7086976756
2.9100000000	0.7296584151
2.9150000000	0.7510660189
2.9200000000	0.7711520074
2.9250000000	0.7880166018
2.9300000000	0.7998959116
2.9350000000	0.8054711172
2.9400000000	0.8041236762
2.9450000000	0.7960534539
2.9500000000	0.7822040082
2.9550000000	0.7640221179
2.9600000000	0.7431528757
2.9650000000	0.7211545514
2.9700000000	0.6993086511
2.9750000000	0.6785368390
2.9800000000	0.6594065425
2.9850000000	0.6421922406
2.9900000000	0.6269577790
2.9950000000	0.6136363527
3.0000000000	0.6020958103
