# energy (eV)    P(omega), $W$ = 300 nm, $h$ = 300 nm, $s$ = 20 nm, $d/W = 5$, $E_{\rm e}$ = 200 keV
0.2000000000	0.0657811963
0.2050000000	0.0667829096
0.2100000000	0.0677137922
0.2150000000	0.0685762095
0.2200000000	0.0693722908
0.2250000000	0.0701037940
0.2300000000	0.0707721232
0.2350000000	0.0713782557
0.2400000000	0.0719226893
0.2450000000	0.0724053545
0.2500000000	0.0728255466
0.2550000000	0.0731817494
0.2600000000	0.0734716037
0.2650000000	0.0736916027
0.2700000000	0.0738369805
0.2750000000	0.0739013543
0.2800000000	0.0738764009
0.2850000000	0.0737513779
0.2900000000	0.0735125454
0.2950000000	0.0731423960
0.3000000000	0.0726185856
0.3050000000	0.0719126387
0.3100000000	0.0709880833
0.3150000000	0.0751688054
0.3200000000	0.0801337056
0.3250000000	0.0864176789
0.3300000000	0.0948411062
0.3350000000	0.1053230063
0.3400000000	0.1190487268
0.3450000000	0.1356818975
0.3500000000	0.1574318297
0.3550000000	0.1861959618
0.3600000000	0.2237240786
0.3650000000	0.2760152857
0.3700000000	0.3448952095
0.3750000000	0.4406333504
0.3800000000	0.5789929421
0.3850000000	0.7944427508
0.3900000000	1.1345347903
0.3950000000	1.7117716425
0.4000000000	2.8114040516
0.4050000000	5.2750119801
0.4100000000	11.9921318119
0.4150000000	38.4483467999
0.4200000000	24.5134609350
0.4250000000	-46.0129980343
0.4300000000	12.7699378555
0.4350000000	7.9472933782
0.4400000000	4.8509536857
0.4450000000	3.1854842004
0.4500000000	2.2273814914
0.4550000000	1.6381510253
0.4600000000	1.2546186276
0.4650000000	0.9934065071
0.4700000000	0.8088726594
0.4750000000	0.6754590158
0.4800000000	0.5765638017
0.4850000000	0.5021473260
0.4900000000	0.4453282276
0.4950000000	0.4014890452
0.5000000000	0.3674730426
0.5050000000	0.3409665818
0.5100000000	0.3204773276
0.5150000000	0.3049055077
0.5200000000	0.2931088812
0.5250000000	0.2845664923
0.5300000000	0.2787244868
0.5350000000	0.2751760476
0.5400000000	0.2736208446
0.5450000000	0.2738081094
0.5500000000	0.2756535057
0.5550000000	0.2790140974
0.5600000000	0.2838137082
0.5650000000	0.2900159273
0.5700000000	0.2975856382
0.5750000000	0.3065745635
0.5800000000	0.3170664043
0.5850000000	0.3291146706
0.5900000000	0.3428267571
0.5950000000	0.3583401822
0.6000000000	0.3758294716
0.6050000000	0.3955521412
0.6100000000	0.4177506055
0.6150000000	0.4427587548
0.6200000000	0.4710223340
0.6250000000	0.5029682248
0.6300000000	0.5392287033
0.6350000000	0.5805915605
0.6400000000	0.6278754494
0.6450000000	0.6822640532
0.6500000000	0.7453124595
0.6550000000	0.8186385507
0.6600000000	0.9047312123
0.6650000000	1.0067805394
0.6700000000	1.1285362853
0.6750000000	1.2757195455
0.6800000000	1.4560201903
0.6850000000	1.6795079933
0.6900000000	1.9617783740
0.6950000000	2.3246378473
0.7000000000	2.8027200996
0.7050000000	3.4489571869
0.7100000000	4.3530189879
0.7150000000	5.6745058337
0.7200000000	7.7104613134
0.7250000000	11.0886733114
0.7300000000	17.2869309982
0.7350000000	30.5439284030
0.7400000000	66.8860986132
0.7450000000	221.7171413489
0.7500000000	686.3344175555
0.7550000000	172.5246764461
0.7600000000	57.0904809252
0.7650000000	27.3325896199
0.7700000000	15.8828829185
0.7750000000	10.3579649686
0.7800000000	7.2834531498
0.7850000000	5.4050478732
0.7900000000	4.1724508874
0.7950000000	3.3226800635
0.8000000000	2.7120383153
0.8050000000	2.2574153412
0.8100000000	1.9108665518
0.8150000000	1.6362712423
0.8200000000	1.4196239566
0.8250000000	1.2452386052
0.8300000000	1.1024394756
0.8350000000	0.9850614196
0.8400000000	0.8866931850
0.8450000000	0.8041684108
0.8500000000	0.7344198795
0.8550000000	0.6742476625
0.8600000000	0.6228830501
0.8650000000	0.5790028895
0.8700000000	0.5402421008
0.8750000000	0.5072551640
0.8800000000	0.4792432943
0.8850000000	0.4541315348
0.8900000000	0.4339384241
0.8950000000	0.4155702441
0.9000000000	0.4009580231
0.9050000000	0.3907924396
0.9100000000	0.3814697472
0.9150000000	0.3756870020
0.9200000000	0.3746855590
0.9250000000	0.3738739757
0.9300000000	0.3681363501
0.9350000000	0.3516026060
0.9400000000	0.2607561658
0.9450000000	-0.1510180403
0.9500000000	-2.3217239588
0.9550000000	-13.3233081474
0.9600000000	3.1423379233
0.9650000000	5.5153733309
0.9700000000	2.4451137672
0.9750000000	1.2834641680
0.9800000000	0.8044932338
0.9850000000	0.5805371496
0.9900000000	0.4515599361
0.9950000000	0.3733745992
1.0000000000	0.3234595589
1.0050000000	0.2917998969
1.0100000000	0.2672798706
1.0150000000	0.2493738748
1.0200000000	0.2373055733
1.0250000000	0.2271986681
1.0300000000	0.2195337879
1.0350000000	0.2137516023
1.0400000000	0.2100873969
1.0450000000	0.2070693127
1.0500000000	0.2051116357
1.0550000000	0.2040950938
1.0600000000	0.2042830898
1.0650000000	0.2049415162
1.0700000000	0.2063716901
1.0750000000	0.2085798895
1.0800000000	0.2117650354
1.0850000000	0.2158042319
1.0900000000	0.2217241859
1.0950000000	0.2287455661
1.1000000000	0.2370965616
1.1050000000	0.2467376204
1.1100000000	0.2579644342
1.1150000000	0.2710320530
1.1200000000	0.2862333662
1.1250000000	0.3039920667
1.1300000000	0.3248277837
1.1350000000	0.3494036910
1.1400000000	0.3784644012
1.1450000000	0.4134134121
1.1500000000	0.4557405758
1.1550000000	0.5076162964
1.1600000000	0.5721028523
1.1650000000	0.6531631049
1.1700000000	0.7582696797
1.1750000000	0.8972992807
1.1800000000	1.0865949056
1.1850000000	1.3530309273
1.1900000000	1.7471975664
1.1950000000	2.3663566992
1.2000000000	3.4169529691
1.2050000000	5.4026889547
1.2100000000	9.7709100888
1.2150000000	21.5750002444
1.2200000000	52.9568649796
1.2250000000	47.5330571296
1.2300000000	18.9174395452
1.2350000000	8.8385539048
1.2400000000	5.0202978363
1.2450000000	3.2651865698
1.2500000000	2.3368824352
1.2550000000	1.7983407399
1.2600000000	1.4674152765
1.2650000000	1.2564125501
1.2700000000	1.1257317055
1.2750000000	1.0496327944
1.2800000000	1.0154583501
1.2850000000	1.0171487279
1.2900000000	1.0531503018
1.2950000000	1.1250490979
1.3000000000	1.2425018184
1.3050000000	1.4177274277
1.3100000000	1.6742795007
1.3150000000	2.0531081737
1.3200000000	2.6281360182
1.3250000000	3.5400374875
1.3300000000	5.0979071946
1.3350000000	8.0174006099
1.3400000000	14.2577033306
1.3450000000	29.7457815255
1.3500000000	63.0606542085
1.3550000000	58.7733941588
1.3600000000	27.0932388836
1.3650000000	13.3105414593
1.3700000000	7.6341034974
1.3750000000	4.9104765472
1.3800000000	3.4255013393
1.3850000000	2.5308655297
1.3900000000	1.9540051045
1.3950000000	1.5602267249
1.4000000000	1.2797199464
1.4050000000	1.0731731358
1.4100000000	0.9165652131
1.4150000000	0.7951845630
1.4200000000	0.6980837180
1.4250000000	0.6203113604
1.4300000000	0.5573961868
1.4350000000	0.4934273912
1.4400000000	0.2908942820
1.4450000000	-0.2336073360
1.4500000000	-1.1931135135
1.4550000000	-0.4333140090
1.4600000000	1.0886269989
1.4650000000	0.6624549947
1.4700000000	-0.2827009636
1.4750000000	-1.7275648165
1.4800000000	-0.7530105942
1.4850000000	1.3561370232
1.4900000000	1.0971279505
1.4950000000	0.7148541287
1.5000000000	0.5056127231
1.5050000000	0.3919459769
1.5100000000	0.3267818867
1.5150000000	0.2866730372
1.5200000000	0.2602905922
1.5250000000	0.2434981864
1.5300000000	0.2301571938
1.5350000000	0.2203931112
1.5400000000	0.2132425839
1.5450000000	0.2081171603
1.5500000000	0.2046309625
1.5550000000	0.2025889410
1.5600000000	0.2023193532
1.5650000000	0.2030694524
1.5700000000	0.2055254759
1.5750000000	0.2101549770
1.5800000000	0.2179063975
1.5850000000	0.2306476638
1.5900000000	0.2523182574
1.5950000000	0.2915750645
1.6000000000	0.3664581559
1.6050000000	0.4876860130
1.6100000000	0.5414611980
1.6150000000	0.4373003335
1.6200000000	0.3431175772
1.6250000000	0.2964068956
1.6300000000	0.2759850221
1.6350000000	0.2686753302
1.6400000000	0.2685773417
1.6450000000	0.2730220962
1.6500000000	0.2807493509
1.6550000000	0.2912324642
1.6600000000	0.3042672318
1.6650000000	0.3198770849
1.6700000000	0.3382391548
1.6750000000	0.3596618141
1.6800000000	0.3845828747
1.6850000000	0.4135851802
1.6900000000	0.4474165441
1.6950000000	0.4867875910
1.7000000000	0.5331980254
1.7050000000	0.5893820908
1.7100000000	0.6585821666
1.7150000000	0.7568363029
1.7200000000	0.8929909696
1.7250000000	1.0580340865
1.7300000000	1.2653073371
1.7350000000	1.4868031611
1.7400000000	1.6823514484
1.7450000000	1.9255207918
1.7500000000	2.3027826542
1.7550000000	2.8722802281
1.7600000000	3.7286363870
1.7650000000	5.0505737321
1.7700000000	7.1799975414
1.7750000000	10.7654125912
1.7800000000	16.8689151890
1.7850000000	25.8557039655
1.7900000000	32.0869485084
1.7950000000	27.2793197326
1.8000000000	18.1218438811
1.8050000000	11.4199257078
1.8100000000	7.5107584132
1.8150000000	5.2209212946
1.8200000000	3.8121643326
1.8250000000	2.8987733453
1.8300000000	2.2781881225
1.8350000000	1.8394830042
1.8400000000	1.5190052654
1.8450000000	1.2780627222
1.8500000000	1.0922370159
1.8550000000	0.9462087780
1.8600000000	0.8291450719
1.8650000000	0.7335599174
1.8700000000	0.6539267646
1.8750000000	0.5859125884
1.8800000000	0.5257073872
1.8850000000	0.4694472118
1.8900000000	0.4122216278
1.8950000000	0.3465640883
1.9000000000	0.2599088249
1.9050000000	0.1124155331
1.9100000000	-0.1017547957
1.9150000000	-0.3324103968
1.9200000000	-0.2292486556
1.9250000000	0.4446794927
1.9300000000	0.9860043557
1.9350000000	1.0299319911
1.9400000000	0.8489911145
1.9450000000	0.6661682996
1.9500000000	0.5347142133
1.9550000000	0.4465179434
1.9600000000	0.3870131733
1.9650000000	0.3476178293
1.9700000000	0.3177849404
1.9750000000	0.2958900323
1.9800000000	0.2793986757
1.9850000000	0.2665204957
1.9900000000	0.2559796636
1.9950000000	0.2467426861
2.0000000000	0.2385603165
2.0050000000	0.2343908519
2.0100000000	0.2382153424
2.0150000000	0.2473596991
2.0200000000	0.2545573253
2.0250000000	0.2594641485
2.0300000000	0.2647027537
2.0350000000	0.2714045682
2.0400000000	0.2804328725
2.0450000000	0.2923495774
2.0500000000	0.3078301631
2.0550000000	0.3275596759
2.0600000000	0.3515707481
2.0650000000	0.3775823373
2.0700000000	0.3999355735
2.0750000000	0.4141360285
2.0800000000	0.4232520134
2.0850000000	0.4341364200
2.0900000000	0.4510316214
2.0950000000	0.4752343125
2.1000000000	0.5074420126
2.1050000000	0.5469180382
2.1100000000	0.5964166228
2.1150000000	0.6578497971
2.1200000000	0.7340552704
2.1250000000	0.8291122750
2.1300000000	0.9488371816
2.1350000000	1.1015723959
2.1400000000	1.2993765631
2.1450000000	1.5598755992
2.1500000000	1.9087278098
2.1550000000	2.3821990035
2.1600000000	3.0266571689
2.1650000000	3.8813142178
2.1700000000	4.9313169971
2.1750000000	5.9792294941
2.1800000000	6.6417906097
2.1850000000	6.7163775057
2.1900000000	6.4882899348
2.1950000000	6.3368620020
2.2000000000	6.2932520354
2.2050000000	5.9905887659
2.2100000000	5.2750657770
2.2150000000	4.3661946231
2.2200000000	3.5346064446
2.2250000000	2.8685526853
2.2300000000	2.3443106204
2.2350000000	1.9279183779
2.2400000000	1.5975560128
2.2450000000	1.3397014888
2.2500000000	1.1386057789
2.2550000000	0.9799439366
2.2600000000	0.8517585769
2.2650000000	0.7441008107
2.2700000000	0.6486111769
2.2750000000	0.5594222776
2.2800000000	0.4769488198
2.2850000000	0.4115446332
2.2900000000	0.3785466999
2.2950000000	0.3832414523
2.3000000000	0.4104999869
2.3050000000	0.4371393732
2.3100000000	0.4486376662
2.3150000000	0.4457320635
2.3200000000	0.4347806842
2.3250000000	0.4222743277
2.3300000000	0.4117205976
2.3350000000	0.4043351720
2.3400000000	0.3998661900
2.3450000000	0.3970122938
2.3500000000	0.3940360578
2.3550000000	0.3898264334
2.3600000000	0.3846915611
2.3650000000	0.3799790503
2.3700000000	0.3770248824
2.3750000000	0.3764819436
2.3800000000	0.3782395363
2.3850000000	0.3816279223
2.3900000000	0.3859009871
2.3950000000	0.3904206007
2.4000000000	0.3955676355
2.4050000000	0.4027610176
2.4100000000	0.4127220387
2.4150000000	0.4263653177
2.4200000000	0.4443129321
2.4250000000	0.4671308378
2.4300000000	0.4954538646
2.4350000000	0.5300777490
2.4400000000	0.5720263186
2.4450000000	0.6226204501
2.4500000000	0.6835412257
2.4550000000	0.7569154386
2.4600000000	0.8453693299
2.4650000000	0.9520805786
2.4700000000	1.0807300375
2.4750000000	1.2350644970
2.4800000000	1.4191366890
2.4850000000	1.6347689718
2.4900000000	1.8801765813
2.4950000000	2.1464831747
2.5000000000	2.4139692875
2.5050000000	2.6611906713
2.5100000000	2.8209026363
2.5150000000	2.8558691525
2.5200000000	2.7612753040
2.5250000000	2.5667174984
2.5300000000	2.3172231583
2.5350000000	2.0522879231
2.5400000000	1.7969282340
2.5450000000	1.5635083800
2.5500000000	1.3566486080
2.5550000000	1.1769359653
2.5600000000	1.0217630974
2.5650000000	0.8907898112
2.5700000000	0.7814027714
2.5750000000	0.6920550901
2.5800000000	0.6215386684
2.5850000000	0.5683568816
2.5900000000	0.5298079537
2.5950000000	0.5019806117
2.6000000000	0.4807839433
2.6050000000	0.4656661683
2.6100000000	0.4520918818
2.6150000000	0.4398941456
2.6200000000	0.4293777645
2.6250000000	0.4208424135
2.6300000000	0.4144690442
2.6350000000	0.4103361113
2.6400000000	0.4084847769
2.6450000000	0.4089615371
2.6500000000	0.4118662333
2.6550000000	0.4172156671
2.6600000000	0.4251501810
2.6650000000	0.4357937560
2.6700000000	0.4492924737
2.6750000000	0.4658196555
2.6800000000	0.4855682026
2.6850000000	0.5087487923
2.6900000000	0.5355650073
2.6950000000	0.5662013686
2.7000000000	0.6007856894
2.7050000000	0.6434823526
2.7100000000	0.6913366287
2.7150000000	0.7440199299
2.7200000000	0.8008221284
2.7250000000	0.8605603019
2.7300000000	0.9214947860
2.7350000000	0.9812555144
2.7400000000	1.0368035783
2.7450000000	1.0849309562
2.7500000000	1.1209807384
2.7550000000	1.1417541939
2.7600000000	1.1448489232
2.7650000000	1.1296469729
2.7700000000	1.0975328889
2.7750000000	1.0516132187
2.7800000000	0.9960080250
2.7850000000	0.9351003549
2.7900000000	0.8728057798
2.7950000000	0.8122591942
2.8000000000	0.7556718120
2.8050000000	0.6981310097
2.8100000000	0.6484595145
2.8150000000	0.6065440215
2.8200000000	0.5717256827
2.8250000000	0.5431288445
2.8300000000	0.5198750955
2.8350000000	0.5012157971
2.8400000000	0.4863550968
2.8450000000	0.4753466005
2.8500000000	0.4676070670
2.8550000000	0.4629191788
2.8600000000	0.4611291942
2.8650000000	0.4621156519
2.8700000000	0.4657704217
2.8750000000	0.4719828529
2.8800000000	0.4806249305
2.8850000000	0.4915374842
2.8900000000	0.5045245414
2.8950000000	0.5193467542
2.9000000000	0.5357202341
2.9050000000	0.5572285112
2.9100000000	0.5793105191
2.9150000000	0.6011146939
2.9200000000	0.6216170261
2.9250000000	0.6396302044
2.9300000000	0.6540383195
2.9350000000	0.6633557343
2.9400000000	0.6668382951
2.9450000000	0.6641049450
2.9500000000	0.6553800065
2.9550000000	0.6414594544
2.9600000000	0.6235556274
2.9650000000	0.6030749590
2.9700000000	0.5813975666
2.9750000000	0.5597209234
2.9800000000	0.5389737306
2.9850000000	0.5198038561
2.9900000000	0.5026099859
2.9950000000	0.4875952029
3.0000000000	0.4748249847
