# energy (eV)    P(omega), $W$ = 300 nm, $h$ = 300 nm, $s$ = 20 nm, $d/W = 5$, $E_{\rm e}$ = 200 keV
0.2000000000	0.0689630905
0.2050000000	0.0699973798
0.2100000000	0.0709653622
0.2150000000	0.0718691893
0.2200000000	0.0727106673
0.2250000000	0.0734913437
0.2300000000	0.0742123836
0.2350000000	0.0748745600
0.2400000000	0.0754781341
0.2450000000	0.0760228531
0.2500000000	0.0765077975
0.2550000000	0.0769312506
0.2600000000	0.0772906564
0.2650000000	0.0775823040
0.2700000000	0.0778011834
0.2750000000	0.0779406582
0.2800000000	0.0779921225
0.2850000000	0.0779445253
0.2900000000	0.0777837027
0.2950000000	0.0774917007
0.3000000000	0.0770455762
0.3050000000	0.0764160996
0.3100000000	0.0755658463
0.3150000000	0.0798490499
0.3200000000	0.0849358383
0.3250000000	0.0913688589
0.3300000000	0.0999828175
0.3350000000	0.1107053308
0.3400000000	0.1247465359
0.3450000000	0.1417791164
0.3500000000	0.1640614808
0.3550000000	0.1935464835
0.3600000000	0.2320478434
0.3650000000	0.2857254391
0.3700000000	0.3565105550
0.3750000000	0.4549831611
0.3800000000	0.5974134517
0.3850000000	0.8193617817
0.3900000000	1.1700206229
0.3950000000	1.7657063416
0.4000000000	2.9013834223
0.4050000000	5.4477438957
0.4100000000	12.3964055065
0.4150000000	39.7878802380
0.4200000000	25.3500705362
0.4250000000	-47.7294761815
0.4300000000	13.2750268505
0.4350000000	8.2736562556
0.4400000000	5.0584985714
0.4450000000	3.3276655250
0.4500000000	2.3311897536
0.4550000000	1.7179201588
0.4600000000	1.3184747717
0.4650000000	1.0462583410
0.4700000000	0.8538500648
0.4750000000	0.7146902028
0.4800000000	0.6115117753
0.4850000000	0.5338721465
0.4900000000	0.4746088702
0.4950000000	0.4289135835
0.5000000000	0.3934996587
0.5050000000	0.3659554919
0.5100000000	0.3447283389
0.5150000000	0.3286753019
0.5200000000	0.3166009411
0.5250000000	0.3079672712
0.5300000000	0.3021962687
0.5350000000	0.2988654540
0.5400000000	0.2976633956
0.5450000000	0.2983298368
0.5500000000	0.3007830454
0.5550000000	0.3048764662
0.5600000000	0.3105355811
0.5650000000	0.3177271542
0.5700000000	0.3264211146
0.5750000000	0.3366783652
0.5800000000	0.3485978052
0.5850000000	0.3622442451
0.5900000000	0.3777426035
0.5950000000	0.3952498921
0.6000000000	0.4149661411
0.6050000000	0.4371808042
0.6100000000	0.4621704054
0.6150000000	0.4903124288
0.6200000000	0.5221103448
0.6250000000	0.5580469800
0.6300000000	0.5988358012
0.6350000000	0.6453660460
0.6400000000	0.6985631421
0.6450000000	0.7597625843
0.6500000000	0.8307204436
0.6550000000	0.9132649839
0.6600000000	1.0102055370
0.6650000000	1.1251477143
0.6700000000	1.2623298542
0.6750000000	1.4282159856
0.6800000000	1.6314973051
0.6850000000	1.8835613900
0.6900000000	2.2020446134
0.6950000000	2.6116144521
0.7000000000	3.1514538850
0.7050000000	3.8814665654
0.7100000000	4.9031526977
0.7150000000	6.3971971935
0.7200000000	8.6999881355
0.7250000000	12.5226123479
0.7300000000	19.5393461873
0.7350000000	34.5537158133
0.7400000000	75.7327113855
0.7450000000	251.2611449471
0.7500000000	778.4676152006
0.7550000000	195.8552146120
0.7600000000	64.8676002821
0.7650000000	31.0831783137
0.7700000000	18.0782092679
0.7750000000	11.8000034548
0.7800000000	8.3047676021
0.7850000000	6.1684032228
0.7900000000	4.7659384047
0.7950000000	3.7986552450
0.8000000000	3.1032856979
0.8050000000	2.5853724319
0.8100000000	2.1904209176
0.8150000000	1.8773232997
0.8200000000	1.6302107020
0.8250000000	1.4312318636
0.8300000000	1.2682321222
0.8350000000	1.1342127920
0.8400000000	1.0218622135
0.8450000000	0.9275836314
0.8500000000	0.8478899783
0.8550000000	0.7791157136
0.8600000000	0.7204050322
0.8650000000	0.6702566027
0.8700000000	0.6259452199
0.8750000000	0.5882534902
0.8800000000	0.5562732176
0.8850000000	0.5276009223
0.8900000000	0.5046056776
0.8950000000	0.4836869815
0.9000000000	0.4671136319
0.9050000000	0.4557101425
0.9100000000	0.4452607410
0.9150000000	0.4389359583
0.9200000000	0.4382072351
0.9250000000	0.4376745748
0.9300000000	0.4312824868
0.9350000000	0.4120283057
0.9400000000	0.3046229929
0.9450000000	-0.1836944505
0.9500000000	-2.7610100993
0.9550000000	-15.8344746571
0.9600000000	3.7364494699
0.9650000000	6.5641514918
0.9700000000	2.9115479468
0.9750000000	1.5284976242
0.9800000000	0.9579109560
0.9850000000	0.6910408726
0.9900000000	0.5372709541
0.9950000000	0.4440269490
1.0000000000	0.3844903271
1.0050000000	0.3467475222
1.0100000000	0.3174856973
1.0150000000	0.2961079487
1.0200000000	0.2817102275
1.0250000000	0.2696237930
1.0300000000	0.2604413879
1.0350000000	0.2534941132
1.0400000000	0.2490772988
1.0450000000	0.2454026870
1.0500000000	0.2429768997
1.0550000000	0.2416564669
1.0600000000	0.2417662123
1.0650000000	0.2424021274
1.0700000000	0.2439326377
1.0750000000	0.2463642221
1.0800000000	0.2499384787
1.0850000000	0.2544739336
1.0900000000	0.2611660750
1.0950000000	0.2691138800
1.1000000000	0.2785845885
1.1050000000	0.2894984493
1.1100000000	0.3022009970
1.1150000000	0.3169776081
1.1200000000	0.3341674921
1.1250000000	0.3542106469
1.1300000000	0.3777003797
1.1350000000	0.4053739439
1.1400000000	0.4380718002
1.1450000000	0.4773247011
1.1500000000	0.5248001941
1.1550000000	0.5829075730
1.1600000000	0.6550460017
1.1650000000	0.7456271720
1.1700000000	0.8629108431
1.1750000000	1.0178665484
1.1800000000	1.2286258188
1.1850000000	1.5249944920
1.1900000000	1.9631490487
1.1950000000	2.6509425288
1.2000000000	3.8175237472
1.2050000000	6.0220573949
1.2100000000	10.8716634029
1.2150000000	23.9805756134
1.2200000000	58.8543528903
1.2250000000	52.8819066858
1.2300000000	21.0980702213
1.2350000000	9.8981021770
1.2400000000	5.6557984626
1.2450000000	3.7080599632
1.2500000000	2.6807095359
1.2550000000	2.0880010568
1.2600000000	1.7275658993
1.2650000000	1.5020665315
1.2700000000	1.3679640333
1.2750000000	1.2970303789
1.2800000000	1.2758608042
1.2850000000	1.2986392909
1.2900000000	1.3649779090
1.2950000000	1.4783461472
1.3000000000	1.6526868378
1.3050000000	1.9058878228
1.3100000000	2.2712432512
1.3150000000	2.8063459205
1.3200000000	3.6147103895
1.3250000000	4.8936459272
1.3300000000	7.0752164620
1.3350000000	11.1612229989
1.3400000000	19.8941805615
1.3450000000	41.5741715049
1.3500000000	88.2353515771
1.3550000000	82.2950696920
1.3600000000	37.9509253723
1.3650000000	18.6467621746
1.3700000000	10.6936402137
1.3750000000	6.8768939135
1.3800000000	4.7957852381
1.3850000000	3.5421514555
1.3900000000	2.7341830866
1.3950000000	2.1829411573
1.4000000000	1.7908548332
1.4050000000	1.5029055186
1.4100000000	1.2857848878
1.4150000000	1.1196138717
1.4200000000	0.9903994103
1.4250000000	0.8945337155
1.4300000000	0.8342469645
1.4350000000	0.7955830108
1.4400000000	0.5496699003
1.4450000000	-0.1333405871
1.4500000000	-1.3193051434
1.4550000000	-0.4387721680
1.4600000000	1.3492925126
1.4650000000	0.7796207657
1.4700000000	-0.5064406512
1.4750000000	-2.5441021622
1.4800000000	-1.1230845803
1.4850000000	1.9197555161
1.4900000000	1.5541074636
1.4950000000	1.0080483812
1.5000000000	0.7095164005
1.5050000000	0.5479192464
1.5100000000	0.4554135878
1.5150000000	0.3986949732
1.5200000000	0.3615398454
1.5250000000	0.3379451557
1.5300000000	0.3193447391
1.5350000000	0.3058184167
1.5400000000	0.2960011997
1.5450000000	0.2890778285
1.5500000000	0.2844813508
1.5550000000	0.2819723028
1.5600000000	0.2820251379
1.5650000000	0.2836495960
1.5700000000	0.2878651070
1.5750000000	0.2954520658
1.5800000000	0.3079720588
1.5850000000	0.3285037815
1.5900000000	0.3635644235
1.5950000000	0.4275670042
1.6000000000	0.5509060385
1.6050000000	0.7534047778
1.6100000000	0.8482491406
1.6150000000	0.6783348806
1.6200000000	0.5206657200
1.6250000000	0.4406961314
1.6300000000	0.4042415686
1.6350000000	0.3895264776
1.6400000000	0.3866868755
1.6450000000	0.3912144860
1.6500000000	0.4009168331
1.6550000000	0.4149072148
1.6600000000	0.4327360254
1.6650000000	0.4543570755
1.6700000000	0.4799603454
1.6750000000	0.5099211039
1.6800000000	0.5447812313
1.6850000000	0.5852624031
1.6900000000	0.6321991178
1.6950000000	0.6860726397
1.7000000000	0.7480654830
1.7050000000	0.8197571874
1.7100000000	0.9066590098
1.7150000000	1.0530013659
1.7200000000	1.2741057040
1.7250000000	1.5126826016
1.7300000000	1.7961381536
1.7350000000	2.1029564343
1.7400000000	2.3865701386
1.7450000000	2.7441221865
1.7500000000	3.2920267452
1.7550000000	4.1136633547
1.7600000000	5.3463029566
1.7650000000	7.2479264044
1.7700000000	10.3112469607
1.7750000000	15.4708657481
1.7800000000	24.2587843123
1.7850000000	37.2092351207
1.7900000000	46.2120137087
1.7950000000	39.3203909698
1.8000000000	26.1445159898
1.8050000000	16.4922542317
1.8100000000	10.8590359768
1.8150000000	7.5580164022
1.8200000000	5.5266482953
1.8250000000	4.2094561870
1.8300000000	3.3146333596
1.8350000000	2.6823477903
1.8400000000	2.2208594679
1.8450000000	1.8744488456
1.8500000000	1.6079627022
1.8550000000	1.3993606228
1.8600000000	1.2331427182
1.8650000000	1.0986548984
1.8700000000	0.9881357059
1.8750000000	0.8956345632
1.8800000000	0.8160892766
1.8850000000	0.7445676575
1.8900000000	0.6749693610
1.8950000000	0.5980526032
1.9000000000	0.4981558056
1.9050000000	0.3241418898
1.9100000000	0.0743033314
1.9150000000	-0.1656131466
1.9200000000	0.1286672921
1.9250000000	1.2992260141
1.9300000000	2.2342837259
1.9350000000	2.2544780503
1.9400000000	1.8092905233
1.9450000000	1.3707500467
1.9500000000	1.0599638686
1.9550000000	0.8544195808
1.9600000000	0.7174633695
1.9650000000	0.6261987071
1.9700000000	0.5590350511
1.9750000000	0.5097859721
1.9800000000	0.4724039607
1.9850000000	0.4425518876
1.9900000000	0.4169999013
1.9950000000	0.3930093748
2.0000000000	0.3700896478
2.0050000000	0.3564486728
2.0100000000	0.3656043130
2.0150000000	0.3894879590
2.0200000000	0.4055985967
2.0250000000	0.4125571656
2.0300000000	0.4178258029
2.0350000000	0.4248576171
2.0400000000	0.4353236873
2.0450000000	0.4499264725
2.0500000000	0.4693765770
2.0550000000	0.4943804026
2.0600000000	0.5249796348
2.0650000000	0.5587528012
2.0700000000	0.5896693095
2.0750000000	0.6130233551
2.0800000000	0.6323272652
2.0850000000	0.6552052622
2.0900000000	0.6865129334
2.0950000000	0.7279421471
2.1000000000	0.7808036058
2.1050000000	0.8443133920
2.1100000000	0.9228954742
2.1150000000	1.0197245273
2.1200000000	1.1393605549
2.1250000000	1.2882731758
2.1300000000	1.4756258988
2.1350000000	1.7145301349
2.1400000000	2.0239204140
2.1450000000	2.4314725832
2.1500000000	2.9774919520
2.1550000000	3.7189848077
2.1600000000	4.7288909902
2.1650000000	6.0690325562
2.1700000000	7.7158714635
2.1750000000	9.3580822077
2.1800000000	10.3894741041
2.1850000000	10.4861721514
2.1900000000	10.0945545016
2.1950000000	9.8166611880
2.2000000000	9.7196621216
2.2050000000	9.2634898347
2.2100000000	8.2169671574
2.2150000000	6.9002235942
2.2200000000	5.7026264970
2.2250000000	4.7319990937
2.2300000000	3.9345936286
2.2350000000	3.2666798499
2.2400000000	2.7179815122
2.2450000000	2.2846314182
2.2500000000	1.9488226445
2.2550000000	1.6889787932
2.2600000000	1.4850983201
2.2650000000	1.3191344795
2.2700000000	1.1739879838
2.2750000000	1.0351883806
2.2800000000	0.8993420275
2.2850000000	0.7830223250
2.2900000000	0.7145043048
2.2950000000	0.7064937841
2.3000000000	0.7372240662
2.3050000000	0.7696499282
2.3100000000	0.7810635042
2.3150000000	0.7721692549
2.3200000000	0.7527796769
2.3250000000	0.7329819247
2.3300000000	0.7181316140
2.3350000000	0.7097894464
2.3400000000	0.7067754795
2.3450000000	0.7056611103
2.3500000000	0.7020311726
2.3550000000	0.6930650175
2.3600000000	0.6795429894
2.3650000000	0.6649057995
2.3700000000	0.6526511553
2.3750000000	0.6447243075
2.3800000000	0.6414402716
2.3850000000	0.6420226347
2.3900000000	0.6454789191
2.3950000000	0.6508562492
2.4000000000	0.6586281717
2.4050000000	0.6708115521
2.4100000000	0.6882580867
2.4150000000	0.7121492244
2.4200000000	0.7433016239
2.4250000000	0.7825915325
2.4300000000	0.8310958725
2.4350000000	0.8901955787
2.4400000000	0.9616671259
2.4450000000	1.0477879189
2.4500000000	1.1514440502
2.4550000000	1.2762784098
2.4600000000	1.4267670598
2.4650000000	1.6083090588
2.4700000000	1.8271130592
2.4750000000	2.0894408445
2.4800000000	2.4018952649
2.4850000000	2.7672144055
2.4900000000	3.1819659168
2.4950000000	3.6310126787
2.5000000000	4.0816948782
2.5050000000	4.4993842869
2.5100000000	4.7732702351
2.5150000000	4.8411927300
2.5200000000	4.6927503220
2.5250000000	4.3739741209
2.5300000000	3.9580246657
2.5350000000	3.5112873865
2.5400000000	3.0775835592
2.5450000000	2.6797862117
2.5500000000	2.3271095441
2.5550000000	2.0211375176
2.5600000000	1.7575062491
2.5650000000	1.5352552090
2.5700000000	1.3496645091
2.5750000000	1.1978828836
2.5800000000	1.0777314348
2.5850000000	0.9866383366
2.5900000000	0.9201070651
2.5950000000	0.8716836476
2.6000000000	0.8346207068
2.6050000000	0.8081725741
2.6100000000	0.7847241039
2.6150000000	0.7639611934
2.6200000000	0.7463716154
2.6250000000	0.7324561240
2.6300000000	0.7225361882
2.6350000000	0.7167668488
2.6400000000	0.7152288139
2.6450000000	0.7180040180
2.6500000000	0.7252608809
2.6550000000	0.7370364801
2.6600000000	0.7535889900
2.6650000000	0.7751642522
2.6700000000	0.8020511902
2.6750000000	0.8345884017
2.6800000000	0.8731381646
2.6850000000	0.9180695032
2.6900000000	0.9697091851
2.6950000000	1.0283071549
2.7000000000	1.0939537962
2.7050000000	1.1743288832
2.7100000000	1.2633183278
2.7150000000	1.3598345837
2.7200000000	1.4620507667
2.7250000000	1.5673705423
2.7300000000	1.6724350684
2.7350000000	1.7731356759
2.7400000000	1.8645866339
2.7450000000	1.9419141332
2.7500000000	1.9978789031
2.7550000000	2.0276892308
2.7600000000	2.0277264296
2.7650000000	1.9971929275
2.7700000000	1.9385194897
2.7750000000	1.8569550686
2.7800000000	1.7594281397
2.7850000000	1.6533084604
2.7900000000	1.5451988936
2.7950000000	1.4403925483
2.8000000000	1.3426350372
2.8050000000	1.2433343431
2.8100000000	1.1578524967
2.8150000000	1.0859990721
2.8200000000	1.0266525174
2.8250000000	0.9783211098
2.8300000000	0.9395000278
2.8350000000	0.9089089825
2.8400000000	0.8851850469
2.8450000000	0.8684124844
2.8500000000	0.8575892754
2.8550000000	0.8523371926
2.8600000000	0.8523770960
2.8650000000	0.8574708537
2.8700000000	0.8673876806
2.8750000000	0.8818635335
2.8800000000	0.9005746073
2.8850000000	0.9231119590
2.8900000000	0.9489888130
2.8950000000	0.9776252053
2.9000000000	1.0083867326
2.9050000000	1.0472763481
2.9100000000	1.0861389303
2.9150000000	1.1235873432
2.9200000000	1.1580305896
2.9250000000	1.1876314698
2.9300000000	1.2106801059
2.9350000000	1.2247747614
2.9400000000	1.2287730644
2.9450000000	1.2221160339
2.9500000000	1.2052592455
2.9550000000	1.1796373165
2.9600000000	1.1473825577
2.9650000000	1.1109493314
2.9700000000	1.0727403701
2.9750000000	1.0348259679
2.9800000000	0.9988074103
2.9850000000	0.9657914500
2.9900000000	0.9364609413
2.9950000000	0.9111457782
3.0000000000	0.8899421718
