# energy (eV)    P(omega), $W$ = 300 nm, $h$ = 300 nm, $s$ = 20 nm, $d/W = 5$, $E_{\rm e}$ = 200 keV
0.2000000000	0.3036270252
0.2050000000	0.3079790214
0.2100000000	0.3120749473
0.2150000000	0.3159227001
0.2200000000	0.3195290708
0.2250000000	0.3228996451
0.2300000000	0.3260384671
0.2350000000	0.3289480183
0.2400000000	0.3316288884
0.2450000000	0.3340791143
0.2500000000	0.3362945542
0.2550000000	0.3382674344
0.2600000000	0.3399864053
0.2650000000	0.3414357947
0.2700000000	0.3425940851
0.2750000000	0.3434331990
0.2800000000	0.3439167542
0.2850000000	0.3439982704
0.2900000000	0.3436180680
0.2950000000	0.3427008474
0.3000000000	0.3411497761
0.3050000000	0.3388424334
0.3100000000	0.3356216509
0.3150000000	0.3535881092
0.3200000000	0.3749288588
0.3250000000	0.4019020532
0.3300000000	0.4379899882
0.3350000000	0.4829270409
0.3400000000	0.5417795073
0.3450000000	0.6132371824
0.3500000000	0.7067627248
0.3550000000	0.8305880226
0.3600000000	0.9924112807
0.3650000000	1.2181381128
0.3700000000	1.5161247831
0.3750000000	1.9310135087
0.3800000000	2.5315779256
0.3850000000	3.4680611708
0.3900000000	4.9488427835
0.3950000000	7.4663427975
0.4000000000	12.2694612155
0.4050000000	23.0465524074
0.4100000000	52.4785215572
0.4150000000	168.5876055662
0.4200000000	107.2998697067
0.4250000000	-202.6488608509
0.4300000000	56.4919597967
0.4350000000	35.2571185796
0.4400000000	21.5912064481
0.4450000000	14.2288271901
0.4500000000	9.9871649579
0.4550000000	7.3749896422
0.4600000000	5.6725356522
0.4650000000	4.5116970667
0.4700000000	3.6907914187
0.4750000000	3.0968650811
0.4800000000	2.6564066652
0.4850000000	2.3249689437
0.4900000000	2.0720426316
0.4950000000	1.8771365831
0.5000000000	1.7262488822
0.5050000000	1.6090923358
0.5100000000	1.5190583687
0.5150000000	1.4512847498
0.5200000000	1.4006538275
0.5250000000	1.3648909288
0.5300000000	1.3415302161
0.5350000000	1.3287749162
0.5400000000	1.3253027791
0.5450000000	1.3300097442
0.5500000000	1.3425708693
0.5550000000	1.3623713762
0.5600000000	1.3891145789
0.5650000000	1.4226768133
0.5700000000	1.4629548733
0.5750000000	1.5102381617
0.5800000000	1.5649966315
0.5850000000	1.6275398751
0.5900000000	1.6984544033
0.5950000000	1.7784662572
0.6000000000	1.8684988430
0.6050000000	1.9698736093
0.6100000000	2.0838649461
0.6150000000	2.2122010652
0.6200000000	2.3571887522
0.6250000000	2.5210362213
0.6300000000	2.7070077093
0.6350000000	2.9191708882
0.6400000000	3.1617612425
0.6450000000	3.4408881620
0.6500000000	3.7645870146
0.6550000000	4.1412251641
0.6600000000	4.5836558603
0.6650000000	5.1083896712
0.6700000000	5.7348319939
0.6750000000	6.4925674765
0.6800000000	7.4214281383
0.6850000000	8.5735580228
0.6900000000	10.0297853629
0.6950000000	11.9031248065
0.7000000000	14.3732042650
0.7050000000	17.7146321345
0.7100000000	22.3928611914
0.7150000000	29.2365583502
0.7200000000	39.7888406196
0.7250000000	57.3123845959
0.7300000000	89.4909598391
0.7350000000	158.3740352033
0.7400000000	347.3740223661
0.7450000000	1153.3715953432
0.7500000000	3576.1784761062
0.7550000000	900.4377478246
0.7600000000	298.4634821679
0.7650000000	143.1325349941
0.7700000000	83.3150062408
0.7750000000	54.4264024943
0.7800000000	38.3371009981
0.7850000000	28.4992727767
0.7900000000	22.0386098347
0.7950000000	17.5810066092
0.8000000000	14.3753457631
0.8050000000	11.9869166883
0.8100000000	10.1648968261
0.8150000000	8.7199031300
0.8200000000	7.5790656301
0.8250000000	6.6601819448
0.8300000000	5.9071842438
0.8350000000	5.2879270640
0.8400000000	4.7686662124
0.8450000000	4.3328323542
0.8500000000	3.9643893585
0.8550000000	3.6463382910
0.8600000000	3.3748204187
0.8650000000	3.1429589165
0.8700000000	2.9380197119
0.8750000000	2.7637914030
0.8800000000	2.6161033421
0.8850000000	2.4836771562
0.8900000000	2.3777640784
0.8950000000	2.2814033317
0.9000000000	2.2053789670
0.9050000000	2.1536725471
0.9100000000	2.1063215881
0.9150000000	2.0783986539
0.9200000000	2.0769611706
0.9250000000	2.0763013109
0.9300000000	2.0474406618
0.9350000000	1.9565955662
0.9400000000	1.4429186603
0.9450000000	-0.8986021027
0.9500000000	-13.2696807987
0.9550000000	-76.0683145735
0.9600000000	17.9684620866
0.9650000000	31.5843959473
0.9700000000	14.0191771741
0.9750000000	7.3632461434
0.9800000000	4.6157371668
0.9850000000	3.3303270885
0.9900000000	2.5892857967
0.9950000000	2.1397719952
1.0000000000	1.8526993486
1.0050000000	1.6707911850
1.0100000000	1.5295943227
1.0150000000	1.4263766744
1.0200000000	1.3568911175
1.0250000000	1.2984020717
1.0300000000	1.2538628756
1.0350000000	1.2200390680
1.0400000000	1.1984286534
1.0450000000	1.1802416670
1.0500000000	1.1679833796
1.0550000000	1.1609537161
1.0600000000	1.1607716250
1.0650000000	1.1629327114
1.0700000000	1.1692541542
1.0750000000	1.1797570553
1.0800000000	1.1956322389
1.0850000000	1.2158153026
1.0900000000	1.2459244166
1.0950000000	1.2817353216
1.1000000000	1.3245104276
1.1050000000	1.3736812246
1.1100000000	1.4308592494
1.1150000000	1.4973101136
1.1200000000	1.5745922134
1.1250000000	1.6644588318
1.1300000000	1.7695938377
1.1350000000	1.8932287420
1.1400000000	2.0391102260
1.1450000000	2.2137759527
1.1500000000	2.4245858938
1.1550000000	2.6820623138
1.1600000000	3.0010473989
1.1650000000	3.4008630873
1.1700000000	3.9173862986
1.1750000000	4.5985203326
1.1800000000	5.5233393798
1.1850000000	6.8217345032
1.1900000000	8.7389144773
1.1950000000	11.7447701278
1.2000000000	16.8387439451
1.2050000000	26.4597563000
1.2100000000	47.6189968425
1.2150000000	104.8214664183
1.2200000000	257.0774129480
1.2250000000	231.2262195093
1.2300000000	92.5382873595
1.2350000000	43.6542084620
1.2400000000	25.1481315358
1.2450000000	16.6685643117
1.2500000000	12.2153582504
1.2550000000	9.6680204416
1.2600000000	8.1437947769
1.2650000000	7.2187542808
1.2700000000	6.7058231695
1.2750000000	6.4843594863
1.2800000000	6.5000997494
1.2850000000	6.7335522002
1.2900000000	7.1915177633
1.2950000000	7.9002232557
1.3000000000	8.9407308701
1.3050000000	10.4186630928
1.3100000000	12.5246492636
1.3150000000	15.5870255090
1.3200000000	20.1934660734
1.3250000000	27.4663583588
1.3300000000	39.8549399337
1.3350000000	63.0464381268
1.3400000000	112.6095786048
1.3450000000	235.6800758422
1.3500000000	500.7039202426
1.3550000000	467.3033274482
1.3600000000	215.5836620039
1.3650000000	105.9406194781
1.3700000000	60.7553346864
1.3750000000	39.0669998715
1.3800000000	27.2408394898
1.3850000000	20.1181360108
1.3900000000	15.5300244651
1.3950000000	12.4018481039
1.4000000000	10.1807094386
1.4050000000	8.5545597632
1.4100000000	7.3363964728
1.4150000000	6.4180361098
1.4200000000	5.7289331604
1.4250000000	5.2706695529
1.4300000000	5.1117229700
1.4350000000	5.2256978217
1.4400000000	4.0484626389
1.4450000000	0.4180221773
1.4500000000	-5.4478133408
1.4550000000	-1.5011175477
1.4600000000	6.6918760005
1.4650000000	3.6030494154
1.4700000000	-3.4960631130
1.4750000000	-15.1666269459
1.4800000000	-6.7547523822
1.4850000000	11.0685894350
1.4900000000	8.9727140731
1.4950000000	5.8062914259
1.5000000000	4.0784952218
1.5050000000	3.1483753757
1.5100000000	2.6183098450
1.5150000000	2.2965114160
1.5200000000	2.0887253296
1.5250000000	1.9596838939
1.5300000000	1.8612056611
1.5350000000	1.7934172827
1.5400000000	1.7488778691
1.5450000000	1.7236083593
1.5500000000	1.7150340494
1.5550000000	1.7232537380
1.5600000000	1.7528938766
1.5650000000	1.8016694573
1.5700000000	1.8804544042
1.5750000000	2.0025712283
1.5800000000	2.1930255592
1.5850000000	2.5004915186
1.5900000000	3.0275222740
1.5950000000	4.0010848549
1.6000000000	5.9006995784
1.6050000000	9.0424560916
1.6100000000	10.4987576842
1.6150000000	7.7719186856
1.6200000000	5.2126747675
1.6250000000	3.8611557646
1.6300000000	3.1820485211
1.6350000000	2.8319135385
1.6400000000	2.6538867976
1.6450000000	2.5750444339
1.6500000000	2.5588495678
1.6550000000	2.5881883700
1.6600000000	2.6528188515
1.6650000000	2.7480468113
1.6700000000	2.8720607221
1.6750000000	3.0248197688
1.6800000000	3.2076426391
1.6850000000	3.4225925938
1.6900000000	3.6714392127
1.6950000000	3.9503880096
1.7000000000	4.2542937335
1.7050000000	4.5638560972
1.7100000000	4.9160240756
1.7150000000	5.8073990770
1.7200000000	7.3790003835
1.7250000000	8.8097540001
1.7300000000	10.3384328515
1.7350000000	12.0197305688
1.7400000000	13.6748116939
1.7450000000	15.8025639715
1.7500000000	19.0178525612
1.7550000000	23.8014847324
1.7600000000	30.9576245055
1.7650000000	41.9884076365
1.7700000000	59.7571238188
1.7750000000	89.6933649088
1.7800000000	140.7057520409
1.7850000000	215.9410255500
1.7900000000	268.3690214558
1.7950000000	228.5330588908
1.8000000000	152.1038162348
1.8050000000	96.0632515449
1.8100000000	63.3414593019
1.8150000000	44.1614824252
1.8200000000	32.3577264178
1.8250000000	24.7053038681
1.8300000000	19.5096471592
1.8350000000	15.8424771280
1.8400000000	13.1709577253
1.8450000000	11.1718796327
1.8500000000	9.6415534650
1.8550000000	8.4525395870
1.8600000000	7.5159648886
1.8650000000	6.7714604968
1.8700000000	6.1761352129
1.8750000000	5.6985632511
1.8800000000	5.3139018492
1.8850000000	5.0003083297
1.8900000000	4.7327181704
1.8950000000	4.4737614071
1.9000000000	4.1588334415
1.9050000000	3.5589036265
1.9100000000	2.7357498869
1.9150000000	2.3261824193
1.9200000000	5.5567058775
1.9250000000	14.3978704574
1.9300000000	21.4080595744
1.9350000000	21.0655313435
1.9400000000	16.5599137394
1.9450000000	12.1932246602
1.9500000000	9.1279957521
1.9550000000	7.1200224796
1.9600000000	5.7933641147
1.9650000000	4.9053130530
1.9700000000	4.2645249764
1.9750000000	3.7948094289
1.9800000000	3.4361517985
1.9850000000	3.1450002085
1.9900000000	2.8880073880
1.9950000000	2.6360529735
2.0000000000	2.3849121238
2.0050000000	2.2242342770
2.0100000000	2.3159760210
2.0150000000	2.5690054352
2.0200000000	2.7246681987
2.0250000000	2.7653426908
2.0300000000	2.7735678892
2.0350000000	2.7891654900
2.0400000000	2.8268313876
2.0450000000	2.8902251724
2.0500000000	2.9816522080
2.0550000000	3.1031858879
2.0600000000	3.2548227191
2.0650000000	3.4275932630
2.0700000000	3.5992522144
2.0750000000	3.7531971108
2.0800000000	3.9043101719
2.0850000000	4.0832383122
2.0900000000	4.3106192988
2.0950000000	4.5952658138
2.1000000000	4.9468401062
2.1050000000	5.3622737909
2.1100000000	5.8707672039
2.1150000000	6.4936916090
2.1200000000	7.2609781308
2.1250000000	8.2145880177
2.1300000000	9.4136506549
2.1350000000	10.9425719705
2.1400000000	12.9232339059
2.1450000000	15.5338234091
2.1500000000	19.0339702253
2.1550000000	23.7911385539
2.1600000000	30.2756320738
2.1650000000	38.8857825390
2.1700000000	49.4621334095
2.1750000000	59.9765328361
2.1800000000	66.4702601179
2.1850000000	66.7997902879
2.1900000000	63.8327219952
2.1950000000	61.5185434549
2.2000000000	60.4878443309
2.2050000000	57.6617438986
2.2100000000	51.6760673569
2.2150000000	44.3226103505
2.2200000000	37.7246043319
2.2250000000	32.2668625027
2.2300000000	27.4472782584
2.2350000000	23.0769806458
2.2400000000	19.3170273477
2.2450000000	16.3070951915
2.2500000000	14.0004022309
2.2550000000	12.2691670305
2.2600000000	10.9748783447
2.2650000000	9.9783020626
2.2700000000	9.1284246884
2.2750000000	8.2759831614
2.2800000000	7.3554229089
2.2850000000	6.4767069007
2.2900000000	5.8668757933
2.2950000000	5.6551659019
2.3000000000	5.7246459172
2.3050000000	5.8339234990
2.3100000000	5.8410498813
2.3150000000	5.7470292716
2.3200000000	5.6132739332
2.3250000000	5.5032393283
2.3300000000	5.4493565044
2.3350000000	5.4570756486
2.3400000000	5.5079047483
2.3450000000	5.5601357138
2.3500000000	5.5612743236
2.3550000000	5.4778261358
2.3600000000	5.3192673341
2.3650000000	5.1270152990
2.3700000000	4.9437725403
2.3750000000	4.7950738516
2.3800000000	4.6892791304
2.3850000000	4.6241709757
2.3900000000	4.5945252515
2.3950000000	4.5942417556
2.4000000000	4.6249445396
2.4050000000	4.6967463750
2.4100000000	4.8129716024
2.4150000000	4.9782625475
2.4200000000	5.1953982114
2.4250000000	5.4693439720
2.4300000000	5.8073812487
2.4350000000	6.2192812649
2.4400000000	6.7176559597
2.4450000000	7.3186064836
2.4500000000	8.0424430550
2.4550000000	8.9146882895
2.4600000000	9.9666984814
2.4650000000	11.2360863499
2.4700000000	12.7659843810
2.4750000000	14.5995746723
2.4800000000	16.7814118376
2.4850000000	19.3290663982
2.4900000000	22.2175306279
2.4950000000	25.3434182240
2.5000000000	28.4883313699
2.5050000000	31.4306988278
2.5100000000	33.4197775118
2.5150000000	34.0222783360
2.5200000000	33.1341973494
2.5250000000	31.0295367183
2.5300000000	28.1869305543
2.5350000000	25.0687301816
2.5400000000	22.0021828458
2.5450000000	19.1724949368
2.5500000000	16.6621994821
2.5550000000	14.4901710398
2.5600000000	12.6265683107
2.5650000000	11.0598379148
2.5700000000	9.7530044804
2.5750000000	8.6829062457
2.5800000000	7.8322500229
2.5850000000	7.1822762894
2.5900000000	6.7021732134
2.5950000000	6.3486411878
2.6000000000	6.0765995447
2.6050000000	5.8832572974
2.6100000000	5.7159299648
2.6150000000	5.5719616551
2.6200000000	5.4541788550
2.6250000000	5.3657308258
2.6300000000	5.3087229999
2.6350000000	5.2842306888
2.6400000000	5.2928840738
2.6450000000	5.3352611328
2.6500000000	5.4125032407
2.6550000000	5.5249341982
2.6600000000	5.6742756557
2.6650000000	5.8622730400
2.6700000000	6.0910692893
2.6750000000	6.3632523612
2.6800000000	6.6816900894
2.6850000000	7.0493079567
2.6900000000	7.4684896666
2.6950000000	7.9406010512
2.7000000000	8.4651258498
2.7050000000	9.1016647602
2.7100000000	9.7960899036
2.7150000000	10.5347619849
2.7200000000	11.2978876970
2.7250000000	12.0606594307
2.7300000000	12.7951699733
2.7350000000	13.4720486946
2.7400000000	14.0608655986
2.7450000000	14.5347105968
2.7500000000	14.8517743392
2.7550000000	14.9868197866
2.7600000000	14.9206931611
2.7650000000	14.6512304963
2.7700000000	14.1964179465
2.7750000000	13.5922265396
2.7800000000	12.8855283343
2.7850000000	12.1260459238
2.7900000000	11.3584006002
2.7950000000	10.6183747842
2.8000000000	9.9312716666
2.8050000000	9.2361254052
2.8100000000	8.6412425953
2.8150000000	8.1450341922
2.8200000000	7.7395116280
2.8250000000	7.4141499435
2.8300000000	7.1583447188
2.8350000000	6.9630158860
2.8400000000	6.8186118110
2.8450000000	6.7254580318
2.8500000000	6.6766111286
2.8550000000	6.6694224364
2.8600000000	6.7019113112
2.8650000000	6.7722888392
2.8700000000	6.8785509413
2.8750000000	7.0181475019
2.8800000000	7.1877382924
2.8850000000	7.3829774734
2.8900000000	7.5986382531
2.8950000000	7.8288187311
2.9000000000	8.0673170377
2.9050000000	8.3535475785
2.9100000000	8.6278453158
2.9150000000	8.8816141728
2.9200000000	9.1058529394
2.9250000000	9.2903618737
2.9300000000	9.4257519723
2.9350000000	9.4973720196
2.9400000000	9.4989199159
2.9450000000	9.4277224271
2.9500000000	9.2878775094
2.9550000000	9.0899874571
2.9600000000	8.8493416817
2.9650000000	8.5832616523
2.9700000000	8.3084905984
2.9750000000	8.0393347492
2.9800000000	7.7867533642
2.9850000000	7.5582224873
2.9900000000	7.3582354447
2.9950000000	7.1888960573
3.0000000000	7.0506434203
