# energy (eV)    P(omega), $W$ = 300 nm, $h$ = 300 nm, $s$ = 20 nm, $d/W = 5$, $E_{\rm e}$ = 200 keV
0.2000000000	0.4920610520
0.2050000000	0.4991467377
0.2100000000	0.5058061773
0.2150000000	0.5120526764
0.2200000000	0.5178977218
0.2250000000	0.5233508183
0.2300000000	0.5284189888
0.2350000000	0.5331065714
0.2400000000	0.5374148408
0.2450000000	0.5413409337
0.2500000000	0.5448783300
0.2550000000	0.5480145457
0.2600000000	0.5507313756
0.2650000000	0.5530032989
0.2700000000	0.5547954746
0.2750000000	0.5560622424
0.2800000000	0.5567443777
0.2850000000	0.5567661610
0.2900000000	0.5560303328
0.2950000000	0.5544142196
0.3000000000	0.5517599057
0.3050000000	0.5478678071
0.3100000000	0.5424817734
0.3150000000	0.5717819092
0.3200000000	0.6065846996
0.3250000000	0.6505800934
0.3300000000	0.7094542547
0.3350000000	0.7827609171
0.3400000000	0.8787661051
0.3450000000	0.9953111967
0.3500000000	1.1478334031
0.3550000000	1.3497459724
0.3600000000	1.6135722496
0.3650000000	1.9815420988
0.3700000000	2.4671951980
0.3750000000	3.1432538366
0.3800000000	4.1217042843
0.3850000000	5.6472203160
0.3900000000	8.0589636397
0.3950000000	12.1584991324
0.4000000000	19.9787399906
0.4050000000	37.5228330357
0.4100000000	85.4273030820
0.4150000000	274.3787509771
0.4200000000	174.6569944807
0.4250000000	-329.6632235353
0.4300000000	91.8588935796
0.4350000000	57.3135115673
0.4400000000	35.0868859834
0.4450000000	23.1144505066
0.4500000000	16.2178590552
0.4550000000	11.9712629535
0.4600000000	9.2039588926
0.4650000000	7.3172636956
0.4700000000	5.9831909367
0.4750000000	5.0180586710
0.4800000000	4.3023478132
0.4850000000	3.7637885674
0.4900000000	3.3527836331
0.4950000000	3.0360237827
0.5000000000	2.7907480495
0.5050000000	2.6002366592
0.5100000000	2.4537458428
0.5150000000	2.3433689472
0.5200000000	2.2607950465
0.5250000000	2.2023203372
0.5300000000	2.1639390390
0.5350000000	2.1427282755
0.5400000000	2.1365370016
0.5450000000	2.1435693908
0.5500000000	2.1632897903
0.5550000000	2.1946960105
0.5600000000	2.2372982555
0.5650000000	2.2908901550
0.5700000000	2.3552958357
0.5750000000	2.4309755551
0.5800000000	2.5186779809
0.5850000000	2.6188947355
0.5900000000	2.7325622888
0.5950000000	2.8608419307
0.6000000000	3.0052114355
0.6050000000	3.1677893259
0.6100000000	3.3506167763
0.6150000000	3.5564639368
0.6200000000	3.7890273038
0.6250000000	4.0518477832
0.6300000000	4.3501568530
0.6350000000	4.6904776376
0.6400000000	5.0795984720
0.6450000000	5.5273141368
0.6500000000	6.0465060365
0.6550000000	6.6505864016
0.6600000000	7.3601649649
0.6650000000	8.2016995997
0.6700000000	9.2063024466
0.6750000000	10.4213910779
0.6800000000	11.9108115572
0.6850000000	13.7581373157
0.6900000000	16.0929221667
0.6950000000	19.0962826391
0.7000000000	23.0561015731
0.7050000000	28.4124630641
0.7100000000	35.9112408724
0.7150000000	46.8803671713
0.7200000000	63.7925649143
0.7250000000	91.8756699721
0.7300000000	143.4413174444
0.7350000000	253.8177714380
0.7400000000	556.6449078635
0.7450000000	1847.9585220668
0.7500000000	5729.0679706616
0.7550000000	1442.3149732038
0.7600000000	478.0122221730
0.7650000000	229.2066330666
0.7700000000	133.3990083810
0.7750000000	87.1323140408
0.7800000000	61.3661656958
0.7850000000	45.6124147647
0.7900000000	35.2673422301
0.7950000000	28.1301061361
0.8000000000	22.9977135484
0.8050000000	19.1739816074
0.8100000000	16.2572137016
0.8150000000	13.9441651775
0.8200000000	12.1180961551
0.8250000000	10.6473688544
0.8300000000	9.4422247301
0.8350000000	8.4511611642
0.8400000000	7.6201744159
0.8450000000	6.9227239562
0.8500000000	6.3331273674
0.8550000000	5.8241939784
0.8600000000	5.3897279758
0.8650000000	5.0187023682
0.8700000000	4.6907762895
0.8750000000	4.4119679423
0.8800000000	4.1755982246
0.8850000000	3.9636580542
0.8900000000	3.7940786225
0.8950000000	3.6397962674
0.9000000000	3.5179945520
0.9050000000	3.4350035313
0.9100000000	3.3589948133
0.9150000000	3.3139840866
0.9200000000	3.3112019836
0.9250000000	3.3096924071
0.9300000000	3.2633260716
0.9350000000	3.1183859367
0.9400000000	2.3005882421
0.9450000000	-1.4256695781
0.9500000000	-21.1095912569
0.9550000000	-121.0184579819
0.9600000000	28.5829232826
0.9650000000	50.2369745028
0.9700000000	22.2963243634
0.9750000000	11.7100061004
0.9800000000	7.3404296440
0.9850000000	5.2962203474
0.9900000000	4.1178165823
0.9950000000	3.4030317993
1.0000000000	2.9465585396
1.0050000000	2.6572854301
1.0100000000	2.4327855855
1.0150000000	2.2686825966
1.0200000000	2.1581980373
1.0250000000	2.0652304645
1.0300000000	1.9944545649
1.0350000000	1.9407290921
1.0400000000	1.9064196737
1.0450000000	1.8775865764
1.0500000000	1.8581993342
1.0550000000	1.8471457011
1.0600000000	1.8469889065
1.0650000000	1.8505975853
1.0700000000	1.8608526756
1.0750000000	1.8777882985
1.0800000000	1.9032925277
1.0850000000	1.9357132796
1.0900000000	1.9840138585
1.0950000000	2.0414505310
1.1000000000	2.1100349393
1.1050000000	2.1889013845
1.1100000000	2.2806219621
1.1150000000	2.3872312679
1.1200000000	2.5112212657
1.1250000000	2.6554544012
1.1300000000	2.8242323521
1.1350000000	3.0227567169
1.1400000000	3.2570445661
1.1450000000	3.5376605361
1.1500000000	3.8764392597
1.1550000000	4.2903280052
1.1600000000	4.8032317283
1.1650000000	5.4462583540
1.1700000000	6.2772263175
1.1750000000	7.3732942690
1.1800000000	8.8618366269
1.1850000000	10.9521005466
1.1900000000	14.0390179670
1.1950000000	18.8795996716
1.2000000000	27.0836956136
1.2050000000	42.5797493299
1.2100000000	76.6605031298
1.2150000000	168.7919382839
1.2200000000	413.9945224116
1.2250000000	372.3004935907
1.2300000000	148.9292308956
1.2350000000	70.2011851196
1.2400000000	40.3953074005
1.2450000000	26.7345660645
1.2500000000	19.5561538317
1.2550000000	15.4451058794
1.2600000000	12.9796449450
1.2650000000	11.4768547948
1.2700000000	10.6347886028
1.2750000000	10.2585961637
1.2800000000	10.2599429210
1.2850000000	10.6061210052
1.2900000000	11.3062055837
1.2950000000	12.3999626114
1.3000000000	14.0134327298
1.3050000000	16.3105806550
1.3100000000	19.5883197967
1.3150000000	24.3582773135
1.3200000000	31.5366018324
1.3250000000	42.8727063514
1.3300000000	62.1853886549
1.3350000000	98.3409790881
1.3400000000	175.6105159214
1.3450000000	367.4741878625
1.3500000000	780.6151041561
1.3550000000	728.4905962311
1.3600000000	336.0647083768
1.3650000000	165.1440866956
1.3700000000	94.7078896484
1.3750000000	60.9000346253
1.3800000000	42.4655121760
1.3850000000	31.3625010146
1.3900000000	24.2100919532
1.3950000000	19.3332520933
1.4000000000	15.8698916495
1.4050000000	13.3335037036
1.4100000000	11.4322287309
1.4150000000	9.9967029015
1.4200000000	8.9155679514
1.4250000000	8.1879083678
1.4300000000	7.9118697914
1.4350000000	8.0380515451
1.4400000000	6.1674498560
1.4450000000	0.4647033530
1.4500000000	-8.8227369493
1.4550000000	-2.4993730443
1.4600000000	10.5912451914
1.4650000000	5.7518232164
1.4700000000	-5.3485911191
1.4750000000	-23.5263893415
1.4800000000	-10.4678891453
1.4850000000	17.2298585104
1.4900000000	13.9656539580
1.4950000000	9.0400011972
1.5000000000	6.3517986433
1.5050000000	4.9039297467
1.5100000000	4.0784957942
1.5150000000	3.5769567194
1.5200000000	3.2527208242
1.5250000000	3.0510025758
1.5300000000	2.8966305085
1.5350000000	2.7898649251
1.5400000000	2.7190751852
1.5450000000	2.6779791525
1.5500000000	2.6624958520
1.5550000000	2.6725996211
1.5600000000	2.7152740064
1.5650000000	2.7865515961
1.5700000000	2.9027746684
1.5750000000	3.0836423521
1.5800000000	3.3661922545
1.5850000000	3.8225415780
1.5900000000	4.6046496548
1.5950000000	6.0488019033
1.6000000000	8.8653265819
1.6050000000	13.5218701778
1.6100000000	15.6795542839
1.6150000000	11.6404167112
1.6200000000	7.8517544788
1.6250000000	5.8534594163
1.6300000000	4.8519901427
1.6350000000	4.3384800171
1.6400000000	4.0805742810
1.6450000000	3.9703220175
1.6500000000	3.9536935345
1.6550000000	4.0054593252
1.6600000000	4.1105913810
1.6650000000	4.2623128030
1.6700000000	4.4581530489
1.6750000000	4.6983118567
1.6800000000	4.9850767781
1.6850000000	5.3219182834
1.6900000000	5.7119979482
1.6950000000	6.1503037929
1.7000000000	6.6304349719
1.7050000000	7.1262082603
1.7100000000	7.6943123709
1.7150000000	9.0744808553
1.7200000000	11.4793869826
1.7250000000	13.6987225068
1.7300000000	16.0927199496
1.7350000000	18.7214527008
1.7400000000	21.2937440819
1.7450000000	24.5948506673
1.7500000000	29.5897435204
1.7550000000	37.0265458744
1.7600000000	48.1546851140
1.7650000000	65.3094487390
1.7700000000	92.9427988897
1.7750000000	139.4973585595
1.7800000000	218.8240234156
1.7850000000	335.8087928878
1.7900000000	417.3102074536
1.7950000000	355.3364435967
1.8000000000	236.4769067622
1.8050000000	149.3331360514
1.8100000000	98.4528669951
1.8150000000	68.6302245542
1.8200000000	50.2769182529
1.8250000000	38.3782663579
1.8300000000	30.2992539859
1.8350000000	24.5964296204
1.8400000000	20.4412647667
1.8450000000	17.3311332876
1.8500000000	14.9492502681
1.8550000000	13.0973699688
1.8600000000	11.6371485822
1.8650000000	10.4745069454
1.8700000000	9.5424535272
1.8750000000	8.7916932979
1.8800000000	8.1829645580
1.8850000000	7.6813773642
1.8900000000	7.2465390680
1.8950000000	6.8181039839
1.9000000000	6.2919975238
1.9050000000	5.3028112401
1.9100000000	3.9367607430
1.9150000000	3.1649067985
1.9200000000	7.9787376999
1.9250000000	21.4440330529
1.9300000000	32.1260220367
1.9350000000	31.6564199221
1.9400000000	24.9148919405
1.9450000000	18.3756632310
1.9500000000	13.7830744269
1.9550000000	10.7730114648
1.9600000000	8.7833590433
1.9650000000	7.4518394759
1.9700000000	6.4900091799
1.9750000000	5.7849500301
1.9800000000	5.2467698146
1.9850000000	4.8102748444
1.9900000000	4.4256212286
1.9950000000	4.0493503778
2.0000000000	3.6750829083
2.0050000000	3.4364319997
2.0100000000	3.5737502890
2.0150000000	3.9514400578
2.0200000000	4.1849382317
2.0250000000	4.2481601084
2.0300000000	4.2640490175
2.0350000000	4.2918126301
2.0400000000	4.3536133001
2.0450000000	4.4552211258
2.0500000000	4.6004819263
2.0550000000	4.7929145315
2.0600000000	5.0325423098
2.0650000000	5.3046519378
2.0700000000	5.5727290488
2.0750000000	5.8093391843
2.0800000000	6.0384501898
2.0850000000	6.3097771215
2.0900000000	6.6565412862
2.0950000000	7.0926025909
2.1000000000	7.6326743891
2.1050000000	8.2717614168
2.1100000000	9.0547559496
2.1150000000	10.0144508029
2.1200000000	11.1968902418
2.1250000000	12.6666763551
2.1300000000	14.5148790075
2.1350000000	16.8715511307
2.1400000000	19.9244563310
2.1450000000	23.9481253049
2.1500000000	29.3425406555
2.1550000000	36.6737690512
2.1600000000	46.6663043648
2.1650000000	59.9337061065
2.1700000000	76.2312037718
2.1750000000	92.4369300142
2.1800000000	102.4584681398
2.1850000000	103.0007196509
2.1900000000	98.4824821308
2.1950000000	94.9796823405
2.2000000000	93.4397896684
2.2050000000	89.0708526309
2.2100000000	79.7563688445
2.2150000000	68.2894763758
2.2200000000	57.9881478783
2.2250000000	49.4830323882
2.2300000000	42.0199998840
2.2350000000	35.2965460362
2.2400000000	29.5327509436
2.2450000000	24.9234452211
2.2500000000	21.3881862582
2.2550000000	18.7287787457
2.2600000000	16.7330480116
2.2650000000	15.1893400835
2.2700000000	13.8700377069
2.2750000000	12.5520344039
2.2800000000	11.1396888929
2.2850000000	9.8020092929
2.2900000000	8.8832617910
2.2950000000	8.5767398961
2.3000000000	8.6994830214
2.3050000000	8.8800093369
2.3100000000	8.8991494425
2.3150000000	8.7589030563
2.3200000000	8.5540998631
2.3250000000	8.3826784159
2.3300000000	8.2948363604
2.3350000000	8.2995291032
2.3400000000	8.3695703601
2.3450000000	8.4430513395
2.3500000000	8.4419687775
2.3550000000	8.3165533581
2.3600000000	8.0808776052
2.3650000000	7.7964445893
2.3700000000	7.5266310467
2.3750000000	7.3092207038
2.3800000000	7.1563351553
2.3850000000	7.0642123394
2.3900000000	7.0246638784
2.3950000000	7.0282809684
2.4000000000	7.0777362318
2.4050000000	7.1889517712
2.4100000000	7.3673275022
2.4150000000	7.6203694985
2.4200000000	7.9526556165
2.4250000000	8.3719154735
2.4300000000	8.8893029248
2.4350000000	9.5197648394
2.4400000000	10.2825845013
2.4450000000	11.2023720699
2.4500000000	12.3101993402
2.4550000000	13.6451118044
2.4600000000	15.2550964287
2.4650000000	17.1977248884
2.4700000000	19.5390323346
2.4750000000	22.3451816341
2.4800000000	25.6845449247
2.4850000000	29.5842065429
2.4900000000	34.0060360561
2.4950000000	38.7915549633
2.5000000000	43.6054439816
2.5050000000	48.1063269173
2.5100000000	51.1424740687
2.5150000000	52.0506414237
2.5200000000	50.6749972434
2.5250000000	47.4401938370
2.5300000000	43.0823640363
2.5350000000	38.3094426245
2.5400000000	33.6198744095
2.5450000000	29.2943997986
2.5500000000	25.4573302085
2.5550000000	22.1366987047
2.5600000000	19.2867548028
2.5650000000	16.8903463569
2.5700000000	14.8913220036
2.5750000000	13.2545756874
2.5800000000	11.9538737415
2.5850000000	10.9605807914
2.5900000000	10.2274741517
2.5950000000	9.6880814169
2.6000000000	9.2731808198
2.6050000000	8.9782381229
2.6100000000	8.7225649242
2.6150000000	8.5021312004
2.6200000000	8.3213393042
2.6250000000	8.1850375170
2.6300000000	8.0964553136
2.6350000000	8.0572441890
2.6400000000	8.0683539453
2.6450000000	8.1306767079
2.6500000000	8.2459557480
2.6550000000	8.4146817705
2.6600000000	8.6394947460
2.6650000000	8.9230609504
2.6700000000	9.2686354442
2.6750000000	9.6801650980
2.6800000000	10.1619916655
2.6850000000	10.7185553142
2.6900000000	11.3534946131
2.6950000000	12.0689548762
2.7000000000	12.8642679202
2.7050000000	13.8299840281
2.7100000000	14.8845428344
2.7150000000	16.0077255960
2.7200000000	17.1700243604
2.7250000000	18.3342131268
2.7300000000	19.4580710124
2.7350000000	20.4967238103
2.7400000000	21.4032026662
2.7450000000	22.1355334382
2.7500000000	22.6287806604
2.7550000000	22.8434223591
2.7600000000	22.7494761685
2.7650000000	22.3432634025
2.7700000000	21.6521976047
2.7750000000	20.7314012111
2.7800000000	19.6527702466
2.7850000000	18.4925901227
2.7900000000	17.3192986957
2.7950000000	16.1877847273
2.8000000000	15.1368584959
2.8050000000	14.0733385462
2.8100000000	13.1628441678
2.8150000000	12.4029519235
2.8200000000	11.7814594781
2.8250000000	11.2822702847
2.8300000000	10.8891596523
2.8350000000	10.5882561028
2.8400000000	10.3649433079
2.8450000000	10.2197436314
2.8500000000	10.1420312427
2.8550000000	10.1277548478
2.8600000000	10.1738835519
2.8650000000	10.2777009086
2.8700000000	10.4361833982
2.8750000000	10.6455062588
2.8800000000	10.9006816185
2.8850000000	11.1952172542
2.8900000000	11.5213235574
2.8950000000	11.8701681311
2.9000000000	12.2324530263
2.9050000000	12.6687665786
2.9100000000	13.0881092171
2.9150000000	13.4772080921
2.9200000000	13.8220695079
2.9250000000	14.1067883978
2.9300000000	14.3167230241
2.9350000000	14.4292246599
2.9400000000	14.4344600727
2.9450000000	14.3282153954
2.9500000000	14.1166518762
2.9550000000	13.8159315747
2.9600000000	13.4494051078
2.9650000000	13.0435522870
2.9700000000	12.6239965266
2.9750000000	12.2126443083
2.9800000000	11.8262847224
2.9850000000	11.4763867846
2.9900000000	11.1698466883
2.9950000000	10.9099177547
3.0000000000	10.6972901503
