# energy (eV)    P(omega), $W$ = 400 nm, $h$ = 300 nm, $s$ = 20 nm, $d/W = 5$, $E_{\rm e}$ = 200 keV
0.2000000000	0.0586011916
0.2050000000	0.0591342473
0.2100000000	0.0595095182
0.2150000000	0.0597206844
0.2200000000	0.0597589079
0.2250000000	0.0596121818
0.2300000000	0.0592647066
0.2350000000	0.0586959108
0.2400000000	0.0578793372
0.2450000000	0.0567808891
0.2500000000	0.0553569721
0.2550000000	0.0535514937
0.2600000000	0.0512921694
0.2650000000	0.0536592322
0.2700000000	0.0596720667
0.2750000000	0.0682762340
0.2800000000	0.0802642488
0.2850000000	0.0979376840
0.2900000000	0.1198362369
0.2950000000	0.1512295846
0.3000000000	0.1934310804
0.3050000000	0.2581157678
0.3100000000	0.3482192499
0.3150000000	0.5225653033
0.3200000000	0.7948591682
0.3250000000	0.9812812061
0.3300000000	1.2391625609
0.3350000000	1.6047456798
0.3400000000	2.1786366145
0.3450000000	3.1632481339
0.3500000000	5.1266465732
0.3550000000	9.6716631487
0.3600000000	23.7692410084
0.3650000000	0.1074630903
0.3700000000	11.0161235306
0.3750000000	14.4857455166
0.3800000000	6.7498362262
0.3850000000	3.8022310096
0.3900000000	2.4387861342
0.3950000000	1.7185555037
0.4000000000	1.3015428145
0.4050000000	1.0296800451
0.4100000000	0.8526913815
0.4150000000	0.7359574214
0.4200000000	0.6621788598
0.4250000000	0.6042350899
0.4300000000	0.5357670596
0.4350000000	0.4815786497
0.4400000000	0.4387216362
0.4450000000	0.4046451883
0.4500000000	0.3777419202
0.4550000000	0.3564082714
0.4600000000	0.3397661303
0.4650000000	0.3268867573
0.4700000000	0.3171553094
0.4750000000	0.3101415982
0.4800000000	0.3054702220
0.4850000000	0.3028120164
0.4900000000	0.3019723187
0.4950000000	0.3028013637
0.5000000000	0.3051711801
0.5050000000	0.3090247230
0.5100000000	0.3143152597
0.5150000000	0.3210150098
0.5200000000	0.3291378497
0.5250000000	0.3386951538
0.5300000000	0.3498272370
0.5350000000	0.3625964646
0.5400000000	0.3771151561
0.5450000000	0.3935306114
0.5500000000	0.4120512345
0.5550000000	0.4329049905
0.5600000000	0.4563693473
0.5650000000	0.4828011069
0.5700000000	0.5126928153
0.5750000000	0.5464095249
0.5800000000	0.5846342991
0.5850000000	0.6283004306
0.5900000000	0.6780374201
0.5950000000	0.7351699333
0.6000000000	0.8014480218
0.6050000000	0.8781832863
0.6100000000	0.9683824563
0.6150000000	1.0745388508
0.6200000000	1.2009326041
0.6250000000	1.3537042697
0.6300000000	1.5391160975
0.6350000000	1.7689355191
0.6400000000	2.0561450367
0.6450000000	2.4243033765
0.6500000000	2.9035042224
0.6550000000	3.5447233564
0.6600000000	4.4340324042
0.6650000000	5.7074166532
0.6700000000	7.6356216469
0.6750000000	10.7358797883
0.6800000000	16.2161623476
0.6850000000	27.2126877462
0.6900000000	54.5384238392
0.6950000000	153.0970731328
0.7000000000	742.5317134382
0.7050000000	360.9991391686
0.7100000000	92.7329140699
0.7150000000	39.4351796605
0.7200000000	21.5360169469
0.7250000000	13.5284452819
0.7300000000	9.2786288706
0.7350000000	6.7663539554
0.7400000000	5.1575862493
0.7450000000	4.0656195793
0.7500000000	3.2920917754
0.7550000000	2.7238040262
0.7600000000	2.2954732720
0.7650000000	1.9633092526
0.7700000000	1.7011000697
0.7750000000	1.4905953684
0.7800000000	1.3195322960
0.7850000000	1.1786795135
0.7900000000	1.0606776962
0.7950000000	0.9621245680
0.8000000000	0.8783279011
0.8050000000	0.8065356883
0.8100000000	0.7454189987
0.8150000000	0.6918528326
0.8200000000	0.6452177877
0.8250000000	0.6060827791
0.8300000000	0.5718266799
0.8350000000	0.5420459567
0.8400000000	0.5183298755
0.8450000000	0.4976362833
0.8500000000	0.4800902354
0.8550000000	0.4689991134
0.8600000000	0.4601147640
0.8650000000	0.4537532327
0.8700000000	0.4559661618
0.8750000000	0.4567404804
0.8800000000	0.4542811050
0.8850000000	0.4345285840
0.8900000000	0.3372123055
0.8950000000	-0.1504855917
0.9000000000	-2.7656464201
0.9050000000	-18.1723985522
0.9100000000	3.4603826907
0.9150000000	8.1969783295
0.9200000000	3.4027232120
0.9250000000	1.7701970665
0.9300000000	1.0805734471
0.9350000000	0.7510947437
0.9400000000	0.5733556644
0.9450000000	0.4748364783
0.9500000000	0.4048727078
0.9550000000	0.3580405026
0.9600000000	0.3290777724
0.9650000000	0.3051812915
0.9700000000	0.2881312264
0.9750000000	0.2765135823
0.9800000000	0.2694442390
0.9850000000	0.2681560554
0.9900000000	0.2707500510
0.9950000000	0.2811909364
1.0000000000	0.3061392429
1.0050000000	0.3643749171
1.0100000000	0.5169879939
1.0150000000	1.0400281102
1.0200000000	1.9975657998
1.0250000000	0.9079558314
1.0300000000	0.4648894411
1.0350000000	0.3328349898
1.0400000000	0.2809042109
1.0450000000	0.2565402283
1.0500000000	0.2443244375
1.0550000000	0.2379128728
1.0600000000	0.2350310041
1.0650000000	0.2344852101
1.0700000000	0.2356137311
1.0750000000	0.2381833157
1.0800000000	0.2417322139
1.0850000000	0.2465639081
1.0900000000	0.2535475553
1.0950000000	0.2616899814
1.1000000000	0.2710709029
1.1050000000	0.2817071372
1.1100000000	0.2937669822
1.1150000000	0.3074108750
1.1200000000	0.3228292503
1.1250000000	0.3401797075
1.1300000000	0.3599117192
1.1350000000	0.3823282886
1.1400000000	0.4078831350
1.1450000000	0.4371532421
1.1500000000	0.4705876291
1.1550000000	0.5095843004
1.1600000000	0.5550272914
1.1650000000	0.6080744647
1.1700000000	0.6689654856
1.1750000000	0.7307175167
1.1800000000	0.7891487988
1.1850000000	1.0968179142
1.1900000000	1.3611647543
1.1950000000	1.8659660202
1.2000000000	2.5413323166
1.2050000000	2.2291554192
1.2100000000	2.1333133916
1.2150000000	2.3749753732
1.2200000000	2.8404836631
1.2250000000	3.5553615891
1.2300000000	4.6423860725
1.2350000000	6.3619458661
1.2400000000	9.2585444775
1.2450000000	14.7128189877
1.2500000000	26.5252353335
1.2550000000	57.4187654756
1.2600000000	138.6901416765
1.2650000000	140.4872446734
1.2700000000	58.4397843390
1.2750000000	26.9758395437
1.2800000000	14.9396915517
1.2850000000	9.3949602197
1.2900000000	6.4393827504
1.2950000000	4.6931143462
1.3000000000	3.5808187875
1.3050000000	2.8319137934
1.3100000000	2.3038150547
1.3150000000	1.9222373942
1.3200000000	1.6393731165
1.3250000000	1.4265070919
1.3300000000	1.2661977865
1.3350000000	1.1477427903
1.3400000000	1.0655855673
1.3450000000	1.0182019094
1.3500000000	1.0125024655
1.3550000000	1.0642202168
1.3600000000	1.2133874509
1.3650000000	1.5618758729
1.3700000000	2.3941201463
1.3750000000	4.4648170312
1.3800000000	7.2929408430
1.3850000000	5.0946788776
1.3900000000	2.5962923933
1.3950000000	1.5064636294
1.4000000000	0.9865859789
1.4050000000	0.6670656777
1.4100000000	0.3778676754
1.4150000000	-0.0535648282
1.4200000000	-1.0194820478
1.4250000000	-3.5789098726
1.4300000000	-4.8120698757
1.4350000000	2.2045951257
1.4400000000	2.8200164356
1.4450000000	1.6907196795
1.4500000000	1.0520324420
1.4550000000	0.7252110948
1.4600000000	0.5355254238
1.4650000000	0.3856167546
1.4700000000	0.2252692302
1.4750000000	0.2647246064
1.4800000000	0.3880942510
1.4850000000	0.3524025287
1.4900000000	0.3120445748
1.4950000000	0.2859407477
1.5000000000	0.2687926873
1.5050000000	0.2574544758
1.5100000000	0.2497413834
1.5150000000	0.2455330269
1.5200000000	0.2424310378
1.5250000000	0.2413123900
1.5300000000	0.2422802838
1.5350000000	0.2457775162
1.5400000000	0.2529086956
1.5450000000	0.2661269421
1.5500000000	0.2909459443
1.5550000000	0.3383560669
1.5600000000	0.4095223692
1.5650000000	0.4209270530
1.5700000000	0.3567041766
1.5750000000	0.3116364751
1.5800000000	0.2921934020
1.5850000000	0.2860737459
1.5900000000	0.2868636708
1.5950000000	0.2917777772
1.6000000000	0.2996025038
1.6050000000	0.3099199947
1.6100000000	0.3224182647
1.6150000000	0.3370507987
1.6200000000	0.3540506536
1.6250000000	0.3736188773
1.6300000000	0.3960859386
1.6350000000	0.4218778899
1.6400000000	0.4515395439
1.6450000000	0.4857667396
1.6500000000	0.5254329196
1.6550000000	0.5716449870
1.6600000000	0.6258370495
1.6650000000	0.6898602358
1.6700000000	0.7655144075
1.6750000000	0.8572165011
1.6800000000	0.9688706946
1.6850000000	1.1066189875
1.6900000000	1.2791818912
1.6950000000	1.4993563859
1.7000000000	1.7864068691
1.7050000000	2.1824004995
1.7100000000	2.7348816843
1.7150000000	3.5379241271
1.7200000000	4.7617868851
1.7250000000	6.7033951342
1.7300000000	9.6871167835
1.7350000000	13.5162175345
1.7400000000	18.3568398973
1.7450000000	26.8513183338
1.7500000000	37.8779129786
1.7550000000	38.4872279748
1.7600000000	27.0012377066
1.7650000000	16.8192479079
1.7700000000	10.7817967548
1.7750000000	7.3486812448
1.7800000000	5.3198584491
1.7850000000	4.0718835774
1.7900000000	3.2979535579
1.7950000000	2.8551268421
1.8000000000	2.6764019203
1.8050000000	2.6198292665
1.8100000000	2.3308994279
1.8150000000	1.8061076733
1.8200000000	1.3868340937
1.8250000000	1.1706578246
1.8300000000	1.0191759888
1.8350000000	0.8845515458
1.8400000000	0.7747757241
1.8450000000	0.6876618772
1.8500000000	0.6174572656
1.8550000000	0.5594601827
1.8600000000	0.5061106059
1.8650000000	0.4610078522
1.8700000000	0.4154239747
1.8750000000	0.3497115804
1.8800000000	0.1999265616
1.8850000000	-0.1283504686
1.8900000000	-0.5699009921
1.8950000000	-0.6456603925
1.9000000000	0.0690911626
1.9050000000	0.7354933066
1.9100000000	0.8132542292
1.9150000000	0.6870496088
1.9200000000	0.5633575264
1.9250000000	0.4755855067
1.9300000000	0.4224309494
1.9350000000	0.3818503435
1.9400000000	0.3548560916
1.9450000000	0.3369884732
1.9500000000	0.3244996562
1.9550000000	0.3140473650
1.9600000000	0.3050202369
1.9650000000	0.2986093021
1.9700000000	0.2951852054
1.9750000000	0.2945202093
1.9800000000	0.2964295459
1.9850000000	0.3009685276
1.9900000000	0.3084351014
1.9950000000	0.3192020609
2.0000000000	0.3329893786
2.0050000000	0.3486302419
2.0100000000	0.3598494833
2.0150000000	0.3673316507
2.0200000000	0.3763536394
2.0250000000	0.3902802103
2.0300000000	0.4101015062
2.0350000000	0.4363131310
2.0400000000	0.4698150229
2.0450000000	0.5121687376
2.0500000000	0.5656170206
2.0550000000	0.6326523086
2.0600000000	0.7144835623
2.0650000000	0.8098243541
2.0700000000	0.9201069260
2.0750000000	1.0576335807
2.0800000000	1.2427152477
2.0850000000	1.4951553155
2.0900000000	1.8264709200
2.0950000000	2.2128583705
2.1000000000	2.5572370546
2.1050000000	2.7241089878
2.1100000000	2.6448594398
2.1150000000	2.4624981468
2.1200000000	2.3336009160
2.1250000000	2.3280946653
2.1300000000	2.4667248083
2.1350000000	2.7659334147
2.1400000000	3.2586537511
2.1450000000	4.0031504364
2.1500000000	5.0810136456
2.1550000000	6.5535306458
2.1600000000	8.3019524663
2.1650000000	9.7714698431
2.1700000000	10.1186935022
2.1750000000	9.0578639646
2.1800000000	7.3126493541
2.1850000000	5.6420498346
2.1900000000	4.3358881457
2.1950000000	3.3922248920
2.2000000000	2.7301663495
2.2050000000	2.2734000464
2.2100000000	1.9563104460
2.2150000000	1.7131002812
2.2200000000	1.4951703452
2.2250000000	1.2878854886
2.2300000000	1.1002042340
2.2350000000	0.9390541094
2.2400000000	0.8025655739
2.2450000000	0.6847127739
2.2500000000	0.5794978556
2.2550000000	0.4835664986
2.2600000000	0.3876335005
2.2650000000	0.3178451962
2.2700000000	0.2799369050
2.2750000000	0.2894816385
2.2800000000	0.3445436856
2.2850000000	0.4146585421
2.2900000000	0.4659815721
2.2950000000	0.4887295308
2.3000000000	0.4913328716
2.3050000000	0.4834858782
2.3100000000	0.4731484055
2.3150000000	0.4639881068
2.3200000000	0.4574550586
2.3250000000	0.4543460150
2.3300000000	0.4553058916
2.3350000000	0.4608688937
2.3400000000	0.4714912405
2.3450000000	0.4876344153
2.3500000000	0.5097872541
2.3550000000	0.5386825552
2.3600000000	0.5738458290
2.3650000000	0.6154957554
2.3700000000	0.6635164319
2.3750000000	0.7184290928
2.3800000000	0.7822159694
2.3850000000	0.8572291943
2.3900000000	0.9439889243
2.3950000000	1.0386318897
2.4000000000	1.1312265100
2.4050000000	1.2110224692
2.4100000000	1.2552510196
2.4150000000	1.2594778286
2.4200000000	1.2345160714
2.4250000000	1.1988051854
2.4300000000	1.1687105387
2.4350000000	1.1541109254
2.4400000000	1.1589483214
2.4450000000	1.1838594678
2.4500000000	1.2289237636
2.4550000000	1.2951453059
2.4600000000	1.3867698142
2.4650000000	1.5081497134
2.4700000000	1.6641317467
2.4750000000	1.8577431263
2.4800000000	2.0874563472
2.4850000000	2.3434701140
2.4900000000	2.6033640297
2.4950000000	2.8299325590
2.5000000000	2.9766184715
2.5050000000	2.9954761122
2.5100000000	2.8673611378
2.5150000000	2.6272426327
2.5200000000	2.3309950690
2.5250000000	2.0277057135
2.5300000000	1.7472962483
2.5350000000	1.5023387689
2.5400000000	1.2946841671
2.5450000000	1.1212515101
2.5500000000	0.9775761241
2.5550000000	0.8596465305
2.5600000000	0.7610374832
2.5650000000	0.6872408082
2.5700000000	0.6342161315
2.5750000000	0.6000724042
2.5800000000	0.5810196530
2.5850000000	0.5718744438
2.5900000000	0.5677722188
2.5950000000	0.5656838538
2.6000000000	0.5646326599
2.6050000000	0.5691360006
2.6100000000	0.5762704869
2.6150000000	0.5871284249
2.6200000000	0.6022901502
2.6250000000	0.6217914197
2.6300000000	0.6450817775
2.6350000000	0.6709929365
2.6400000000	0.6977398117
2.6450000000	0.7230587868
2.6500000000	0.7445525754
2.6550000000	0.7602556677
2.6600000000	0.7692550716
2.6650000000	0.7720870722
2.6700000000	0.7706237526
2.6750000000	0.7676016369
2.6800000000	0.7656723695
2.6850000000	0.7673133502
2.6900000000	0.7742498461
2.6950000000	0.7875421136
2.7000000000	0.8076985009
2.7050000000	0.8378712114
2.7100000000	0.8767030988
2.7150000000	0.9235663162
2.7200000000	0.9771630661
2.7250000000	1.0352903380
2.7300000000	1.0946222964
2.7350000000	1.1506750269
2.7400000000	1.1981150292
2.7450000000	1.2315269415
2.7500000000	1.2465459384
2.7550000000	1.2409729094
2.7600000000	1.2153697393
2.7650000000	1.1728563807
2.7700000000	1.1182070824
2.7750000000	1.0567113616
2.7800000000	0.9932195631
2.7850000000	0.9316117626
2.7900000000	0.8741374383
2.7950000000	0.8232581493
2.8000000000	0.7794831108
2.8050000000	0.7389395034
2.8100000000	0.7069738686
2.8150000000	0.6823276691
2.8200000000	0.6636337113
2.8250000000	0.6496374084
2.8300000000	0.6392724717
2.8350000000	0.6316544547
2.8400000000	0.6260360220
2.8450000000	0.6217826777
2.8500000000	0.6183849298
2.8550000000	0.6155045491
2.8600000000	0.6130270446
2.8650000000	0.6110785735
2.8700000000	0.6099939031
2.8750000000	0.6102334425
2.8800000000	0.6122813119
2.8850000000	0.6165533666
2.8900000000	0.6233331906
2.8950000000	0.6327334565
2.9000000000	0.6446769533
2.9050000000	0.6625423362
2.9100000000	0.6821340642
2.9150000000	0.7021440399
2.9200000000	0.7209191075
2.9250000000	0.7366833759
2.9300000000	0.7477879783
2.9350000000	0.7530000679
2.9400000000	0.7517413960
2.9450000000	0.7441987263
2.9500000000	0.7312539984
2.9550000000	0.7142595398
2.9600000000	0.6947530428
2.9650000000	0.6741910481
2.9700000000	0.6537713972
2.9750000000	0.6343555635
2.9800000000	0.6164739220
2.9850000000	0.6003830219
2.9900000000	0.5861425200
2.9950000000	0.5736899748
3.0000000000	0.5629018782
