# energy (eV)    P(omega), $W$ = 400 nm, $h$ = 300 nm, $s$ = 20 nm, $d/W = 5$, $E_{\rm e}$ = 200 keV
0.2000000000	0.0700596832
0.2050000000	0.0706969737
0.2100000000	0.0711456336
0.2150000000	0.0713981073
0.2200000000	0.0714438284
0.2250000000	0.0712684421
0.2300000000	0.0708530595
0.2350000000	0.0701730866
0.2400000000	0.0691968934
0.2450000000	0.0678837159
0.2500000000	0.0661814361
0.2550000000	0.0640229940
0.2600000000	0.0613219719
0.2650000000	0.0641518396
0.2700000000	0.0713402740
0.2750000000	0.0816266906
0.2800000000	0.0959585588
0.2850000000	0.1170874511
0.2900000000	0.1432675691
0.2950000000	0.1807989080
0.3000000000	0.2312516291
0.3050000000	0.3085834858
0.3100000000	0.4163041055
0.3150000000	0.6247385414
0.3200000000	0.9502718967
0.3250000000	1.1731441011
0.3300000000	1.4814478386
0.3350000000	1.9185119754
0.3400000000	2.6046137351
0.3450000000	3.7817431314
0.3500000000	6.1290391155
0.3550000000	11.5627313317
0.3600000000	28.4167789991
0.3650000000	0.1284581969
0.3700000000	13.1700989463
0.3750000000	17.3181427924
0.3800000000	8.0696373914
0.3850000000	4.5456879509
0.3900000000	2.9156486198
0.3950000000	2.0545910143
0.4000000000	1.5560395824
0.4050000000	1.2310192454
0.4100000000	1.0194238324
0.4150000000	0.8798648202
0.4200000000	0.7916603931
0.4250000000	0.7223869415
0.4300000000	0.6405312353
0.4350000000	0.5757472687
0.4400000000	0.5245103541
0.4450000000	0.4837708973
0.4500000000	0.4516072217
0.4550000000	0.4261022198
0.4600000000	0.4062060842
0.4650000000	0.3908084764
0.4700000000	0.3791743329
0.4750000000	0.3707893509
0.4800000000	0.3652047268
0.4850000000	0.3620269343
0.4900000000	0.3610232492
0.4950000000	0.3620146234
0.5000000000	0.3648480652
0.5050000000	0.3694553779
0.5100000000	0.3757806924
0.5150000000	0.3837907993
0.5200000000	0.3935022908
0.5250000000	0.4049287690
0.5300000000	0.4182379897
0.5350000000	0.4335045178
0.5400000000	0.4508626400
0.5450000000	0.4704884640
0.5500000000	0.4926311526
0.5550000000	0.5175632535
0.5600000000	0.5456165005
0.5650000000	0.5772174740
0.5700000000	0.6129550477
0.5750000000	0.6532656678
0.5800000000	0.6989659838
0.5850000000	0.7511718103
0.5900000000	0.8106357618
0.5950000000	0.8789415663
0.6000000000	0.9581815304
0.6050000000	1.0499237685
0.6100000000	1.1577630292
0.6150000000	1.2846802532
0.6200000000	1.4357926379
0.6250000000	1.6184416381
0.6300000000	1.8401142230
0.6350000000	2.1148791667
0.6400000000	2.4582579727
0.6450000000	2.8984167366
0.6500000000	3.4713345776
0.6550000000	4.2379566296
0.6600000000	5.3011875588
0.6650000000	6.8236073965
0.6700000000	9.1289115156
0.6750000000	12.8354878398
0.6800000000	19.3875514902
0.6850000000	32.5346739157
0.6900000000	65.2045258348
0.6950000000	183.0383886617
0.7000000000	887.7495023098
0.7050000000	431.6002931893
0.7100000000	110.8688657607
0.7150000000	47.1476067325
0.7200000000	25.7478720609
0.7250000000	16.1742434548
0.7300000000	11.0932810967
0.7350000000	8.0896745868
0.7400000000	6.1662760550
0.7450000000	4.8607504632
0.7500000000	3.9359415650
0.7550000000	3.2565120243
0.7600000000	2.7444112272
0.7650000000	2.3472847523
0.7700000000	2.0337943773
0.7750000000	1.7821204829
0.7800000000	1.5776019409
0.7850000000	1.4092020078
0.7900000000	1.2681220795
0.7950000000	1.1502944909
0.8000000000	1.0501093378
0.8050000000	0.9642763936
0.8100000000	0.8912068295
0.8150000000	0.8271644719
0.8200000000	0.7714087831
0.8250000000	0.7246199544
0.8300000000	0.6836642262
0.8350000000	0.6480591457
0.8400000000	0.6197048156
0.8450000000	0.5949640986
0.8500000000	0.5739865116
0.8550000000	0.5607263077
0.8600000000	0.5501044715
0.8650000000	0.5424988634
0.8700000000	0.5451447332
0.8750000000	0.5460706143
0.8800000000	0.5431303235
0.8850000000	0.5195145690
0.8900000000	0.4031645993
0.8950000000	-0.1799205331
0.9000000000	-3.3065730719
0.9050000000	-21.7266914608
0.9100000000	4.1371898387
0.9150000000	9.8002071010
0.9200000000	4.0682541802
0.9250000000	2.1164253981
0.9300000000	1.2919193840
0.9350000000	0.8979982960
0.9400000000	0.6854952744
0.9450000000	0.5677065969
0.9500000000	0.4840583629
0.9550000000	0.4280658764
0.9600000000	0.3934378261
0.9650000000	0.3648667532
0.9700000000	0.3444809543
0.9750000000	0.3305897658
0.9800000000	0.3221359743
0.9850000000	0.3205932824
0.9900000000	0.3236907199
0.9950000000	0.3361673380
1.0000000000	0.3659837582
1.0050000000	0.4355859998
1.0100000000	0.6179883313
1.0150000000	1.2431263385
1.0200000000	2.3875782596
1.0250000000	1.0852738744
1.0300000000	0.5557194457
1.0350000000	0.3978876127
1.0400000000	0.3358200796
1.0450000000	0.3067006891
1.0500000000	0.2921011666
1.0550000000	0.2844389733
1.0600000000	0.2809956946
1.0650000000	0.2803447222
1.0700000000	0.2816951244
1.0750000000	0.2847681767
1.0800000000	0.2890119027
1.0850000000	0.2947892083
1.0900000000	0.3031392953
1.0950000000	0.3128747449
1.1000000000	0.3240908854
1.1050000000	0.3368078404
1.1100000000	0.3512268354
1.1150000000	0.3675396986
1.1200000000	0.3859741194
1.1250000000	0.4067185271
1.1300000000	0.4303103200
1.1350000000	0.4571117680
1.1400000000	0.4876653461
1.1450000000	0.5226609001
1.1500000000	0.5626352766
1.1550000000	0.6092599447
1.1600000000	0.6635918694
1.1650000000	0.7270154314
1.1700000000	0.7998173570
1.1750000000	0.8736497398
1.1800000000	0.9435146831
1.1850000000	1.3113597212
1.1900000000	1.6274118417
1.1950000000	2.2309515186
1.2000000000	3.0384181449
1.2050000000	2.6651841253
1.2100000000	2.5505995996
1.2150000000	2.8395342783
1.2200000000	3.3961002791
1.2250000000	4.2508141426
1.2300000000	5.5504691752
1.2350000000	7.6063883363
1.2400000000	11.0695844472
1.2450000000	17.5907583839
1.2500000000	31.7137782195
1.2550000000	68.6503339874
1.2600000000	165.8190635769
1.2650000000	167.9677182115
1.2700000000	69.8711019038
1.2750000000	32.2525469299
1.2800000000	17.8620267374
1.2850000000	11.2326985949
1.2900000000	7.6989846859
1.2950000000	5.6111309810
1.3000000000	4.2812606420
1.3050000000	3.3858632020
1.3100000000	2.7544636421
1.3150000000	2.2982459648
1.3200000000	1.9600508873
1.3250000000	1.7055463434
1.3300000000	1.5138790959
1.3350000000	1.3722532592
1.3400000000	1.2740253856
1.3450000000	1.2173731431
1.3500000000	1.2105589922
1.3550000000	1.2723934812
1.3600000000	1.4507396990
1.3650000000	1.8673966652
1.3700000000	2.8624378585
1.3750000000	5.3381877851
1.3800000000	8.7195267421
1.3850000000	6.0912590356
1.3900000000	3.1041584234
1.3950000000	1.8011461255
1.4000000000	1.1795741839
1.4050000000	0.7975518781
1.4100000000	0.4517832484
1.4150000000	-0.0640427515
1.4200000000	-1.2189054267
1.4250000000	-4.2789896784
1.4300000000	-5.7533719940
1.4350000000	2.6358422438
1.4400000000	3.3716482920
1.4450000000	2.0214466232
1.4500000000	1.2578239015
1.4550000000	0.8670720808
1.4600000000	0.6402815438
1.4650000000	0.4610491904
1.4700000000	0.2693365085
1.4750000000	0.3165091471
1.4800000000	0.4640101421
1.4850000000	0.4213367486
1.4900000000	0.3730844301
1.4950000000	0.3418744373
1.5000000000	0.3213720177
1.5050000000	0.3078158927
1.5100000000	0.2985939786
1.5150000000	0.2935623453
1.5200000000	0.2898534594
1.5250000000	0.2885158292
1.5300000000	0.2896728113
1.5350000000	0.2938537644
1.5400000000	0.3023792610
1.5450000000	0.3181820512
1.5500000000	0.3478538521
1.5550000000	0.4045338431
1.5600000000	0.4896148249
1.5650000000	0.5032495251
1.5700000000	0.4264701741
1.5750000000	0.3725914081
1.5800000000	0.3493474994
1.5850000000	0.3420320907
1.5900000000	0.3429773217
1.5950000000	0.3488532026
1.6000000000	0.3582089117
1.6050000000	0.3705449177
1.6100000000	0.3854882459
1.6150000000	0.4029833030
1.6200000000	0.4233087470
1.6250000000	0.4467049643
1.6300000000	0.4735670747
1.6350000000	0.5044044781
1.6400000000	0.5398685662
1.6450000000	0.5807912993
1.6500000000	0.6282169842
1.6550000000	0.6834690574
1.6600000000	0.7482621670
1.6650000000	0.8248095596
1.6700000000	0.9152631872
1.6750000000	1.0249040248
1.6800000000	1.1583999873
1.6850000000	1.3230945724
1.6900000000	1.5294141920
1.6950000000	1.7926591753
1.7000000000	2.1358624148
1.7050000000	2.6093202333
1.7100000000	3.2698776579
1.7150000000	4.2300110658
1.7200000000	5.6932855144
1.7250000000	8.0147105601
1.7300000000	11.5821070721
1.7350000000	16.1602571419
1.7400000000	21.9478062779
1.7450000000	32.1039823871
1.7500000000	45.2876097654
1.7550000000	46.0161233662
1.7600000000	32.2832382396
1.7650000000	20.1094409514
1.7700000000	12.8909389599
1.7750000000	8.7862341219
1.7800000000	6.3605303419
1.7850000000	4.8684239046
1.7900000000	3.9430942428
1.7950000000	3.4136366603
1.8000000000	3.1999419388
1.8050000000	3.1322944924
1.8100000000	2.7868447262
1.8150000000	2.1594016959
1.8200000000	1.6581169723
1.8250000000	1.3996555059
1.8300000000	1.2185425859
1.8350000000	1.0575843307
1.8400000000	0.9263351915
1.8450000000	0.8221808491
1.8500000000	0.7382433302
1.8550000000	0.6689012669
1.8600000000	0.6051158054
1.8650000000	0.5511904390
1.8700000000	0.4966899083
1.8750000000	0.4181233635
1.8800000000	0.2390375385
1.8850000000	-0.1534579646
1.8900000000	-0.6813862893
1.8950000000	-0.7719663920
1.9000000000	0.0826066561
1.9050000000	0.8793721172
1.9100000000	0.9723446954
1.9150000000	0.8214514074
1.9200000000	0.6735621461
1.9250000000	0.5686196874
1.9300000000	0.5050665783
1.9350000000	0.4565470280
1.9400000000	0.4242714304
1.9450000000	0.4029076609
1.9500000000	0.3879750749
1.9550000000	0.3754781608
1.9600000000	0.3646858562
1.9650000000	0.3570215750
1.9700000000	0.3529282047
1.9750000000	0.3521334711
1.9800000000	0.3544165238
1.9850000000	0.3598435391
1.9900000000	0.3687707736
1.9950000000	0.3816439539
2.0000000000	0.3981282754
2.0050000000	0.4168286930
2.0100000000	0.4302425489
2.0150000000	0.4391883427
2.0200000000	0.4499752040
2.0250000000	0.4666260656
2.0300000000	0.4903247462
2.0350000000	0.5216637925
2.0400000000	0.5617191854
2.0450000000	0.6123579417
2.0500000000	0.6762615073
2.0550000000	0.7564098340
2.0600000000	0.8542483002
2.0650000000	0.9682387709
2.0700000000	1.1000935934
2.0750000000	1.2645215160
2.0800000000	1.4858064996
2.0850000000	1.7876256484
2.0900000000	2.1837489397
2.0950000000	2.6457166011
2.1000000000	3.0574586780
2.1050000000	3.2569732767
2.1100000000	3.1622244870
2.1150000000	2.9441955244
2.1200000000	2.7900892876
2.1250000000	2.7835110058
2.1300000000	2.9492644228
2.1350000000	3.3070084275
2.1400000000	3.8961191711
2.1450000000	4.7862594761
2.1500000000	6.0749805732
2.1550000000	7.8355588380
2.1600000000	9.9260150937
2.1650000000	11.6830062842
2.1700000000	12.0981559024
2.1750000000	10.8298028631
2.1800000000	8.7431822891
2.1850000000	6.7457733375
2.1900000000	5.1840952544
2.1950000000	4.0558293308
2.2000000000	3.2642571460
2.2050000000	2.7181376783
2.2100000000	2.3390191267
2.2150000000	2.0482320832
2.2200000000	1.7876695993
2.2250000000	1.5398336560
2.2300000000	1.3154358976
2.2350000000	1.1227595166
2.2400000000	0.9595693947
2.2450000000	0.8186608552
2.2500000000	0.6928626434
2.2550000000	0.5781641600
2.2600000000	0.4634636770
2.2650000000	0.3800223823
2.2700000000	0.3346976407
2.2750000000	0.3461090773
2.2800000000	0.4119423466
2.2850000000	0.4957731930
2.2900000000	0.5571359622
2.2950000000	0.5843334941
2.3000000000	0.5874454826
2.3050000000	0.5780627089
2.3100000000	0.5657023534
2.3150000000	0.5547497034
2.3200000000	0.5469385544
2.3250000000	0.5432214358
2.3300000000	0.5443692729
2.3350000000	0.5510206526
2.3400000000	0.5637209762
2.3450000000	0.5830219753
2.3500000000	0.6095081042
2.3550000000	0.6440555139
2.3600000000	0.6860969041
2.3650000000	0.7358937559
2.3700000000	0.7933075158
2.3750000000	0.8589613885
2.3800000000	0.9352253353
2.3850000000	1.0249115620
2.3900000000	1.1286419591
2.3950000000	1.2417975924
2.4000000000	1.3525042476
2.4050000000	1.4479088692
2.4100000000	1.5007891068
2.4150000000	1.5058432703
2.4200000000	1.4759996408
2.4250000000	1.4333044592
2.4300000000	1.3973242214
2.4350000000	1.3798700910
2.4400000000	1.3856551769
2.4450000000	1.4154408638
2.4500000000	1.4693221873
2.4550000000	1.5484997369
2.4600000000	1.6580497854
2.4650000000	1.8031761642
2.4700000000	1.9896737091
2.4750000000	2.2211617705
2.4800000000	2.4958139783
2.4850000000	2.8019116094
2.4900000000	3.1126482322
2.4950000000	3.3835399418
2.5000000000	3.5589217004
2.5050000000	3.5814684478
2.5100000000	3.4282907370
2.5150000000	3.1411985762
2.5200000000	2.7869970000
2.5250000000	2.4243760602
2.5300000000	2.0891109213
2.5350000000	1.7962331134
2.5400000000	1.5479556032
2.5450000000	1.3405947502
2.5500000000	1.1688124593
2.5550000000	1.0278124941
2.5600000000	0.9099126544
2.5650000000	0.8216791107
2.5700000000	0.7582810799
2.5750000000	0.7174575737
2.5800000000	0.6946772047
2.5850000000	0.6837425303
2.5900000000	0.6788373713
2.5950000000	0.6763400366
2.6000000000	0.6750827742
2.6050000000	0.6804665958
2.6100000000	0.6889962355
2.6150000000	0.7019776481
2.6200000000	0.7201046784
2.6250000000	0.7434200769
2.6300000000	0.7712657267
2.6350000000	0.8022448411
2.6400000000	0.8342232026
2.6450000000	0.8644944667
2.6500000000	0.8901924728
2.6550000000	0.9089672827
2.6600000000	0.9197273334
2.6650000000	0.9231137963
2.6700000000	0.9213649146
2.6750000000	0.9177524507
2.6800000000	0.9154466897
2.6850000000	0.9174095994
2.6900000000	0.9257039043
2.6950000000	0.9415972501
2.7000000000	0.9656974243
2.7050000000	1.0017733551
2.7100000000	1.0482023270
2.7150000000	1.1042336795
2.7200000000	1.1683157422
2.7250000000	1.2378145435
2.7300000000	1.3087536350
2.7350000000	1.3757719400
2.7400000000	1.4324925793
2.7450000000	1.4724408128
2.7500000000	1.4903979387
2.7550000000	1.4837346517
2.7600000000	1.4531227516
2.7650000000	1.4022925434
2.7700000000	1.3369522467
2.7750000000	1.2634261577
2.7800000000	1.1875134644
2.7850000000	1.1138533008
2.7900000000	1.0451352031
2.7950000000	0.9843022781
2.8000000000	0.9319633647
2.8050000000	0.8834879770
2.8100000000	0.8452686382
2.8150000000	0.8158006230
2.8200000000	0.7934492922
2.8250000000	0.7767146419
2.8300000000	0.7643217999
2.8350000000	0.7552133066
2.8400000000	0.7484956341
2.8450000000	0.7434101677
2.8500000000	0.7393477477
2.8550000000	0.7359039800
2.8600000000	0.7329419716
2.8650000000	0.7306125493
2.8700000000	0.7293159541
2.8750000000	0.7296026465
2.8800000000	0.7320514334
2.8850000000	0.7371595083
2.8900000000	0.7452659174
2.8950000000	0.7565053681
2.9000000000	0.7707855372
2.9050000000	0.7921460548
2.9100000000	0.8155705808
2.9150000000	0.8394951224
2.9200000000	0.8619431274
2.9250000000	0.8807912988
2.9300000000	0.8940682136
2.9350000000	0.9002998544
2.9400000000	0.8987948581
2.9450000000	0.8897765309
2.9500000000	0.8742993488
2.9550000000	0.8539801959
2.9600000000	0.8306575839
2.9650000000	0.8060729966
2.9700000000	0.7816586097
2.9750000000	0.7584444284
2.9800000000	0.7370645861
2.9850000000	0.7178258219
2.9900000000	0.7007994657
2.9950000000	0.6859108614
3.0000000000	0.6730123387
