# $W$ = 300 nm, $h$ = 300 nm, $s$ = 20 nm, $d/W = 5$, $E_{\rm e}$ = 200 keV
0.2346583865
0.2383458647
0.2394003305
0.2621225302
0.2624060150
0.2684210526
0.2704531522
0.2869995728
0.2924812030
0.2944597324
0.3098846327
0.3105263158
0.3165413534
0.3191873345
0.3312068063
0.3345864662
0.3360662954
0.3512141095
0.3526315789
0.3586466165
0.3621375040
0.3701375260
0.3706766917
0.3766917293
0.3800027557
0.3881498064
0.3887218045
0.3947368421
0.3982993778
0.4053709324
0.4067669173
0.4127819549
0.4170551918
0.4218874806
0.4248120301
0.4308270677
0.4362934709
0.4377644333
0.4428571429
0.4488721805
0.4531029915
0.4548872180
0.4609022556
0.4662438850
0.4679260031
0.4729323308
0.4789473684
0.4823084154
0.4849624060
0.4909774436
0.4962548903
0.4969924812
0.5030075188
0.5090225564
0.5098307613
0.5150375940
0.5210526316
0.5230619237
0.5270676692
0.5330827068
0.5359609418
0.5390977444
0.5451127820
0.5485544562
0.5511278195
0.5571428571
0.5608649412
0.5631578947
0.5691729323
0.5729114896
0.5751879699
0.5812030075
0.5847104374
0.5872180451
0.5932330827
0.5962758645
0.5992481203
0.6052631579
0.6076199965
0.6112781955
0.6172932331
0.6187535281
0.6233082707
0.6293233083
0.6296858858
0.6353383459
0.6404437677
0.6413533835
0.6473684211
0.6510259607
0.6533834586
0.6593984962
0.6614315029
0.6654135338
0.6714285714
0.6716661920
0.6774436090
0.6817671810
0.6834586466
0.6894736842
0.6917129884
0.6954887218
0.7015034075
0.7015037594
0.7075187970
0.7111846746
0.7135338346
0.7195488722
0.7207185957
0.7255639098
0.7301340282
0.7315789474
0.7375939850
0.7394294327
0.7436090226
0.7486045407
0.7496240602
0.7556390977
0.7576761286
0.7616541353
0.7666323719
0.7676691729
0.7736842105
0.7754923173
0.7796992481
0.7842478608
0.7857142857
0.7917293233
0.7929063816
0.7977443609
0.8014767002
0.8037593985
0.8097744361
0.8099424946
0.8157894737
0.8183408561
0.8218045113
0.8266398080
0.8278195489
0.8338345865
0.8348592883
0.8398496241
0.8430045402
0.8458646617
0.8510609265
0.8518796992
0.8578947368
0.8590492048
0.8639097744
0.8669666245
0.8699248120
0.8748039221
0.8759398496
0.8819548872
0.8825730259
0.8879699248
0.8902833716
0.8939849624
0.8979209071
0.9000000000
0.9054881528
0.9060150376
0.9120300752
0.9130011267
0.9180451128
0.9204549688
0.9240601504
0.9278443233
0.9300751880
0.9351712350
0.9360902256
0.9421052632
0.9424422130
0.9481203008
0.9496663092
0.9541353383
0.9568326264
0.9601503759
0.9639428420
0.9661654135
0.9709985499
0.9721804511
0.9780012661
0.9781954887
0.9842105263
0.9849622079
0.9902255639
0.9918748020
0.9962406015
0.9987378064
1.0022556391
1.0055524837
1.0082706767
1.0123200378
1.0142857143
1.0190416168
1.0203007519
1.0257183165
1.0263157895
1.0323308271
1.0323514376
1.0383458647
1.0389486425
1.0443609023
1.0455033876
1.0503759398
1.0520166010
1.0563909774
1.0584891708
1.0624060150
1.0649219469
1.0684210526
1.0713157431
1.0744360902
1.0776713390
1.0804511278
1.0839894819
1.0864661654
1.0902708882
1.0924812030
1.0965162450
1.0984962406
1.1027262119
1.1045112782
1.1089014220
1.1105263158
1.1150424833
1.1165413534
1.1211499803
1.1225563910
1.1272244747
1.1285714286
1.1332665067
1.1345864662
1.1392765962
1.1406015038
1.1452552438
1.1466165414
1.1512029311
1.1526315789
1.1571201230
1.1586466165
1.1630072668
1.1646616541
1.1688647945
1.1706766917
1.1746931225
1.1766917293
1.1804926529
1.1827067669
1.1862637742
1.1887218045
1.1920068616
1.1947368421
1.1977222777
1.2007518797
1.2034103735
1.2067669173
1.2090714884
1.2127819549
1.2147059508
1.2187969925
1.2203140792
1.2248120301
1.2258961818
1.2308270677
1.2314525574
1.2368421053
1.2369834961
1.2424930596
1.2428571429
1.2479793921
1.2488721805
1.2534412895
1.2548872180
1.2588790026
1.2609022556
1.2642927752
1.2669172932
1.2696828442
1.2729323308
1.2750494401
1.2789473684
1.2803927875
1.2849624060
1.2857131051
1.2909774436
1.2910106058
1.2962924553
1.2969924812
1.3015523516
1.3030075188
1.3067901584
1.3090225564
1.3120060629
1.3150375940
1.3172002486
1.3210526316
1.3223728943
1.3270676692
1.3275241749
1.3326583678
1.3330827068
1.3377760259
1.3390977444
1.3428729044
1.3451127820
1.3479491593
1.3511278195
1.3530049436
1.3571428571
1.3580404074
1.3630566564
1.3631578947
1.3680614125
1.3691729323
1.3730463366
1.3751879699
1.3780115641
1.3812030075
1.3829572282
1.3872180451
1.3878834596
1.3927944472
1.3932330827
1.3976924375
1.3992481203
1.4025714066
1.4052631579
1.4074314741
1.4112781955
1.4122727576
1.4170971585
1.4172932331
1.4219120581
1.4233082707
1.4267085310
1.4293233083
1.4314866859
1.4353383459
1.4362466301
1.4409917061
1.4413533835
1.4457268944
1.4473684211
1.4504441839
1.4533834586
1.4551436749
1.4593984962
1.4598254664
1.4644977061
1.4654135338
1.4691561732
1.4714285714
1.4737972151
1.4774436090
1.4784209249
1.4830311111
1.4834586466
1.4876326050
1.4894736842
1.4922170138
1.4954887218
1.4967844258
1.5013363670
1.5015037594
1.5058825670
1.5075187970
1.5104119936
1.5135338346
1.5149247310
1.5194219408
1.5195488722
1.5239143770
1.5255639098
1.5283903269
1.5315789474
1.5328498715
1.5372955941
1.5375939850
1.5417356653
1.5436090226
1.5461595163
1.5496240602
1.5505672254
1.5549644587
1.5556390977
1.5593534478
1.5616541353
1.5637264649
1.5676691729
1.5680835862
1.5724351025
1.5736842105
1.5767741909
1.5796992481
1.5810975399
1.5854077169
1.5857142857
1.5897135888
1.5917293233
1.5940038676
1.5977443609
1.5982786267
1.6025476628
1.6037593985
1.6068055277
1.6097744361
1.6110480091
1.6152792485
1.6157894737
1.6195053135
1.6218045113
1.6237161232
1.6278195489
1.6279117488
1.6321058642
1.6338345865
1.6362855706
1.6398496241
1.6404502135
1.6446096754
1.6458646617
1.6487588118
1.6518796992
1.6528929991
1.6570191089
1.6578947368
1.6611381767
1.6639097744
1.6652424043
1.6693364016
1.6699248120
1.6734258724
1.6759398496
1.6775006072
1.6815636735
1.6819548872
1.6856239918
1.6879699248
1.6896696740
1.6937029356
1.6939849624
1.6977345210
1.7000000000
1.7017515662
1.7057560972
1.7060150376
1.7097593459
1.7120300752
1.7137481472
1.7177249721
1.7180451128
1.7217002594
1.7240601504
1.7256611889
1.7296112852
1.7300751880
1.7335589666
1.7360902256
1.7374923773
1.7414166779
1.7421052632
1.7453370908
1.7481203008
1.7492433180
1.7531427135
1.7541353383
1.7570361788
1.7601503759
1.7609155413
1.7647908822
1.7661654135
1.7686577055
1.7721804511
1.7725105073
1.7763626057
1.7781954887
1.7802030784
1.7840309074
1.7842105263
1.7878592413
1.7902255639
1.7916736419
1.7954796352
1.7962406015
1.7992820862
1.8022556391
1.8030706811
1.8068555566
1.8082706767
1.8106323808
1.8142857143
1.8143954253
1.8181598693
1.8203007519
1.8219113126
1.8256537213
1.8263157895
1.8293937203
1.8323308271
1.8331200192
1.8368432015
1.8383458647
1.8405582092
1.8442602944
1.8443609023
1.8479641543
1.8503759398
1.8516543905
1.8553383729
1.8563909774
1.8590176001
1.8624060150
1.8626832770
1.8663497189
1.8684210526
1.8700045187
1.8736512333
1.8744360902
1.8772952811
1.8804511278
1.8809258524
1.8845560328
1.8864661654
1.8881759720
1.8917872303
1.8924812030
1.8953966522
1.8984962406
1.8989926701
1.9025883333
1.9045112782
1.9061739431
1.9097514446
1.9105263158
1.9133267517
1.9165413534
1.9168887269
1.9204515100
1.9225563910
1.9240032822
1.9275486218
1.9285714286
1.9310902880
1.9345864662
1.9346186941
1.9381501341
1.9406015038
1.9416685255
1.9451832009
1.9466165414
1.9486916668
1.9521898591
1.9526315789
1.9556884855
1.9586466165
1.9591739220
1.9626593402
1.9646616541
1.9661350175
1.9696045806
1.9706766917
1.9730705779
1.9765245480
1.9766917293
1.9799809415
1.9827067669
1.9834242158
1.9868664386
1.9887218045
1.9903001802
1.9937273913
1.9947368421
1.9971516708
2.0005641143
2.0007518797
2.0039789994
2.0067669173
2.0073808373
2.0107824708
2.0127819549
2.0141749777
2.0175623823
2.0187969925
2.0209456212
2.0243190246
2.0248120301
2.0276930557
2.0308270677
2.0310541139
2.0344175630
2.0368421053
2.0377694705
2.0411194180
2.0428571429
2.0444622309
2.0477988895
2.0488721805
2.0511326619
2.0544562399
2.0548872180
2.0577810240
2.0609022556
2.0610929114
2.0644075720
2.0669172932
2.0677105209
2.0710125549
2.0729323308
2.0743066138
2.0775962161
2.0789473684
2.0808814319
2.0841587935
2.0849624060
2.0874352113
2.0907005198
2.0909774436
2.0939681832
2.0969924812
2.0972230315
2.1004805735
2.1030075188
2.1037267103
2.1069726034
2.1090225564
2.1102100693
2.1134444891
2.1150375940
2.1166733234
2.1198964420
2.1210526316
2.1231166828
2.1263286692
2.1270676692
2.1295403532
2.1327413733
2.1330827068
2.1359445359
2.1390977444
2.1391349754
2.1423294278
2.1451127820
2.1455113826
2.1486952217
2.1511278195
2.1518687252
2.1550421066
2.1571428571
2.1582071910
2.1613702672
2.1631578947
2.1645269637
2.1676798846
2.1691729323
2.1708282233
2.1739711359
2.1751879699
2.1771111460
2.1802441947
2.1812030075
2.1833759045
2.1864992311
2.1872180451
2.1896226678
2.1927364116
2.1932330827
2.1958516018
2.1989558994
2.1992481203
2.2020628686
2.2051578544
2.2052631579
2.2082566275
2.2112781955
2.2113428075
2.2144330342
2.2172932331
2.2175110483
2.2205922417
2.2233082707
2.2236621135
2.2267343997
2.2293233083
2.2297961522
2.2328596551
2.2353383459
2.2359133105
2.2389681518
2.2413533835
2.2420137318
2.2450600311
2.2473684211
2.2480975568
2.2511354313
2.2533834586
2.2541649230
2.2571944882
2.2593984962
2.2602159660
2.2632373353
2.2654135338
2.2662508184
2.2692641029
2.2714285714
2.2722696103
2.2752749194
2.2774436090
2.2782724693
2.2812699106
2.2834586466
2.2842595210
2.2872491999
2.2894736842
2.2902308881
2.2932129086
2.2954887218
2.2961866916
2.2991611554
2.3015037594
2.3021270498
2.3050940572
2.3075187970
2.3080520793
2.3110117286
2.3135338346
2.3139618941
2.3169142822
2.3195488722
2.3198566066
2.3228018284
2.3255639098
2.3257363268
2.3286744760
2.3315789474
2.3316011631
2.3345323314
2.3374520043
2.3375939850
2.3403754994
2.3432883695
2.3436090226
2.3462040830
