# EELS for $d = 0.1$ $\mu$m, $\epsilon_2 = \epsilon_{Si}(\omega)$, $\beta$ = 0.70. Re(EELS) from paper 149 Eq. 25 divided by L/c and in Gaussian units (dimensionless) 
0.0100000000
1.0200000000
2.0300000000
3.0400000000
4.0500000000
5.0600000000
6.0700000000
7.0800000000
8.0900000000
9.1000000000
10.1100000000
11.1200000000
12.1300000000
13.1400000000
14.1500000000
15.1600000000
16.1700000000
17.1800000000
18.1900000000
19.2000000000
20.2100000000
21.2200000000
22.2300000000
23.2400000000
24.2500000000
25.2600000000
26.2700000000
27.2800000000
28.2900000000
29.3000000000
30.3100000000
31.3200000000
32.3300000000
33.3400000000
34.3500000000
35.3600000000
36.3700000000
37.3800000000
38.3900000000
39.4000000000
40.4100000000
41.4200000000
42.4300000000
43.4400000000
44.4500000000
45.4600000000
46.4700000000
47.4800000000
48.4900000000
49.5000000000
50.5100000000
51.5200000000
52.5300000000
53.5400000000
54.5500000000
55.5600000000
56.5700000000
57.5800000000
58.5900000000
59.6000000000
60.6100000000
61.6200000000
62.6300000000
63.6400000000
64.6500000000
65.6600000000
66.6700000000
67.6800000000
68.6900000000
69.7000000000
70.7100000000
71.7200000000
72.7300000000
73.7400000000
74.7500000000
75.7600000000
76.7700000000
77.7800000000
78.7900000000
79.8000000000
80.8100000000
81.8200000000
82.8300000000
83.8400000000
84.8500000000
85.8600000000
86.8700000000
87.8800000000
88.8900000000
89.9000000000
90.9100000000
91.9200000000
92.9300000000
93.9400000000
94.9500000000
95.9600000000
96.9700000000
97.9800000000
98.9900000000
100.0000000000
