1.06 1.4382 0 150.015 4.59614e-07
1.06 1.4382 0 151.017 8.14401e-07
1.06 1.4382 0 152.02 8.2157e-07
1.06 1.4382 0 153.022 7.92433e-07
1.06 1.4382 0 154.025 7.66422e-07
1.06 1.4382 0 155.027 7.43976e-07
1.06 1.4382 0 156.03 7.24014e-07
1.06 1.4382 0 157.032 7.05849e-07
1.06 1.4382 0 158.035 6.89062e-07
1.06 1.4382 0 159.037 6.73375e-07
1.06 1.4382 0 160.04 6.58599e-07
1.06 1.4382 0 161.042 6.44594e-07
1.06 1.4382 0 162.045 6.31256e-07
1.06 1.4382 0 163.047 6.18504e-07
1.06 1.4382 0 164.05 6.06274e-07
1.06 1.4382 0 165.052 5.94514e-07
1.06 1.4382 0 166.054 5.83182e-07
1.06 1.4382 0 167.057 5.7224e-07
1.06 1.4382 0 168.059 5.61658e-07
1.06 1.4382 0 169.062 5.51411e-07
1.06 1.4382 0 170.064 5.41475e-07
1.06 1.4382 0 171.067 5.31829e-07
1.06 1.4382 0 172.069 5.22457e-07
1.06 1.4382 0 173.072 5.13343e-07
1.06 1.4382 0 174.074 5.04472e-07
1.06 1.4382 0 175.077 4.95831e-07
1.06 1.4382 0 176.079 4.8741e-07
1.06 1.4382 0 177.082 4.79197e-07
1.06 1.4382 0 178.084 4.71183e-07
1.06 1.4382 0 179.087 4.63359e-07
1.06 1.4382 0 180.089 4.55717e-07
1.06 1.4382 0 181.092 4.4825e-07
1.06 1.4382 0 182.094 4.40949e-07
1.06 1.4382 0 183.096 4.33809e-07
1.06 1.4382 0 184.099 4.26824e-07
1.06 1.4382 0 185.101 4.19989e-07
1.06 1.4382 0 186.104 4.13296e-07
1.06 1.4382 0 187.106 4.06743e-07
1.06 1.4382 0 188.109 4.00323e-07
1.06 1.4382 0 189.111 3.94033e-07
1.06 1.4382 0 190.114 3.87868e-07
1.06 1.4382 0 191.116 3.81825e-07
1.06 1.4382 0 192.119 3.75899e-07
1.06 1.4382 0 193.121 3.70088e-07
1.06 1.4382 0 194.124 3.64387e-07
1.06 1.4382 0 195.126 3.58793e-07
1.06 1.4382 0 196.129 3.53304e-07
1.06 1.4382 0 197.131 3.47917e-07
1.06 1.4382 0 198.133 3.42628e-07
1.06 1.4382 0 199.136 3.37435e-07
1.06 1.4382 0 200.138 3.32336e-07
1.06 1.4382 0 201.141 3.27328e-07
1.06 1.4382 0 202.143 3.22408e-07
1.06 1.4382 0 203.146 3.17575e-07
1.06 1.4382 0 204.148 3.12826e-07
1.06 1.4382 0 205.151 3.0816e-07
1.06 1.4382 0 206.153 3.03574e-07
1.06 1.4382 0 207.156 2.99066e-07
1.06 1.4382 0 208.158 2.94635e-07
1.06 1.4382 0 209.161 2.90279e-07
1.06 1.4382 0 210.163 2.85995e-07
1.06 1.4382 0 211.166 2.81784e-07
1.06 1.4382 0 212.168 2.77642e-07
1.06 1.4382 0 213.171 2.73568e-07
1.06 1.4382 0 214.173 2.69561e-07
1.06 1.4382 0 215.175 2.6562e-07
1.06 1.4382 0 216.178 2.61743e-07
1.06 1.4382 0 217.18 2.57928e-07
1.06 1.4382 0 218.183 2.54175e-07
1.06 1.4382 0 219.185 2.50482e-07
1.06 1.4382 0 220.188 2.46848e-07
1.06 1.4382 0 221.19 2.43272e-07
1.06 1.4382 0 222.193 2.39753e-07
1.06 1.4382 0 223.195 2.36289e-07
1.06 1.4382 0 224.198 2.32879e-07
1.06 1.4382 0 225.2 2.29523e-07
1.06 1.4382 0 226.203 2.26219e-07
1.06 1.4382 0 227.205 2.22966e-07
1.06 1.4382 0 228.208 2.19764e-07
1.06 1.4382 0 229.21 2.16612e-07
1.06 1.4382 0 230.212 2.13508e-07
1.06 1.4382 0 231.215 2.10452e-07
1.06 1.4382 0 232.217 2.07442e-07
1.06 1.4382 0 233.22 2.04479e-07
1.06 1.4382 0 234.222 2.01561e-07
1.06 1.4382 0 235.225 1.98687e-07
1.06 1.4382 0 236.227 1.95856e-07
1.06 1.4382 0 237.23 1.93069e-07
1.06 1.4382 0 238.232 1.90323e-07
1.06 1.4382 0 239.235 1.87619e-07
1.06 1.4382 0 240.237 1.84955e-07
1.06 1.4382 0 241.24 1.82332e-07
1.06 1.4382 0 242.242 1.79747e-07
1.06 1.4382 0 243.245 1.77202e-07
1.06 1.4382 0 244.247 1.74694e-07
1.06 1.4382 0 245.25 1.72223e-07
1.06 1.4382 0 246.252 1.6979e-07
1.06 1.4382 0 247.254 1.67392e-07
1.06 1.4382 0 248.257 1.6503e-07
1.06 1.4382 0 249.259 1.62702e-07
1.06 1.4382 0 250.262 1.60409e-07
1.06 1.4382 0 251.264 1.5815e-07
1.06 1.4382 0 252.267 1.55924e-07
1.06 1.4382 0 253.269 1.5373e-07
1.06 1.4382 0 254.272 1.51569e-07
1.06 1.4382 0 255.274 1.4944e-07
1.06 1.4382 0 256.277 1.47341e-07
1.06 1.4382 0 257.279 1.45274e-07
1.06 1.4382 0 258.282 1.43236e-07
1.06 1.4382 0 259.284 1.41228e-07
1.06 1.4382 0 260.287 1.3925e-07
1.06 1.4382 0 261.289 1.373e-07
1.06 1.4382 0 262.291 1.35378e-07
1.06 1.4382 0 263.294 1.33485e-07
1.06 1.4382 0 264.296 1.31619e-07
1.06 1.4382 0 265.299 1.29779e-07
1.06 1.4382 0 266.301 1.27967e-07
1.06 1.4382 0 267.304 1.2618e-07
1.06 1.4382 0 268.306 1.2442e-07
1.06 1.4382 0 269.309 1.22685e-07
1.06 1.4382 0 270.311 1.20975e-07
1.06 1.4382 0 271.314 1.19289e-07
1.06 1.4382 0 272.316 1.17628e-07
1.06 1.4382 0 273.319 1.1599e-07
1.06 1.4382 0 274.321 1.14376e-07
1.06 1.4382 0 275.324 1.12786e-07
1.06 1.4382 0 276.326 1.11218e-07
1.06 1.4382 0 277.329 1.09672e-07
1.06 1.4382 0 278.331 1.08149e-07
1.06 1.4382 0 279.333 1.06647e-07
1.06 1.4382 0 280.336 1.05167e-07
1.06 1.4382 0 281.338 1.03709e-07
1.06 1.4382 0 282.341 1.02271e-07
1.06 1.4382 0 283.343 1.00853e-07
1.06 1.4382 0 284.346 9.94557e-08
1.06 1.4382 0 285.348 9.80784e-08
1.06 1.4382 0 286.351 9.67206e-08
1.06 1.4382 0 287.353 9.53822e-08
1.06 1.4382 0 288.356 9.40628e-08
1.06 1.4382 0 289.358 9.27622e-08
1.06 1.4382 0 290.361 9.14801e-08
1.06 1.4382 0 291.363 9.02162e-08
1.06 1.4382 0 292.366 8.89702e-08
1.06 1.4382 0 293.368 8.77419e-08
1.06 1.4382 0 294.37 8.65311e-08
1.06 1.4382 0 295.373 8.53374e-08
1.06 1.4382 0 296.375 8.41606e-08
1.06 1.4382 0 297.378 8.30005e-08
1.06 1.4382 0 298.38 8.18568e-08
1.06 1.4382 0 299.383 8.07293e-08
1.06 1.4382 0 300.385 7.96177e-08
1.06 1.4382 0 301.388 7.85218e-08
1.06 1.4382 0 302.39 7.74414e-08
1.06 1.4382 0 303.393 7.63763e-08
1.06 1.4382 0 304.395 7.53262e-08
1.06 1.4382 0 305.398 7.42909e-08
1.06 1.4382 0 306.4 7.32702e-08
1.06 1.4382 0 307.403 7.22639e-08
1.06 1.4382 0 308.405 7.12718e-08
1.06 1.4382 0 309.408 7.02937e-08
1.06 1.4382 0 310.41 6.93293e-08
1.06 1.4382 0 311.412 6.83785e-08
1.06 1.4382 0 312.415 6.74411e-08
1.06 1.4382 0 313.417 6.65168e-08
1.06 1.4382 0 314.42 6.56055e-08
1.06 1.4382 0 315.422 6.4707e-08
1.06 1.4382 0 316.425 6.38212e-08
1.06 1.4382 0 317.427 6.29478e-08
1.06 1.4382 0 318.43 6.20866e-08
1.06 1.4382 0 319.432 6.12375e-08
1.06 1.4382 0 320.435 6.04003e-08
1.06 1.4382 0 321.437 5.95749e-08
1.06 1.4382 0 322.44 5.8761e-08
1.06 1.4382 0 323.442 5.79585e-08
1.06 1.4382 0 324.445 5.71672e-08
1.06 1.4382 0 325.447 5.6387e-08
1.06 1.4382 0 326.449 5.56177e-08
1.06 1.4382 0 327.452 5.48592e-08
1.06 1.4382 0 328.454 5.41112e-08
1.06 1.4382 0 329.457 5.33738e-08
1.06 1.4382 0 330.459 5.26466e-08
1.06 1.4382 0 331.462 5.19295e-08
1.06 1.4382 0 332.464 5.12225e-08
1.06 1.4382 0 333.467 5.05253e-08
1.06 1.4382 0 334.469 4.98379e-08
1.06 1.4382 0 335.472 4.916e-08
1.06 1.4382 0 336.474 4.84916e-08
1.06 1.4382 0 337.477 4.78325e-08
1.06 1.4382 0 338.479 4.71826e-08
1.06 1.4382 0 339.482 4.65417e-08
1.06 1.4382 0 340.484 4.59097e-08
1.06 1.4382 0 341.487 4.52865e-08
1.06 1.4382 0 342.489 4.4672e-08
1.06 1.4382 0 343.491 4.4066e-08
1.06 1.4382 0 344.494 4.34685e-08
1.06 1.4382 0 345.496 4.28792e-08
1.06 1.4382 0 346.499 4.22981e-08
1.06 1.4382 0 347.501 4.17251e-08
1.06 1.4382 0 348.504 4.116e-08
1.06 1.4382 0 349.506 4.06028e-08
1.06 1.4382 0 350.509 4.00533e-08
1.06 1.4382 0 351.511 3.95114e-08
1.06 1.4382 0 352.514 3.8977e-08
1.06 1.4382 0 353.516 3.845e-08
1.06 1.4382 0 354.519 3.79304e-08
1.06 1.4382 0 355.521 3.74179e-08
1.06 1.4382 0 356.524 3.69125e-08
1.06 1.4382 0 357.526 3.6414e-08
1.06 1.4382 0 358.528 3.59225e-08
1.06 1.4382 0 359.531 3.54378e-08
1.06 1.4382 0 360.533 3.49597e-08
1.06 1.4382 0 361.536 3.44883e-08
1.06 1.4382 0 362.538 3.40234e-08
1.06 1.4382 0 363.541 3.35648e-08
1.06 1.4382 0 364.543 3.31126e-08
1.06 1.4382 0 365.546 3.26667e-08
1.06 1.4382 0 366.548 3.22269e-08
1.06 1.4382 0 367.551 3.17931e-08
1.06 1.4382 0 368.553 3.13654e-08
1.06 1.4382 0 369.556 3.09435e-08
1.06 1.4382 0 370.558 3.05274e-08
1.06 1.4382 0 371.561 3.01171e-08
1.06 1.4382 0 372.563 2.97124e-08
1.06 1.4382 0 373.566 2.93132e-08
1.06 1.4382 0 374.568 2.89196e-08
1.06 1.4382 0 375.57 2.85313e-08
1.06 1.4382 0 376.573 2.81484e-08
1.06 1.4382 0 377.575 2.77708e-08
1.06 1.4382 0 378.578 2.73983e-08
1.06 1.4382 0 379.58 2.70309e-08
1.06 1.4382 0 380.583 2.66686e-08
1.06 1.4382 0 381.585 2.63113e-08
1.06 1.4382 0 382.588 2.59588e-08
1.06 1.4382 0 383.59 2.56112e-08
1.06 1.4382 0 384.593 2.52684e-08
1.06 1.4382 0 385.595 2.49302e-08
1.06 1.4382 0 386.598 2.45967e-08
1.06 1.4382 0 387.6 2.42677e-08
1.06 1.4382 0 388.603 2.39432e-08
1.06 1.4382 0 389.605 2.36232e-08
1.06 1.4382 0 390.607 2.33076e-08
1.06 1.4382 0 391.61 2.29962e-08
1.06 1.4382 0 392.612 2.26891e-08
1.06 1.4382 0 393.615 2.23863e-08
1.06 1.4382 0 394.617 2.20875e-08
1.06 1.4382 0 395.62 2.17928e-08
1.06 1.4382 0 396.622 2.15022e-08
1.06 1.4382 0 397.625 2.12155e-08
1.06 1.4382 0 398.627 2.09327e-08
1.06 1.4382 0 399.63 2.06538e-08
1.06 1.4382 0 400.632 2.03786e-08
1.06 1.4382 0 401.635 2.01073e-08
1.06 1.4382 0 402.637 1.98396e-08
1.06 1.4382 0 403.64 1.95755e-08
1.06 1.4382 0 404.642 1.93151e-08
1.06 1.4382 0 405.645 1.90582e-08
1.06 1.4382 0 406.647 1.88048e-08
1.06 1.4382 0 407.649 1.85548e-08
1.06 1.4382 0 408.652 1.83082e-08
1.06 1.4382 0 409.654 1.8065e-08
1.06 1.4382 0 410.657 1.78251e-08
1.06 1.4382 0 411.659 1.75884e-08
1.06 1.4382 0 412.662 1.7355e-08
1.06 1.4382 0 413.664 1.71247e-08
1.06 1.4382 0 414.667 1.68975e-08
1.06 1.4382 0 415.669 1.66734e-08
1.06 1.4382 0 416.672 1.64524e-08
1.06 1.4382 0 417.674 1.62344e-08
1.06 1.4382 0 418.677 1.60193e-08
1.06 1.4382 0 419.679 1.58071e-08
1.06 1.4382 0 420.682 1.55978e-08
1.06 1.4382 0 421.684 1.53913e-08
1.06 1.4382 0 422.686 1.51876e-08
1.06 1.4382 0 423.689 1.49867e-08
1.06 1.4382 0 424.691 1.47885e-08
1.06 1.4382 0 425.694 1.45929e-08
1.06 1.4382 0 426.696 1.44e-08
1.06 1.4382 0 427.699 1.42097e-08
1.06 1.4382 0 428.701 1.4022e-08
1.06 1.4382 0 429.704 1.38368e-08
1.06 1.4382 0 430.706 1.36541e-08
1.06 1.4382 0 431.709 1.34739e-08
1.06 1.4382 0 432.711 1.32961e-08
1.06 1.4382 0 433.714 1.31207e-08
1.06 1.4382 0 434.716 1.29477e-08
1.06 1.4382 0 435.719 1.2777e-08
1.06 1.4382 0 436.721 1.26086e-08
1.06 1.4382 0 437.724 1.24424e-08
1.06 1.4382 0 438.726 1.22785e-08
1.06 1.4382 0 439.728 1.21168e-08
1.06 1.4382 0 440.731 1.19573e-08
1.06 1.4382 0 441.733 1.17999e-08
1.06 1.4382 0 442.736 1.16446e-08
1.06 1.4382 0 443.738 1.14915e-08
1.06 1.4382 0 444.741 1.13403e-08
1.06 1.4382 0 445.743 1.11913e-08
1.06 1.4382 0 446.746 1.10442e-08
1.06 1.4382 0 447.748 1.0899e-08
1.06 1.4382 0 448.751 1.07559e-08
1.06 1.4382 0 449.753 1.06146e-08
1.06 1.4382 0 450.756 1.04753e-08
1.06 1.4382 0 451.758 1.03378e-08
1.06 1.4382 0 452.761 1.02021e-08
1.06 1.4382 0 453.763 1.00683e-08
1.06 1.4382 0 454.765 9.93624e-09
1.06 1.4382 0 455.768 9.80597e-09
1.06 1.4382 0 456.77 9.67743e-09
1.06 1.4382 0 457.773 9.55062e-09
1.06 1.4382 0 458.775 9.42551e-09
1.06 1.4382 0 459.778 9.30206e-09
1.06 1.4382 0 460.78 9.18027e-09
1.06 1.4382 0 461.783 9.0601e-09
1.06 1.4382 0 462.785 8.94154e-09
1.06 1.4382 0 463.788 8.82456e-09
1.06 1.4382 0 464.79 8.70914e-09
1.06 1.4382 0 465.793 8.59526e-09
1.06 1.4382 0 466.795 8.4829e-09
1.06 1.4382 0 467.798 8.37204e-09
1.06 1.4382 0 468.8 8.26266e-09
1.06 1.4382 0 469.803 8.15473e-09
1.06 1.4382 0 470.805 8.04825e-09
1.06 1.4382 0 471.807 7.94318e-09
1.06 1.4382 0 472.81 7.83951e-09
1.06 1.4382 0 473.812 7.73722e-09
1.06 1.4382 0 474.815 7.63629e-09
1.06 1.4382 0 475.817 7.5367e-09
1.06 1.4382 0 476.82 7.43844e-09
1.06 1.4382 0 477.822 7.34148e-09
1.06 1.4382 0 478.825 7.24581e-09
1.06 1.4382 0 479.827 7.15142e-09
1.06 1.4382 0 480.83 7.05827e-09
1.06 1.4382 0 481.832 6.96637e-09
1.06 1.4382 0 482.835 6.87568e-09
1.06 1.4382 0 483.837 6.7862e-09
1.06 1.4382 0 484.84 6.6979e-09
1.06 1.4382 0 485.842 6.61078e-09
1.06 1.4382 0 486.844 6.52481e-09
1.06 1.4382 0 487.847 6.43998e-09
1.06 1.4382 0 488.849 6.35627e-09
1.06 1.4382 0 489.852 6.27368e-09
1.06 1.4382 0 490.854 6.19217e-09
1.06 1.4382 0 491.857 6.11175e-09
1.06 1.4382 0 492.859 6.03239e-09
1.06 1.4382 0 493.862 5.95408e-09
1.06 1.4382 0 494.864 5.87681e-09
1.06 1.4382 0 495.867 5.80055e-09
1.06 1.4382 0 496.869 5.72531e-09
1.06 1.4382 0 497.872 5.65106e-09
1.06 1.4382 0 498.874 5.57779e-09
1.06 1.4382 0 499.877 5.50549e-09
1.06 1.4382 0 500.879 5.43415e-09
1.06 1.4382 0 501.882 5.36374e-09
1.06 1.4382 0 502.884 5.29427e-09
1.06 1.4382 0 503.886 5.22571e-09
1.06 1.4382 0 504.889 5.15805e-09
1.06 1.4382 0 505.891 5.09129e-09
1.06 1.4382 0 506.894 5.02541e-09
1.06 1.4382 0 507.896 4.9604e-09
1.06 1.4382 0 508.899 4.89624e-09
1.06 1.4382 0 509.901 4.83293e-09
1.06 1.4382 0 510.904 4.77045e-09
1.06 1.4382 0 511.906 4.70879e-09
1.06 1.4382 0 512.909 4.64795e-09
1.06 1.4382 0 513.911 4.58791e-09
1.06 1.4382 0 514.914 4.52865e-09
1.06 1.4382 0 515.916 4.47018e-09
1.06 1.4382 0 516.919 4.41247e-09
1.06 1.4382 0 517.921 4.35552e-09
1.06 1.4382 0 518.923 4.29932e-09
1.06 1.4382 0 519.926 4.24386e-09
1.06 1.4382 0 520.928 4.18913e-09
1.06 1.4382 0 521.931 4.13511e-09
1.06 1.4382 0 522.933 4.08181e-09
1.06 1.4382 0 523.936 4.0292e-09
1.06 1.4382 0 524.938 3.97728e-09
1.06 1.4382 0 525.941 3.92605e-09
1.06 1.4382 0 526.943 3.87548e-09
1.06 1.4382 0 527.946 3.82558e-09
1.06 1.4382 0 528.948 3.77634e-09
1.06 1.4382 0 529.951 3.72773e-09
1.06 1.4382 0 530.953 3.67977e-09
1.06 1.4382 0 531.956 3.63243e-09
1.06 1.4382 0 532.958 3.58571e-09
1.06 1.4382 0 533.961 3.53961e-09
1.06 1.4382 0 534.963 3.4941e-09
1.06 1.4382 0 535.965 3.44919e-09
1.06 1.4382 0 536.968 3.40487e-09
1.06 1.4382 0 537.97 3.36113e-09
1.06 1.4382 0 538.973 3.31796e-09
1.06 1.4382 0 539.975 3.27535e-09
1.06 1.4382 0 540.978 3.2333e-09
1.06 1.4382 0 541.98 3.1918e-09
1.06 1.4382 0 542.983 3.15084e-09
1.06 1.4382 0 543.985 3.11042e-09
1.06 1.4382 0 544.988 3.07052e-09
1.06 1.4382 0 545.99 3.03114e-09
1.06 1.4382 0 546.993 2.99228e-09
1.06 1.4382 0 547.995 2.95392e-09
1.06 1.4382 0 548.998 2.91607e-09
1.06 1.4382 0 550 2.8787e-09
