0.98 1.4382 0 150.015 1.5706e-06
0.98 1.4382 0 151.017 2.84334e-06
0.98 1.4382 0 152.02 2.93805e-06
0.98 1.4382 0 153.022 2.88328e-06
0.98 1.4382 0 154.025 2.8243e-06
0.98 1.4382 0 155.027 2.76895e-06
0.98 1.4382 0 156.03 2.71662e-06
0.98 1.4382 0 157.032 2.66664e-06
0.98 1.4382 0 158.035 2.61859e-06
0.98 1.4382 0 159.037 2.57216e-06
0.98 1.4382 0 160.04 2.52716e-06
0.98 1.4382 0 161.042 2.48344e-06
0.98 1.4382 0 162.045 2.44088e-06
0.98 1.4382 0 163.047 2.3994e-06
0.98 1.4382 0 164.05 2.35891e-06
0.98 1.4382 0 165.052 2.31937e-06
0.98 1.4382 0 166.054 2.28072e-06
0.98 1.4382 0 167.057 2.24292e-06
0.98 1.4382 0 168.059 2.20592e-06
0.98 1.4382 0 169.062 2.1697e-06
0.98 1.4382 0 170.064 2.13421e-06
0.98 1.4382 0 171.067 2.09945e-06
0.98 1.4382 0 172.069 2.06537e-06
0.98 1.4382 0 173.072 2.03196e-06
0.98 1.4382 0 174.074 1.9992e-06
0.98 1.4382 0 175.077 1.96706e-06
0.98 1.4382 0 176.079 1.93554e-06
0.98 1.4382 0 177.082 1.9046e-06
0.98 1.4382 0 178.084 1.87424e-06
0.98 1.4382 0 179.087 1.84443e-06
0.98 1.4382 0 180.089 1.81518e-06
0.98 1.4382 0 181.092 1.78645e-06
0.98 1.4382 0 182.094 1.75825e-06
0.98 1.4382 0 183.096 1.73054e-06
0.98 1.4382 0 184.099 1.70334e-06
0.98 1.4382 0 185.101 1.67661e-06
0.98 1.4382 0 186.104 1.65036e-06
0.98 1.4382 0 187.106 1.62457e-06
0.98 1.4382 0 188.109 1.59923e-06
0.98 1.4382 0 189.111 1.57433e-06
0.98 1.4382 0 190.114 1.54987e-06
0.98 1.4382 0 191.116 1.52582e-06
0.98 1.4382 0 192.119 1.50219e-06
0.98 1.4382 0 193.121 1.47897e-06
0.98 1.4382 0 194.124 1.45614e-06
0.98 1.4382 0 195.126 1.4337e-06
0.98 1.4382 0 196.129 1.41164e-06
0.98 1.4382 0 197.131 1.38995e-06
0.98 1.4382 0 198.133 1.36863e-06
0.98 1.4382 0 199.136 1.34767e-06
0.98 1.4382 0 200.138 1.32706e-06
0.98 1.4382 0 201.141 1.30679e-06
0.98 1.4382 0 202.143 1.28686e-06
0.98 1.4382 0 203.146 1.26726e-06
0.98 1.4382 0 204.148 1.24799e-06
0.98 1.4382 0 205.151 1.22904e-06
0.98 1.4382 0 206.153 1.2104e-06
0.98 1.4382 0 207.156 1.19207e-06
0.98 1.4382 0 208.158 1.17404e-06
0.98 1.4382 0 209.161 1.1563e-06
0.98 1.4382 0 210.163 1.13886e-06
0.98 1.4382 0 211.166 1.1217e-06
0.98 1.4382 0 212.168 1.10482e-06
0.98 1.4382 0 213.171 1.08821e-06
0.98 1.4382 0 214.173 1.07188e-06
0.98 1.4382 0 215.175 1.05581e-06
0.98 1.4382 0 216.178 1.04e-06
0.98 1.4382 0 217.18 1.02444e-06
0.98 1.4382 0 218.183 1.00914e-06
0.98 1.4382 0 219.185 9.9408e-07
0.98 1.4382 0 220.188 9.79263e-07
0.98 1.4382 0 221.19 9.64684e-07
0.98 1.4382 0 222.193 9.50339e-07
0.98 1.4382 0 223.195 9.36222e-07
0.98 1.4382 0 224.198 9.22331e-07
0.98 1.4382 0 225.2 9.08662e-07
0.98 1.4382 0 226.203 8.9521e-07
0.98 1.4382 0 227.205 8.81971e-07
0.98 1.4382 0 228.208 8.68942e-07
0.98 1.4382 0 229.21 8.5612e-07
0.98 1.4382 0 230.212 8.435e-07
0.98 1.4382 0 231.215 8.3108e-07
0.98 1.4382 0 232.217 8.18855e-07
0.98 1.4382 0 233.22 8.06823e-07
0.98 1.4382 0 234.222 7.9498e-07
0.98 1.4382 0 235.225 7.83322e-07
0.98 1.4382 0 236.227 7.71848e-07
0.98 1.4382 0 237.23 7.60553e-07
0.98 1.4382 0 238.232 7.49434e-07
0.98 1.4382 0 239.235 7.3849e-07
0.98 1.4382 0 240.237 7.27715e-07
0.98 1.4382 0 241.24 7.17109e-07
0.98 1.4382 0 242.242 7.06667e-07
0.98 1.4382 0 243.245 6.96388e-07
0.98 1.4382 0 244.247 6.86268e-07
0.98 1.4382 0 245.25 6.76305e-07
0.98 1.4382 0 246.252 6.66496e-07
0.98 1.4382 0 247.254 6.56838e-07
0.98 1.4382 0 248.257 6.4733e-07
0.98 1.4382 0 249.259 6.37968e-07
0.98 1.4382 0 250.262 6.2875e-07
0.98 1.4382 0 251.264 6.19674e-07
0.98 1.4382 0 252.267 6.10737e-07
0.98 1.4382 0 253.269 6.01937e-07
0.98 1.4382 0 254.272 5.93272e-07
0.98 1.4382 0 255.274 5.8474e-07
0.98 1.4382 0 256.277 5.76338e-07
0.98 1.4382 0 257.279 5.68064e-07
0.98 1.4382 0 258.282 5.59917e-07
0.98 1.4382 0 259.284 5.51894e-07
0.98 1.4382 0 260.287 5.43992e-07
0.98 1.4382 0 261.289 5.36211e-07
0.98 1.4382 0 262.291 5.28548e-07
0.98 1.4382 0 263.294 5.21001e-07
0.98 1.4382 0 264.296 5.13569e-07
0.98 1.4382 0 265.299 5.06249e-07
0.98 1.4382 0 266.301 4.99039e-07
0.98 1.4382 0 267.304 4.91939e-07
0.98 1.4382 0 268.306 4.84945e-07
0.98 1.4382 0 269.309 4.78057e-07
0.98 1.4382 0 270.311 4.71272e-07
0.98 1.4382 0 271.314 4.6459e-07
0.98 1.4382 0 272.316 4.58008e-07
0.98 1.4382 0 273.319 4.51524e-07
0.98 1.4382 0 274.321 4.45138e-07
0.98 1.4382 0 275.324 4.38847e-07
0.98 1.4382 0 276.326 4.32651e-07
0.98 1.4382 0 277.329 4.26547e-07
0.98 1.4382 0 278.331 4.20534e-07
0.98 1.4382 0 279.333 4.14611e-07
0.98 1.4382 0 280.336 4.08776e-07
0.98 1.4382 0 281.338 4.03028e-07
0.98 1.4382 0 282.341 3.97365e-07
0.98 1.4382 0 283.343 3.91786e-07
0.98 1.4382 0 284.346 3.8629e-07
0.98 1.4382 0 285.348 3.80876e-07
0.98 1.4382 0 286.351 3.75542e-07
0.98 1.4382 0 287.353 3.70286e-07
0.98 1.4382 0 288.356 3.65109e-07
0.98 1.4382 0 289.358 3.60007e-07
0.98 1.4382 0 290.361 3.54981e-07
0.98 1.4382 0 291.363 3.50029e-07
0.98 1.4382 0 292.366 3.4515e-07
0.98 1.4382 0 293.368 3.40343e-07
0.98 1.4382 0 294.37 3.35606e-07
0.98 1.4382 0 295.373 3.30939e-07
0.98 1.4382 0 296.375 3.26341e-07
0.98 1.4382 0 297.378 3.21809e-07
0.98 1.4382 0 298.38 3.17344e-07
0.98 1.4382 0 299.383 3.12944e-07
0.98 1.4382 0 300.385 3.08609e-07
0.98 1.4382 0 301.388 3.04337e-07
0.98 1.4382 0 302.39 3.00127e-07
0.98 1.4382 0 303.393 2.95979e-07
0.98 1.4382 0 304.395 2.9189e-07
0.98 1.4382 0 305.398 2.87862e-07
0.98 1.4382 0 306.4 2.83892e-07
0.98 1.4382 0 307.403 2.79979e-07
0.98 1.4382 0 308.405 2.76124e-07
0.98 1.4382 0 309.408 2.72324e-07
0.98 1.4382 0 310.41 2.68579e-07
0.98 1.4382 0 311.412 2.64888e-07
0.98 1.4382 0 312.415 2.61251e-07
0.98 1.4382 0 313.417 2.57666e-07
0.98 1.4382 0 314.42 2.54133e-07
0.98 1.4382 0 315.422 2.50651e-07
0.98 1.4382 0 316.425 2.47219e-07
0.98 1.4382 0 317.427 2.43836e-07
0.98 1.4382 0 318.43 2.40502e-07
0.98 1.4382 0 319.432 2.37216e-07
0.98 1.4382 0 320.435 2.33977e-07
0.98 1.4382 0 321.437 2.30785e-07
0.98 1.4382 0 322.44 2.27638e-07
0.98 1.4382 0 323.442 2.24537e-07
0.98 1.4382 0 324.445 2.21479e-07
0.98 1.4382 0 325.447 2.18466e-07
0.98 1.4382 0 326.449 2.15495e-07
0.98 1.4382 0 327.452 2.12567e-07
0.98 1.4382 0 328.454 2.09681e-07
0.98 1.4382 0 329.457 2.06836e-07
0.98 1.4382 0 330.459 2.04031e-07
0.98 1.4382 0 331.462 2.01266e-07
0.98 1.4382 0 332.464 1.9854e-07
0.98 1.4382 0 333.467 1.95853e-07
0.98 1.4382 0 334.469 1.93205e-07
0.98 1.4382 0 335.472 1.90593e-07
0.98 1.4382 0 336.474 1.88019e-07
0.98 1.4382 0 337.477 1.85481e-07
0.98 1.4382 0 338.479 1.82979e-07
0.98 1.4382 0 339.482 1.80513e-07
0.98 1.4382 0 340.484 1.78081e-07
0.98 1.4382 0 341.487 1.75684e-07
0.98 1.4382 0 342.489 1.7332e-07
0.98 1.4382 0 343.491 1.7099e-07
0.98 1.4382 0 344.494 1.68692e-07
0.98 1.4382 0 345.496 1.66427e-07
0.98 1.4382 0 346.499 1.64194e-07
0.98 1.4382 0 347.501 1.61992e-07
0.98 1.4382 0 348.504 1.5982e-07
0.98 1.4382 0 349.506 1.5768e-07
0.98 1.4382 0 350.509 1.55569e-07
0.98 1.4382 0 351.511 1.53488e-07
0.98 1.4382 0 352.514 1.51436e-07
0.98 1.4382 0 353.516 1.49412e-07
0.98 1.4382 0 354.519 1.47417e-07
0.98 1.4382 0 355.521 1.4545e-07
0.98 1.4382 0 356.524 1.4351e-07
0.98 1.4382 0 357.526 1.41598e-07
0.98 1.4382 0 358.528 1.39711e-07
0.98 1.4382 0 359.531 1.37852e-07
0.98 1.4382 0 360.533 1.36018e-07
0.98 1.4382 0 361.536 1.34209e-07
0.98 1.4382 0 362.538 1.32426e-07
0.98 1.4382 0 363.541 1.30667e-07
0.98 1.4382 0 364.543 1.28933e-07
0.98 1.4382 0 365.546 1.27222e-07
0.98 1.4382 0 366.548 1.25536e-07
0.98 1.4382 0 367.551 1.23872e-07
0.98 1.4382 0 368.553 1.22232e-07
0.98 1.4382 0 369.556 1.20615e-07
0.98 1.4382 0 370.558 1.19019e-07
0.98 1.4382 0 371.561 1.17446e-07
0.98 1.4382 0 372.563 1.15894e-07
0.98 1.4382 0 373.566 1.14364e-07
0.98 1.4382 0 374.568 1.12855e-07
0.98 1.4382 0 375.57 1.11367e-07
0.98 1.4382 0 376.573 1.09899e-07
0.98 1.4382 0 377.575 1.08451e-07
0.98 1.4382 0 378.578 1.07023e-07
0.98 1.4382 0 379.58 1.05615e-07
0.98 1.4382 0 380.583 1.04226e-07
0.98 1.4382 0 381.585 1.02856e-07
0.98 1.4382 0 382.588 1.01505e-07
0.98 1.4382 0 383.59 1.00172e-07
0.98 1.4382 0 384.593 9.88575e-08
0.98 1.4382 0 385.595 9.7561e-08
0.98 1.4382 0 386.598 9.62822e-08
0.98 1.4382 0 387.6 9.50208e-08
0.98 1.4382 0 388.603 9.37766e-08
0.98 1.4382 0 389.605 9.25494e-08
0.98 1.4382 0 390.607 9.13389e-08
0.98 1.4382 0 391.61 9.01448e-08
0.98 1.4382 0 392.612 8.8967e-08
0.98 1.4382 0 393.615 8.78052e-08
0.98 1.4382 0 394.617 8.66592e-08
0.98 1.4382 0 395.62 8.55287e-08
0.98 1.4382 0 396.622 8.44136e-08
0.98 1.4382 0 397.625 8.33136e-08
0.98 1.4382 0 398.627 8.22284e-08
0.98 1.4382 0 399.63 8.1158e-08
0.98 1.4382 0 400.632 8.01021e-08
0.98 1.4382 0 401.635 7.90604e-08
0.98 1.4382 0 402.637 7.80328e-08
0.98 1.4382 0 403.64 7.70191e-08
0.98 1.4382 0 404.642 7.6019e-08
0.98 1.4382 0 405.645 7.50325e-08
0.98 1.4382 0 406.647 7.40592e-08
0.98 1.4382 0 407.649 7.30991e-08
0.98 1.4382 0 408.652 7.21518e-08
0.98 1.4382 0 409.654 7.12173e-08
0.98 1.4382 0 410.657 7.02954e-08
0.98 1.4382 0 411.659 6.93859e-08
0.98 1.4382 0 412.662 6.84886e-08
0.98 1.4382 0 413.664 6.76033e-08
0.98 1.4382 0 414.667 6.67299e-08
0.98 1.4382 0 415.669 6.58682e-08
0.98 1.4382 0 416.672 6.5018e-08
0.98 1.4382 0 417.674 6.41793e-08
0.98 1.4382 0 418.677 6.33517e-08
0.98 1.4382 0 419.679 6.25352e-08
0.98 1.4382 0 420.682 6.17296e-08
0.98 1.4382 0 421.684 6.09348e-08
0.98 1.4382 0 422.686 6.01506e-08
0.98 1.4382 0 423.689 5.93769e-08
0.98 1.4382 0 424.691 5.86134e-08
0.98 1.4382 0 425.694 5.78602e-08
0.98 1.4382 0 426.696 5.71169e-08
0.98 1.4382 0 427.699 5.63836e-08
0.98 1.4382 0 428.701 5.566e-08
0.98 1.4382 0 429.704 5.49461e-08
0.98 1.4382 0 430.706 5.42416e-08
0.98 1.4382 0 431.709 5.35464e-08
0.98 1.4382 0 432.711 5.28605e-08
0.98 1.4382 0 433.714 5.21837e-08
0.98 1.4382 0 434.716 5.15159e-08
0.98 1.4382 0 435.719 5.08569e-08
0.98 1.4382 0 436.721 5.02067e-08
0.98 1.4382 0 437.724 4.9565e-08
0.98 1.4382 0 438.726 4.89318e-08
0.98 1.4382 0 439.728 4.8307e-08
0.98 1.4382 0 440.731 4.76905e-08
0.98 1.4382 0 441.733 4.70821e-08
0.98 1.4382 0 442.736 4.64817e-08
0.98 1.4382 0 443.738 4.58892e-08
0.98 1.4382 0 444.741 4.53046e-08
0.98 1.4382 0 445.743 4.47276e-08
0.98 1.4382 0 446.746 4.41583e-08
0.98 1.4382 0 447.748 4.35964e-08
0.98 1.4382 0 448.751 4.3042e-08
0.98 1.4382 0 449.753 4.24948e-08
0.98 1.4382 0 450.756 4.19548e-08
0.98 1.4382 0 451.758 4.14219e-08
0.98 1.4382 0 452.761 4.0896e-08
0.98 1.4382 0 453.763 4.0377e-08
0.98 1.4382 0 454.765 3.98648e-08
0.98 1.4382 0 455.768 3.93593e-08
0.98 1.4382 0 456.77 3.88604e-08
0.98 1.4382 0 457.773 3.83681e-08
0.98 1.4382 0 458.775 3.78822e-08
0.98 1.4382 0 459.778 3.74027e-08
0.98 1.4382 0 460.78 3.69294e-08
0.98 1.4382 0 461.783 3.64623e-08
0.98 1.4382 0 462.785 3.60013e-08
0.98 1.4382 0 463.788 3.55463e-08
0.98 1.4382 0 464.79 3.50973e-08
0.98 1.4382 0 465.793 3.46541e-08
0.98 1.4382 0 466.795 3.42167e-08
0.98 1.4382 0 467.798 3.3785e-08
0.98 1.4382 0 468.8 3.33589e-08
0.98 1.4382 0 469.803 3.29384e-08
0.98 1.4382 0 470.805 3.25233e-08
0.98 1.4382 0 471.807 3.21136e-08
0.98 1.4382 0 472.81 3.17092e-08
0.98 1.4382 0 473.812 3.13101e-08
0.98 1.4382 0 474.815 3.09162e-08
0.98 1.4382 0 475.817 3.05274e-08
0.98 1.4382 0 476.82 3.01436e-08
0.98 1.4382 0 477.822 2.97648e-08
0.98 1.4382 0 478.825 2.93909e-08
0.98 1.4382 0 479.827 2.90218e-08
0.98 1.4382 0 480.83 2.86575e-08
0.98 1.4382 0 481.832 2.8298e-08
0.98 1.4382 0 482.835 2.7943e-08
0.98 1.4382 0 483.837 2.75927e-08
0.98 1.4382 0 484.84 2.72469e-08
0.98 1.4382 0 485.842 2.69056e-08
0.98 1.4382 0 486.844 2.65686e-08
0.98 1.4382 0 487.847 2.6236e-08
0.98 1.4382 0 488.849 2.59077e-08
0.98 1.4382 0 489.852 2.55836e-08
0.98 1.4382 0 490.854 2.52637e-08
0.98 1.4382 0 491.857 2.4948e-08
0.98 1.4382 0 492.859 2.46362e-08
0.98 1.4382 0 493.862 2.43285e-08
0.98 1.4382 0 494.864 2.40248e-08
0.98 1.4382 0 495.867 2.37249e-08
0.98 1.4382 0 496.869 2.34289e-08
0.98 1.4382 0 497.872 2.31367e-08
0.98 1.4382 0 498.874 2.28483e-08
0.98 1.4382 0 499.877 2.25635e-08
0.98 1.4382 0 500.879 2.22824e-08
0.98 1.4382 0 501.882 2.20049e-08
0.98 1.4382 0 502.884 2.1731e-08
0.98 1.4382 0 503.886 2.14606e-08
0.98 1.4382 0 504.889 2.11936e-08
0.98 1.4382 0 505.891 2.093e-08
0.98 1.4382 0 506.894 2.06698e-08
0.98 1.4382 0 507.896 2.0413e-08
0.98 1.4382 0 508.899 2.01594e-08
0.98 1.4382 0 509.901 1.99091e-08
0.98 1.4382 0 510.904 1.96619e-08
0.98 1.4382 0 511.906 1.94179e-08
0.98 1.4382 0 512.909 1.9177e-08
0.98 1.4382 0 513.911 1.89392e-08
0.98 1.4382 0 514.914 1.87045e-08
0.98 1.4382 0 515.916 1.84727e-08
0.98 1.4382 0 516.919 1.82438e-08
0.98 1.4382 0 517.921 1.80179e-08
0.98 1.4382 0 518.923 1.77949e-08
0.98 1.4382 0 519.926 1.75747e-08
0.98 1.4382 0 520.928 1.73572e-08
0.98 1.4382 0 521.931 1.71426e-08
0.98 1.4382 0 522.933 1.69307e-08
0.98 1.4382 0 523.936 1.67214e-08
0.98 1.4382 0 524.938 1.65148e-08
0.98 1.4382 0 525.941 1.63109e-08
0.98 1.4382 0 526.943 1.61095e-08
0.98 1.4382 0 527.946 1.59107e-08
0.98 1.4382 0 528.948 1.57144e-08
0.98 1.4382 0 529.951 1.55206e-08
0.98 1.4382 0 530.953 1.53292e-08
0.98 1.4382 0 531.956 1.51403e-08
0.98 1.4382 0 532.958 1.49537e-08
0.98 1.4382 0 533.961 1.47695e-08
0.98 1.4382 0 534.963 1.45877e-08
0.98 1.4382 0 535.965 1.44081e-08
0.98 1.4382 0 536.968 1.42308e-08
0.98 1.4382 0 537.97 1.40557e-08
0.98 1.4382 0 538.973 1.38829e-08
0.98 1.4382 0 539.975 1.37122e-08
0.98 1.4382 0 540.978 1.35437e-08
0.98 1.4382 0 541.98 1.33773e-08
0.98 1.4382 0 542.983 1.3213e-08
0.98 1.4382 0 543.985 1.30508e-08
0.98 1.4382 0 544.988 1.28906e-08
0.98 1.4382 0 545.99 1.27324e-08
0.98 1.4382 0 546.993 1.25762e-08
0.98 1.4382 0 547.995 1.2422e-08
0.98 1.4382 0 548.998 1.22697e-08
0.98 1.4382 0 550 1.21193e-08
