2.67 1.4382 0 150.015 2.02977e-05
2.67 1.4382 0 151.017 3.48862e-05
2.67 1.4382 0 152.02 3.60226e-05
2.67 1.4382 0 153.022 3.42044e-05
2.67 1.4382 0 154.025 3.2181e-05
2.67 1.4382 0 155.027 3.02666e-05
2.67 1.4382 0 156.03 2.84819e-05
2.67 1.4382 0 157.032 2.68184e-05
2.67 1.4382 0 158.035 2.52662e-05
2.67 1.4382 0 159.037 2.38164e-05
2.67 1.4382 0 160.04 2.24611e-05
2.67 1.4382 0 161.042 2.11931e-05
2.67 1.4382 0 162.045 2.0006e-05
2.67 1.4382 0 163.047 1.88939e-05
2.67 1.4382 0 164.05 1.78515e-05
2.67 1.4382 0 165.052 1.68738e-05
2.67 1.4382 0 166.054 1.59563e-05
2.67 1.4382 0 167.057 1.50948e-05
2.67 1.4382 0 168.059 1.42856e-05
2.67 1.4382 0 169.062 1.35251e-05
2.67 1.4382 0 170.064 1.28099e-05
2.67 1.4382 0 171.067 1.21372e-05
2.67 1.4382 0 172.069 1.1504e-05
2.67 1.4382 0 173.072 1.09079e-05
2.67 1.4382 0 174.074 1.03463e-05
2.67 1.4382 0 175.077 9.817e-06
2.67 1.4382 0 176.079 9.31802e-06
2.67 1.4382 0 177.082 8.84739e-06
2.67 1.4382 0 178.084 8.4033e-06
2.67 1.4382 0 179.087 7.98411e-06
2.67 1.4382 0 180.089 7.58825e-06
2.67 1.4382 0 181.092 7.21428e-06
2.67 1.4382 0 182.094 6.86085e-06
2.67 1.4382 0 183.096 6.52672e-06
2.67 1.4382 0 184.099 6.21071e-06
2.67 1.4382 0 185.101 5.91173e-06
2.67 1.4382 0 186.104 5.62876e-06
2.67 1.4382 0 187.106 5.36084e-06
2.67 1.4382 0 188.109 5.1071e-06
2.67 1.4382 0 189.111 4.86669e-06
2.67 1.4382 0 190.114 4.63884e-06
2.67 1.4382 0 191.116 4.42282e-06
2.67 1.4382 0 192.119 4.21796e-06
2.67 1.4382 0 193.121 4.0236e-06
2.67 1.4382 0 194.124 3.83916e-06
2.67 1.4382 0 195.126 3.66408e-06
2.67 1.4382 0 196.129 3.49782e-06
2.67 1.4382 0 197.131 3.3399e-06
2.67 1.4382 0 198.133 3.18985e-06
2.67 1.4382 0 199.136 3.04724e-06
2.67 1.4382 0 200.138 2.91167e-06
2.67 1.4382 0 201.141 2.78274e-06
2.67 1.4382 0 202.143 2.6601e-06
2.67 1.4382 0 203.146 2.54341e-06
2.67 1.4382 0 204.148 2.43235e-06
2.67 1.4382 0 205.151 2.32662e-06
2.67 1.4382 0 206.153 2.22594e-06
2.67 1.4382 0 207.156 2.13004e-06
2.67 1.4382 0 208.158 2.03868e-06
2.67 1.4382 0 209.161 1.95161e-06
2.67 1.4382 0 210.163 1.86862e-06
2.67 1.4382 0 211.166 1.78949e-06
2.67 1.4382 0 212.168 1.71403e-06
2.67 1.4382 0 213.171 1.64205e-06
2.67 1.4382 0 214.173 1.57337e-06
2.67 1.4382 0 215.175 1.50783e-06
2.67 1.4382 0 216.178 1.44527e-06
2.67 1.4382 0 217.18 1.38554e-06
2.67 1.4382 0 218.183 1.3285e-06
2.67 1.4382 0 219.185 1.27402e-06
2.67 1.4382 0 220.188 1.22197e-06
2.67 1.4382 0 221.19 1.17224e-06
2.67 1.4382 0 222.193 1.1247e-06
2.67 1.4382 0 223.195 1.07926e-06
2.67 1.4382 0 224.198 1.03582e-06
2.67 1.4382 0 225.2 9.94272e-07
2.67 1.4382 0 226.203 9.54533e-07
2.67 1.4382 0 227.205 9.16515e-07
2.67 1.4382 0 228.208 8.80138e-07
2.67 1.4382 0 229.21 8.45324e-07
2.67 1.4382 0 230.212 8.12e-07
2.67 1.4382 0 231.215 7.80097e-07
2.67 1.4382 0 232.217 7.49549e-07
2.67 1.4382 0 233.22 7.20293e-07
2.67 1.4382 0 234.222 6.9227e-07
2.67 1.4382 0 235.225 6.65424e-07
2.67 1.4382 0 236.227 6.397e-07
2.67 1.4382 0 237.23 6.15048e-07
2.67 1.4382 0 238.232 5.91419e-07
2.67 1.4382 0 239.235 5.68768e-07
2.67 1.4382 0 240.237 5.4705e-07
2.67 1.4382 0 241.24 5.26224e-07
2.67 1.4382 0 242.242 5.0625e-07
2.67 1.4382 0 243.245 4.87091e-07
2.67 1.4382 0 244.247 4.68711e-07
2.67 1.4382 0 245.25 4.51074e-07
2.67 1.4382 0 246.252 4.3415e-07
2.67 1.4382 0 247.254 4.17906e-07
2.67 1.4382 0 248.257 4.02314e-07
2.67 1.4382 0 249.259 3.87345e-07
2.67 1.4382 0 250.262 3.72972e-07
2.67 1.4382 0 251.264 3.59169e-07
2.67 1.4382 0 252.267 3.45913e-07
2.67 1.4382 0 253.269 3.3318e-07
2.67 1.4382 0 254.272 3.20947e-07
2.67 1.4382 0 255.274 3.09194e-07
2.67 1.4382 0 256.277 2.97901e-07
2.67 1.4382 0 257.279 2.87047e-07
2.67 1.4382 0 258.282 2.76615e-07
2.67 1.4382 0 259.284 2.66587e-07
2.67 1.4382 0 260.287 2.56947e-07
2.67 1.4382 0 261.289 2.47678e-07
2.67 1.4382 0 262.291 2.38764e-07
2.67 1.4382 0 263.294 2.30192e-07
2.67 1.4382 0 264.296 2.21947e-07
2.67 1.4382 0 265.299 2.14016e-07
2.67 1.4382 0 266.301 2.06386e-07
2.67 1.4382 0 267.304 1.99045e-07
2.67 1.4382 0 268.306 1.91981e-07
2.67 1.4382 0 269.309 1.85183e-07
2.67 1.4382 0 270.311 1.7864e-07
2.67 1.4382 0 271.314 1.72343e-07
2.67 1.4382 0 272.316 1.6628e-07
2.67 1.4382 0 273.319 1.60444e-07
2.67 1.4382 0 274.321 1.54824e-07
2.67 1.4382 0 275.324 1.49412e-07
2.67 1.4382 0 276.326 1.44201e-07
2.67 1.4382 0 277.329 1.39182e-07
2.67 1.4382 0 278.331 1.34347e-07
2.67 1.4382 0 279.333 1.2969e-07
2.67 1.4382 0 280.336 1.25203e-07
2.67 1.4382 0 281.338 1.2088e-07
2.67 1.4382 0 282.341 1.16715e-07
2.67 1.4382 0 283.343 1.12701e-07
2.67 1.4382 0 284.346 1.08832e-07
2.67 1.4382 0 285.348 1.05104e-07
2.67 1.4382 0 286.351 1.0151e-07
2.67 1.4382 0 287.353 9.80452e-08
2.67 1.4382 0 288.356 9.4705e-08
2.67 1.4382 0 289.358 9.14845e-08
2.67 1.4382 0 290.361 8.83792e-08
2.67 1.4382 0 291.363 8.53846e-08
2.67 1.4382 0 292.366 8.24967e-08
2.67 1.4382 0 293.368 7.97114e-08
2.67 1.4382 0 294.37 7.70248e-08
2.67 1.4382 0 295.373 7.44333e-08
2.67 1.4382 0 296.375 7.19332e-08
2.67 1.4382 0 297.378 6.95212e-08
2.67 1.4382 0 298.38 6.71939e-08
2.67 1.4382 0 299.383 6.49483e-08
2.67 1.4382 0 300.385 6.27813e-08
2.67 1.4382 0 301.388 6.069e-08
2.67 1.4382 0 302.39 5.86717e-08
2.67 1.4382 0 303.393 5.67235e-08
2.67 1.4382 0 304.395 5.4843e-08
2.67 1.4382 0 305.398 5.30277e-08
2.67 1.4382 0 306.4 5.12752e-08
2.67 1.4382 0 307.403 4.95832e-08
2.67 1.4382 0 308.405 4.79495e-08
2.67 1.4382 0 309.408 4.6372e-08
2.67 1.4382 0 310.41 4.48487e-08
2.67 1.4382 0 311.412 4.33775e-08
2.67 1.4382 0 312.415 4.19567e-08
2.67 1.4382 0 313.417 4.05844e-08
2.67 1.4382 0 314.42 3.92589e-08
2.67 1.4382 0 315.422 3.79784e-08
2.67 1.4382 0 316.425 3.67415e-08
2.67 1.4382 0 317.427 3.55464e-08
2.67 1.4382 0 318.43 3.43919e-08
2.67 1.4382 0 319.432 3.32763e-08
2.67 1.4382 0 320.435 3.21984e-08
2.67 1.4382 0 321.437 3.11567e-08
2.67 1.4382 0 322.44 3.01501e-08
2.67 1.4382 0 323.442 2.91773e-08
2.67 1.4382 0 324.445 2.8237e-08
2.67 1.4382 0 325.447 2.73282e-08
2.67 1.4382 0 326.449 2.64498e-08
2.67 1.4382 0 327.452 2.56006e-08
2.67 1.4382 0 328.454 2.47797e-08
2.67 1.4382 0 329.457 2.39861e-08
2.67 1.4382 0 330.459 2.32189e-08
2.67 1.4382 0 331.462 2.24771e-08
2.67 1.4382 0 332.464 2.17598e-08
2.67 1.4382 0 333.467 2.10662e-08
2.67 1.4382 0 334.469 2.03955e-08
2.67 1.4382 0 335.472 1.97469e-08
2.67 1.4382 0 336.474 1.91196e-08
2.67 1.4382 0 337.477 1.85129e-08
2.67 1.4382 0 338.479 1.79261e-08
2.67 1.4382 0 339.482 1.73586e-08
2.67 1.4382 0 340.484 1.68096e-08
2.67 1.4382 0 341.487 1.62785e-08
2.67 1.4382 0 342.489 1.57647e-08
2.67 1.4382 0 343.491 1.52677e-08
2.67 1.4382 0 344.494 1.47869e-08
2.67 1.4382 0 345.496 1.43217e-08
2.67 1.4382 0 346.499 1.38715e-08
2.67 1.4382 0 347.501 1.3436e-08
2.67 1.4382 0 348.504 1.30145e-08
2.67 1.4382 0 349.506 1.26067e-08
2.67 1.4382 0 350.509 1.2212e-08
2.67 1.4382 0 351.511 1.18301e-08
2.67 1.4382 0 352.514 1.14604e-08
2.67 1.4382 0 353.516 1.11026e-08
2.67 1.4382 0 354.519 1.07564e-08
2.67 1.4382 0 355.521 1.04212e-08
2.67 1.4382 0 356.524 1.00967e-08
2.67 1.4382 0 357.526 9.78269e-09
2.67 1.4382 0 358.528 9.47868e-09
2.67 1.4382 0 359.531 9.18437e-09
2.67 1.4382 0 360.533 8.89945e-09
2.67 1.4382 0 361.536 8.6236e-09
2.67 1.4382 0 362.538 8.35653e-09
2.67 1.4382 0 363.541 8.09795e-09
2.67 1.4382 0 364.543 7.84758e-09
2.67 1.4382 0 365.546 7.60514e-09
2.67 1.4382 0 366.548 7.37039e-09
2.67 1.4382 0 367.551 7.14307e-09
2.67 1.4382 0 368.553 6.92293e-09
2.67 1.4382 0 369.556 6.70974e-09
2.67 1.4382 0 370.558 6.50328e-09
2.67 1.4382 0 371.561 6.30333e-09
2.67 1.4382 0 372.563 6.10967e-09
2.67 1.4382 0 373.566 5.9221e-09
2.67 1.4382 0 374.568 5.74042e-09
2.67 1.4382 0 375.57 5.56445e-09
2.67 1.4382 0 376.573 5.39399e-09
2.67 1.4382 0 377.575 5.22888e-09
2.67 1.4382 0 378.578 5.06893e-09
2.67 1.4382 0 379.58 4.91398e-09
2.67 1.4382 0 380.583 4.76388e-09
2.67 1.4382 0 381.585 4.61846e-09
2.67 1.4382 0 382.588 4.47757e-09
2.67 1.4382 0 383.59 4.34108e-09
2.67 1.4382 0 384.593 4.20883e-09
2.67 1.4382 0 385.595 4.0807e-09
2.67 1.4382 0 386.598 3.95654e-09
2.67 1.4382 0 387.6 3.83624e-09
2.67 1.4382 0 388.603 3.71968e-09
2.67 1.4382 0 389.605 3.60672e-09
2.67 1.4382 0 390.607 3.49727e-09
2.67 1.4382 0 391.61 3.3912e-09
2.67 1.4382 0 392.612 3.28841e-09
2.67 1.4382 0 393.615 3.18879e-09
2.67 1.4382 0 394.617 3.09225e-09
2.67 1.4382 0 395.62 2.99869e-09
2.67 1.4382 0 396.622 2.90801e-09
2.67 1.4382 0 397.625 2.82013e-09
2.67 1.4382 0 398.627 2.73494e-09
2.67 1.4382 0 399.63 2.65238e-09
2.67 1.4382 0 400.632 2.57236e-09
2.67 1.4382 0 401.635 2.49479e-09
2.67 1.4382 0 402.637 2.4196e-09
2.67 1.4382 0 403.64 2.34671e-09
2.67 1.4382 0 404.642 2.27606e-09
2.67 1.4382 0 405.645 2.20758e-09
2.67 1.4382 0 406.647 2.14118e-09
2.67 1.4382 0 407.649 2.07682e-09
2.67 1.4382 0 408.652 2.01442e-09
2.67 1.4382 0 409.654 1.95393e-09
2.67 1.4382 0 410.657 1.89528e-09
2.67 1.4382 0 411.659 1.83843e-09
2.67 1.4382 0 412.662 1.7833e-09
2.67 1.4382 0 413.664 1.72985e-09
2.67 1.4382 0 414.667 1.67803e-09
2.67 1.4382 0 415.669 1.62779e-09
2.67 1.4382 0 416.672 1.57907e-09
2.67 1.4382 0 417.674 1.53183e-09
2.67 1.4382 0 418.677 1.48603e-09
2.67 1.4382 0 419.679 1.44161e-09
2.67 1.4382 0 420.682 1.39855e-09
2.67 1.4382 0 421.684 1.35678e-09
2.67 1.4382 0 422.686 1.31628e-09
2.67 1.4382 0 423.689 1.27701e-09
2.67 1.4382 0 424.691 1.23893e-09
2.67 1.4382 0 425.694 1.20199e-09
2.67 1.4382 0 426.696 1.16618e-09
2.67 1.4382 0 427.699 1.13144e-09
2.67 1.4382 0 428.701 1.09775e-09
2.67 1.4382 0 429.704 1.06508e-09
2.67 1.4382 0 430.706 1.03339e-09
2.67 1.4382 0 431.709 1.00266e-09
2.67 1.4382 0 432.711 9.72855e-10
2.67 1.4382 0 433.714 9.43946e-10
2.67 1.4382 0 434.716 9.15906e-10
2.67 1.4382 0 435.719 8.8871e-10
2.67 1.4382 0 436.721 8.62331e-10
2.67 1.4382 0 437.724 8.36744e-10
2.67 1.4382 0 438.726 8.11925e-10
2.67 1.4382 0 439.728 7.87852e-10
2.67 1.4382 0 440.731 7.645e-10
2.67 1.4382 0 441.733 7.41848e-10
2.67 1.4382 0 442.736 7.19876e-10
2.67 1.4382 0 443.738 6.98561e-10
2.67 1.4382 0 444.741 6.77884e-10
2.67 1.4382 0 445.743 6.57827e-10
2.67 1.4382 0 446.746 6.38369e-10
2.67 1.4382 0 447.748 6.19493e-10
2.67 1.4382 0 448.751 6.01181e-10
2.67 1.4382 0 449.753 5.83416e-10
2.67 1.4382 0 450.756 5.66181e-10
2.67 1.4382 0 451.758 5.49461e-10
2.67 1.4382 0 452.761 5.3324e-10
2.67 1.4382 0 453.763 5.17503e-10
2.67 1.4382 0 454.765 5.02234e-10
2.67 1.4382 0 455.768 4.87421e-10
2.67 1.4382 0 456.77 4.73048e-10
2.67 1.4382 0 457.773 4.59104e-10
2.67 1.4382 0 458.775 4.45575e-10
2.67 1.4382 0 459.778 4.32448e-10
2.67 1.4382 0 460.78 4.19711e-10
2.67 1.4382 0 461.783 4.07354e-10
2.67 1.4382 0 462.785 3.95363e-10
2.67 1.4382 0 463.788 3.83729e-10
2.67 1.4382 0 464.79 3.7244e-10
2.67 1.4382 0 465.793 3.61486e-10
2.67 1.4382 0 466.795 3.50857e-10
2.67 1.4382 0 467.798 3.40543e-10
2.67 1.4382 0 468.8 3.30535e-10
2.67 1.4382 0 469.803 3.20824e-10
2.67 1.4382 0 470.805 3.11401e-10
2.67 1.4382 0 471.807 3.02256e-10
2.67 1.4382 0 472.81 2.93383e-10
2.67 1.4382 0 473.812 2.84772e-10
2.67 1.4382 0 474.815 2.76416e-10
2.67 1.4382 0 475.817 2.68307e-10
2.67 1.4382 0 476.82 2.60438e-10
2.67 1.4382 0 477.822 2.52801e-10
2.67 1.4382 0 478.825 2.45391e-10
2.67 1.4382 0 479.827 2.38199e-10
2.67 1.4382 0 480.83 2.31219e-10
2.67 1.4382 0 481.832 2.24446e-10
2.67 1.4382 0 482.835 2.17872e-10
2.67 1.4382 0 483.837 2.11493e-10
2.67 1.4382 0 484.84 2.05301e-10
2.67 1.4382 0 485.842 1.99292e-10
2.67 1.4382 0 486.844 1.93461e-10
2.67 1.4382 0 487.847 1.87801e-10
2.67 1.4382 0 488.849 1.82308e-10
2.67 1.4382 0 489.852 1.76977e-10
2.67 1.4382 0 490.854 1.71802e-10
2.67 1.4382 0 491.857 1.66781e-10
2.67 1.4382 0 492.859 1.61906e-10
2.67 1.4382 0 493.862 1.57176e-10
2.67 1.4382 0 494.864 1.52584e-10
2.67 1.4382 0 495.867 1.48128e-10
2.67 1.4382 0 496.869 1.43802e-10
2.67 1.4382 0 497.872 1.39604e-10
2.67 1.4382 0 498.874 1.35529e-10
2.67 1.4382 0 499.877 1.31573e-10
2.67 1.4382 0 500.879 1.27734e-10
2.67 1.4382 0 501.882 1.24008e-10
2.67 1.4382 0 502.884 1.20391e-10
2.67 1.4382 0 503.886 1.1688e-10
2.67 1.4382 0 504.889 1.13472e-10
2.67 1.4382 0 505.891 1.10164e-10
2.67 1.4382 0 506.894 1.06953e-10
2.67 1.4382 0 507.896 1.03836e-10
2.67 1.4382 0 508.899 1.00811e-10
2.67 1.4382 0 509.901 9.78739e-11
2.67 1.4382 0 510.904 9.50232e-11
2.67 1.4382 0 511.906 9.2256e-11
2.67 1.4382 0 512.909 8.95698e-11
2.67 1.4382 0 513.911 8.69623e-11
2.67 1.4382 0 514.914 8.44311e-11
2.67 1.4382 0 515.916 8.1974e-11
2.67 1.4382 0 516.919 7.95888e-11
2.67 1.4382 0 517.921 7.72733e-11
2.67 1.4382 0 518.923 7.50256e-11
2.67 1.4382 0 519.926 7.28436e-11
2.67 1.4382 0 520.928 7.07254e-11
2.67 1.4382 0 521.931 6.86691e-11
2.67 1.4382 0 522.933 6.66729e-11
2.67 1.4382 0 523.936 6.4735e-11
2.67 1.4382 0 524.938 6.28537e-11
2.67 1.4382 0 525.941 6.10274e-11
2.67 1.4382 0 526.943 5.92544e-11
2.67 1.4382 0 527.946 5.75332e-11
2.67 1.4382 0 528.948 5.58622e-11
2.67 1.4382 0 529.951 5.424e-11
2.67 1.4382 0 530.953 5.26651e-11
2.67 1.4382 0 531.956 5.11361e-11
2.67 1.4382 0 532.958 4.96518e-11
2.67 1.4382 0 533.961 4.82107e-11
2.67 1.4382 0 534.963 4.68117e-11
2.67 1.4382 0 535.965 4.54534e-11
2.67 1.4382 0 536.968 4.41348e-11
2.67 1.4382 0 537.97 4.28545e-11
2.67 1.4382 0 538.973 4.16116e-11
2.67 1.4382 0 539.975 4.04048e-11
2.67 1.4382 0 540.978 3.92333e-11
2.67 1.4382 0 541.98 3.80958e-11
2.67 1.4382 0 542.983 3.69914e-11
2.67 1.4382 0 543.985 3.59192e-11
2.67 1.4382 0 544.988 3.48783e-11
2.67 1.4382 0 545.99 3.38676e-11
2.67 1.4382 0 546.993 3.28863e-11
2.67 1.4382 0 547.995 3.19336e-11
2.67 1.4382 0 548.998 3.10085e-11
2.67 1.4382 0 550 3.01104e-11
