2.43 1.4382 0 150.015 7.55399e-06
2.43 1.4382 0 151.017 1.34365e-05
2.43 1.4382 0 152.02 1.34728e-05
2.43 1.4382 0 153.022 1.27966e-05
2.43 1.4382 0 154.025 1.21267e-05
2.43 1.4382 0 155.027 1.15026e-05
2.43 1.4382 0 156.03 1.09207e-05
2.43 1.4382 0 157.032 1.03764e-05
2.43 1.4382 0 158.035 9.86626e-06
2.43 1.4382 0 159.037 9.38717e-06
2.43 1.4382 0 160.04 8.93664e-06
2.43 1.4382 0 161.042 8.51247e-06
2.43 1.4382 0 162.045 8.11272e-06
2.43 1.4382 0 163.047 7.73564e-06
2.43 1.4382 0 164.05 7.37965e-06
2.43 1.4382 0 165.052 7.04332e-06
2.43 1.4382 0 166.054 6.72532e-06
2.43 1.4382 0 167.057 6.42446e-06
2.43 1.4382 0 168.059 6.13963e-06
2.43 1.4382 0 169.062 5.8698e-06
2.43 1.4382 0 170.064 5.61404e-06
2.43 1.4382 0 171.067 5.37147e-06
2.43 1.4382 0 172.069 5.14129e-06
2.43 1.4382 0 173.072 4.92274e-06
2.43 1.4382 0 174.074 4.71513e-06
2.43 1.4382 0 175.077 4.51781e-06
2.43 1.4382 0 176.079 4.33018e-06
2.43 1.4382 0 177.082 4.15168e-06
2.43 1.4382 0 178.084 3.98178e-06
2.43 1.4382 0 179.087 3.82e-06
2.43 1.4382 0 180.089 3.66587e-06
2.43 1.4382 0 181.092 3.51898e-06
2.43 1.4382 0 182.094 3.37892e-06
2.43 1.4382 0 183.096 3.24532e-06
2.43 1.4382 0 184.099 3.11784e-06
2.43 1.4382 0 185.101 2.99614e-06
2.43 1.4382 0 186.104 2.87991e-06
2.43 1.4382 0 187.106 2.76888e-06
2.43 1.4382 0 188.109 2.66276e-06
2.43 1.4382 0 189.111 2.56131e-06
2.43 1.4382 0 190.114 2.46429e-06
2.43 1.4382 0 191.116 2.37146e-06
2.43 1.4382 0 192.119 2.28263e-06
2.43 1.4382 0 193.121 2.19758e-06
2.43 1.4382 0 194.124 2.11614e-06
2.43 1.4382 0 195.126 2.03812e-06
2.43 1.4382 0 196.129 1.96336e-06
2.43 1.4382 0 197.131 1.89171e-06
2.43 1.4382 0 198.133 1.82301e-06
2.43 1.4382 0 199.136 1.75712e-06
2.43 1.4382 0 200.138 1.69391e-06
2.43 1.4382 0 201.141 1.63326e-06
2.43 1.4382 0 202.143 1.57504e-06
2.43 1.4382 0 203.146 1.51915e-06
2.43 1.4382 0 204.148 1.46548e-06
2.43 1.4382 0 205.151 1.41392e-06
2.43 1.4382 0 206.153 1.36439e-06
2.43 1.4382 0 207.156 1.31679e-06
2.43 1.4382 0 208.158 1.27103e-06
2.43 1.4382 0 209.161 1.22704e-06
2.43 1.4382 0 210.163 1.18473e-06
2.43 1.4382 0 211.166 1.14404e-06
2.43 1.4382 0 212.168 1.1049e-06
2.43 1.4382 0 213.171 1.06723e-06
2.43 1.4382 0 214.173 1.03097e-06
2.43 1.4382 0 215.175 9.96076e-07
2.43 1.4382 0 216.178 9.62475e-07
2.43 1.4382 0 217.18 9.30119e-07
2.43 1.4382 0 218.183 8.98954e-07
2.43 1.4382 0 219.185 8.68931e-07
2.43 1.4382 0 220.188 8.40005e-07
2.43 1.4382 0 221.19 8.1213e-07
2.43 1.4382 0 222.193 7.85263e-07
2.43 1.4382 0 223.195 7.59363e-07
2.43 1.4382 0 224.198 7.34393e-07
2.43 1.4382 0 225.2 7.10314e-07
2.43 1.4382 0 226.203 6.87092e-07
2.43 1.4382 0 227.205 6.64693e-07
2.43 1.4382 0 228.208 6.43083e-07
2.43 1.4382 0 229.21 6.22233e-07
2.43 1.4382 0 230.212 6.02114e-07
2.43 1.4382 0 231.215 5.82695e-07
2.43 1.4382 0 232.217 5.63952e-07
2.43 1.4382 0 233.22 5.45857e-07
2.43 1.4382 0 234.222 5.28387e-07
2.43 1.4382 0 235.225 5.11517e-07
2.43 1.4382 0 236.227 4.95225e-07
2.43 1.4382 0 237.23 4.79489e-07
2.43 1.4382 0 238.232 4.64289e-07
2.43 1.4382 0 239.235 4.49604e-07
2.43 1.4382 0 240.237 4.35415e-07
2.43 1.4382 0 241.24 4.21704e-07
2.43 1.4382 0 242.242 4.08454e-07
2.43 1.4382 0 243.245 3.95648e-07
2.43 1.4382 0 244.247 3.83269e-07
2.43 1.4382 0 245.25 3.71302e-07
2.43 1.4382 0 246.252 3.59732e-07
2.43 1.4382 0 247.254 3.48544e-07
2.43 1.4382 0 248.257 3.37726e-07
2.43 1.4382 0 249.259 3.27264e-07
2.43 1.4382 0 250.262 3.17145e-07
2.43 1.4382 0 251.264 3.07358e-07
2.43 1.4382 0 252.267 2.97889e-07
2.43 1.4382 0 253.269 2.88729e-07
2.43 1.4382 0 254.272 2.79866e-07
2.43 1.4382 0 255.274 2.7129e-07
2.43 1.4382 0 256.277 2.62992e-07
2.43 1.4382 0 257.279 2.5496e-07
2.43 1.4382 0 258.282 2.47187e-07
2.43 1.4382 0 259.284 2.39663e-07
2.43 1.4382 0 260.287 2.3238e-07
2.43 1.4382 0 261.289 2.25329e-07
2.43 1.4382 0 262.291 2.18502e-07
2.43 1.4382 0 263.294 2.11893e-07
2.43 1.4382 0 264.296 2.05493e-07
2.43 1.4382 0 265.299 1.99296e-07
2.43 1.4382 0 266.301 1.93294e-07
2.43 1.4382 0 267.304 1.87481e-07
2.43 1.4382 0 268.306 1.81851e-07
2.43 1.4382 0 269.309 1.76398e-07
2.43 1.4382 0 270.311 1.71116e-07
2.43 1.4382 0 271.314 1.65998e-07
2.43 1.4382 0 272.316 1.6104e-07
2.43 1.4382 0 273.319 1.56237e-07
2.43 1.4382 0 274.321 1.51583e-07
2.43 1.4382 0 275.324 1.47073e-07
2.43 1.4382 0 276.326 1.42702e-07
2.43 1.4382 0 277.329 1.38467e-07
2.43 1.4382 0 278.331 1.34362e-07
2.43 1.4382 0 279.333 1.30384e-07
2.43 1.4382 0 280.336 1.26528e-07
2.43 1.4382 0 281.338 1.22791e-07
2.43 1.4382 0 282.341 1.19168e-07
2.43 1.4382 0 283.343 1.15655e-07
2.43 1.4382 0 284.346 1.12251e-07
2.43 1.4382 0 285.348 1.08949e-07
2.43 1.4382 0 286.351 1.05749e-07
2.43 1.4382 0 287.353 1.02645e-07
2.43 1.4382 0 288.356 9.96362e-08
2.43 1.4382 0 289.358 9.67182e-08
2.43 1.4382 0 290.361 9.38886e-08
2.43 1.4382 0 291.363 9.11444e-08
2.43 1.4382 0 292.366 8.84831e-08
2.43 1.4382 0 293.368 8.59019e-08
2.43 1.4382 0 294.37 8.33984e-08
2.43 1.4382 0 295.373 8.09702e-08
2.43 1.4382 0 296.375 7.86148e-08
2.43 1.4382 0 297.378 7.633e-08
2.43 1.4382 0 298.38 7.41136e-08
2.43 1.4382 0 299.383 7.19634e-08
2.43 1.4382 0 300.385 6.98775e-08
2.43 1.4382 0 301.388 6.78537e-08
2.43 1.4382 0 302.39 6.58902e-08
2.43 1.4382 0 303.393 6.39852e-08
2.43 1.4382 0 304.395 6.21367e-08
2.43 1.4382 0 305.398 6.03431e-08
2.43 1.4382 0 306.4 5.86026e-08
2.43 1.4382 0 307.403 5.69137e-08
2.43 1.4382 0 308.405 5.52747e-08
2.43 1.4382 0 309.408 5.36841e-08
2.43 1.4382 0 310.41 5.21405e-08
2.43 1.4382 0 311.412 5.06424e-08
2.43 1.4382 0 312.415 4.91884e-08
2.43 1.4382 0 313.417 4.77771e-08
2.43 1.4382 0 314.42 4.64074e-08
2.43 1.4382 0 315.422 4.50778e-08
2.43 1.4382 0 316.425 4.37873e-08
2.43 1.4382 0 317.427 4.25345e-08
2.43 1.4382 0 318.43 4.13184e-08
2.43 1.4382 0 319.432 4.01379e-08
2.43 1.4382 0 320.435 3.89919e-08
2.43 1.4382 0 321.437 3.78793e-08
2.43 1.4382 0 322.44 3.67991e-08
2.43 1.4382 0 323.442 3.57504e-08
2.43 1.4382 0 324.445 3.47323e-08
2.43 1.4382 0 325.447 3.37437e-08
2.43 1.4382 0 326.449 3.27839e-08
2.43 1.4382 0 327.452 3.1852e-08
2.43 1.4382 0 328.454 3.0947e-08
2.43 1.4382 0 329.457 3.00683e-08
2.43 1.4382 0 330.459 2.92151e-08
2.43 1.4382 0 331.462 2.83865e-08
2.43 1.4382 0 332.464 2.75819e-08
2.43 1.4382 0 333.467 2.68005e-08
2.43 1.4382 0 334.469 2.60417e-08
2.43 1.4382 0 335.472 2.53048e-08
2.43 1.4382 0 336.474 2.45891e-08
2.43 1.4382 0 337.477 2.38941e-08
2.43 1.4382 0 338.479 2.3219e-08
2.43 1.4382 0 339.482 2.25633e-08
2.43 1.4382 0 340.484 2.19265e-08
2.43 1.4382 0 341.487 2.1308e-08
2.43 1.4382 0 342.489 2.07072e-08
2.43 1.4382 0 343.491 2.01237e-08
2.43 1.4382 0 344.494 1.95569e-08
2.43 1.4382 0 345.496 1.90063e-08
2.43 1.4382 0 346.499 1.84714e-08
2.43 1.4382 0 347.501 1.79519e-08
2.43 1.4382 0 348.504 1.74472e-08
2.43 1.4382 0 349.506 1.69569e-08
2.43 1.4382 0 350.509 1.64807e-08
2.43 1.4382 0 351.511 1.6018e-08
2.43 1.4382 0 352.514 1.55685e-08
2.43 1.4382 0 353.516 1.51318e-08
2.43 1.4382 0 354.519 1.47075e-08
2.43 1.4382 0 355.521 1.42953e-08
2.43 1.4382 0 356.524 1.38949e-08
2.43 1.4382 0 357.526 1.35058e-08
2.43 1.4382 0 358.528 1.31278e-08
2.43 1.4382 0 359.531 1.27605e-08
2.43 1.4382 0 360.533 1.24036e-08
2.43 1.4382 0 361.536 1.20569e-08
2.43 1.4382 0 362.538 1.17199e-08
2.43 1.4382 0 363.541 1.13926e-08
2.43 1.4382 0 364.543 1.10745e-08
2.43 1.4382 0 365.546 1.07654e-08
2.43 1.4382 0 366.548 1.0465e-08
2.43 1.4382 0 367.551 1.01731e-08
2.43 1.4382 0 368.553 9.8895e-09
2.43 1.4382 0 369.556 9.61389e-09
2.43 1.4382 0 370.558 9.34606e-09
2.43 1.4382 0 371.561 9.08579e-09
2.43 1.4382 0 372.563 8.83285e-09
2.43 1.4382 0 373.566 8.58705e-09
2.43 1.4382 0 374.568 8.34816e-09
2.43 1.4382 0 375.57 8.11601e-09
2.43 1.4382 0 376.573 7.89039e-09
2.43 1.4382 0 377.575 7.67112e-09
2.43 1.4382 0 378.578 7.45801e-09
2.43 1.4382 0 379.58 7.2509e-09
2.43 1.4382 0 380.583 7.0496e-09
2.43 1.4382 0 381.585 6.85396e-09
2.43 1.4382 0 382.588 6.6638e-09
2.43 1.4382 0 383.59 6.47899e-09
2.43 1.4382 0 384.593 6.29935e-09
2.43 1.4382 0 385.595 6.12476e-09
2.43 1.4382 0 386.598 5.95505e-09
2.43 1.4382 0 387.6 5.7901e-09
2.43 1.4382 0 388.603 5.62977e-09
2.43 1.4382 0 389.605 5.47393e-09
2.43 1.4382 0 390.607 5.32244e-09
2.43 1.4382 0 391.61 5.17519e-09
2.43 1.4382 0 392.612 5.03206e-09
2.43 1.4382 0 393.615 4.89293e-09
2.43 1.4382 0 394.617 4.75769e-09
2.43 1.4382 0 395.62 4.62622e-09
2.43 1.4382 0 396.622 4.49842e-09
2.43 1.4382 0 397.625 4.37419e-09
2.43 1.4382 0 398.627 4.25342e-09
2.43 1.4382 0 399.63 4.13602e-09
2.43 1.4382 0 400.632 4.02189e-09
2.43 1.4382 0 401.635 3.91094e-09
2.43 1.4382 0 402.637 3.80309e-09
2.43 1.4382 0 403.64 3.69823e-09
2.43 1.4382 0 404.642 3.59629e-09
2.43 1.4382 0 405.645 3.49719e-09
2.43 1.4382 0 406.647 3.40085e-09
2.43 1.4382 0 407.649 3.30718e-09
2.43 1.4382 0 408.652 3.21612e-09
2.43 1.4382 0 409.654 3.12759e-09
2.43 1.4382 0 410.657 3.04152e-09
2.43 1.4382 0 411.659 2.95783e-09
2.43 1.4382 0 412.662 2.87647e-09
2.43 1.4382 0 413.664 2.79737e-09
2.43 1.4382 0 414.667 2.72046e-09
2.43 1.4382 0 415.669 2.64569e-09
2.43 1.4382 0 416.672 2.57299e-09
2.43 1.4382 0 417.674 2.5023e-09
2.43 1.4382 0 418.677 2.43357e-09
2.43 1.4382 0 419.679 2.36675e-09
2.43 1.4382 0 420.682 2.30177e-09
2.43 1.4382 0 421.684 2.2386e-09
2.43 1.4382 0 422.686 2.17717e-09
2.43 1.4382 0 423.689 2.11744e-09
2.43 1.4382 0 424.691 2.05936e-09
2.43 1.4382 0 425.694 2.00289e-09
2.43 1.4382 0 426.696 1.94798e-09
2.43 1.4382 0 427.699 1.89459e-09
2.43 1.4382 0 428.701 1.84267e-09
2.43 1.4382 0 429.704 1.79219e-09
2.43 1.4382 0 430.706 1.7431e-09
2.43 1.4382 0 431.709 1.69537e-09
2.43 1.4382 0 432.711 1.64895e-09
2.43 1.4382 0 433.714 1.60381e-09
2.43 1.4382 0 434.716 1.55992e-09
2.43 1.4382 0 435.719 1.51724e-09
2.43 1.4382 0 436.721 1.47573e-09
2.43 1.4382 0 437.724 1.43537e-09
2.43 1.4382 0 438.726 1.39612e-09
2.43 1.4382 0 439.728 1.35795e-09
2.43 1.4382 0 440.731 1.32084e-09
2.43 1.4382 0 441.733 1.28474e-09
2.43 1.4382 0 442.736 1.24964e-09
2.43 1.4382 0 443.738 1.2155e-09
2.43 1.4382 0 444.741 1.18231e-09
2.43 1.4382 0 445.743 1.15002e-09
2.43 1.4382 0 446.746 1.11863e-09
2.43 1.4382 0 447.748 1.08809e-09
2.43 1.4382 0 448.751 1.0584e-09
2.43 1.4382 0 449.753 1.02952e-09
2.43 1.4382 0 450.756 1.00144e-09
2.43 1.4382 0 451.758 9.74123e-10
2.43 1.4382 0 452.761 9.4756e-10
2.43 1.4382 0 453.763 9.21726e-10
2.43 1.4382 0 454.765 8.966e-10
2.43 1.4382 0 455.768 8.72165e-10
2.43 1.4382 0 456.77 8.48399e-10
2.43 1.4382 0 457.773 8.25286e-10
2.43 1.4382 0 458.775 8.02806e-10
2.43 1.4382 0 459.778 7.80942e-10
2.43 1.4382 0 460.78 7.59678e-10
2.43 1.4382 0 461.783 7.38996e-10
2.43 1.4382 0 462.785 7.18881e-10
2.43 1.4382 0 463.788 6.99317e-10
2.43 1.4382 0 464.79 6.80289e-10
2.43 1.4382 0 465.793 6.61782e-10
2.43 1.4382 0 466.795 6.43781e-10
2.43 1.4382 0 467.798 6.26273e-10
2.43 1.4382 0 468.8 6.09244e-10
2.43 1.4382 0 469.803 5.92681e-10
2.43 1.4382 0 470.805 5.76571e-10
2.43 1.4382 0 471.807 5.60901e-10
2.43 1.4382 0 472.81 5.4566e-10
2.43 1.4382 0 473.812 5.30835e-10
2.43 1.4382 0 474.815 5.16416e-10
2.43 1.4382 0 475.817 5.0239e-10
2.43 1.4382 0 476.82 4.88748e-10
2.43 1.4382 0 477.822 4.75478e-10
2.43 1.4382 0 478.825 4.62571e-10
2.43 1.4382 0 479.827 4.50016e-10
2.43 1.4382 0 480.83 4.37804e-10
2.43 1.4382 0 481.832 4.25925e-10
2.43 1.4382 0 482.835 4.1437e-10
2.43 1.4382 0 483.837 4.0313e-10
2.43 1.4382 0 484.84 3.92197e-10
2.43 1.4382 0 485.842 3.81562e-10
2.43 1.4382 0 486.844 3.71217e-10
2.43 1.4382 0 487.847 3.61155e-10
2.43 1.4382 0 488.849 3.51366e-10
2.43 1.4382 0 489.852 3.41844e-10
2.43 1.4382 0 490.854 3.32582e-10
2.43 1.4382 0 491.857 3.23572e-10
2.43 1.4382 0 492.859 3.14807e-10
2.43 1.4382 0 493.862 3.06281e-10
2.43 1.4382 0 494.864 2.97987e-10
2.43 1.4382 0 495.867 2.89919e-10
2.43 1.4382 0 496.869 2.82071e-10
2.43 1.4382 0 497.872 2.74436e-10
2.43 1.4382 0 498.874 2.67009e-10
2.43 1.4382 0 499.877 2.59783e-10
2.43 1.4382 0 500.879 2.52755e-10
2.43 1.4382 0 501.882 2.45917e-10
2.43 1.4382 0 502.884 2.39266e-10
2.43 1.4382 0 503.886 2.32795e-10
2.43 1.4382 0 504.889 2.265e-10
2.43 1.4382 0 505.891 2.20376e-10
2.43 1.4382 0 506.894 2.14419e-10
2.43 1.4382 0 507.896 2.08623e-10
2.43 1.4382 0 508.899 2.02985e-10
2.43 1.4382 0 509.901 1.975e-10
2.43 1.4382 0 510.904 1.92164e-10
2.43 1.4382 0 511.906 1.86973e-10
2.43 1.4382 0 512.909 1.81923e-10
2.43 1.4382 0 513.911 1.7701e-10
2.43 1.4382 0 514.914 1.7223e-10
2.43 1.4382 0 515.916 1.6758e-10
2.43 1.4382 0 516.919 1.63056e-10
2.43 1.4382 0 517.921 1.58654e-10
2.43 1.4382 0 518.923 1.54372e-10
2.43 1.4382 0 519.926 1.50207e-10
2.43 1.4382 0 520.928 1.46154e-10
2.43 1.4382 0 521.931 1.42211e-10
2.43 1.4382 0 522.933 1.38375e-10
2.43 1.4382 0 523.936 1.34642e-10
2.43 1.4382 0 524.938 1.31011e-10
2.43 1.4382 0 525.941 1.27479e-10
2.43 1.4382 0 526.943 1.24042e-10
2.43 1.4382 0 527.946 1.20698e-10
2.43 1.4382 0 528.948 1.17444e-10
2.43 1.4382 0 529.951 1.14279e-10
2.43 1.4382 0 530.953 1.112e-10
2.43 1.4382 0 531.956 1.08203e-10
2.43 1.4382 0 532.958 1.05288e-10
2.43 1.4382 0 533.961 1.02452e-10
2.43 1.4382 0 534.963 9.96925e-11
2.43 1.4382 0 535.965 9.70076e-11
2.43 1.4382 0 536.968 9.43954e-11
2.43 1.4382 0 537.97 9.18538e-11
2.43 1.4382 0 538.973 8.9381e-11
2.43 1.4382 0 539.975 8.6975e-11
2.43 1.4382 0 540.978 8.4634e-11
2.43 1.4382 0 541.98 8.23564e-11
2.43 1.4382 0 542.983 8.01402e-11
2.43 1.4382 0 543.985 7.7984e-11
2.43 1.4382 0 544.988 7.5886e-11
2.43 1.4382 0 545.99 7.38448e-11
2.43 1.4382 0 546.993 7.18586e-11
2.43 1.4382 0 547.995 6.99261e-11
2.43 1.4382 0 548.998 6.80458e-11
2.43 1.4382 0 550 6.62162e-11
