0.815 1.4382 0 150.015 2.51846e-06
0.815 1.4382 0 151.017 4.58095e-06
0.815 1.4382 0 152.02 4.76153e-06
0.815 1.4382 0 153.022 4.69626e-06
0.815 1.4382 0 154.025 4.62027e-06
0.815 1.4382 0 155.027 4.54767e-06
0.815 1.4382 0 156.03 4.47824e-06
0.815 1.4382 0 157.032 4.41129e-06
0.815 1.4382 0 158.035 4.3464e-06
0.815 1.4382 0 159.037 4.28325e-06
0.815 1.4382 0 160.04 4.22164e-06
0.815 1.4382 0 161.042 4.16142e-06
0.815 1.4382 0 162.045 4.10248e-06
0.815 1.4382 0 163.047 4.04472e-06
0.815 1.4382 0 164.05 3.98807e-06
0.815 1.4382 0 165.052 3.93247e-06
0.815 1.4382 0 166.054 3.87787e-06
0.815 1.4382 0 167.057 3.82423e-06
0.815 1.4382 0 168.059 3.7715e-06
0.815 1.4382 0 169.062 3.71966e-06
0.815 1.4382 0 170.064 3.66867e-06
0.815 1.4382 0 171.067 3.61851e-06
0.815 1.4382 0 172.069 3.56915e-06
0.815 1.4382 0 173.072 3.52058e-06
0.815 1.4382 0 174.074 3.47276e-06
0.815 1.4382 0 175.077 3.42568e-06
0.815 1.4382 0 176.079 3.37933e-06
0.815 1.4382 0 177.082 3.33368e-06
0.815 1.4382 0 178.084 3.28873e-06
0.815 1.4382 0 179.087 3.24445e-06
0.815 1.4382 0 180.089 3.20083e-06
0.815 1.4382 0 181.092 3.15786e-06
0.815 1.4382 0 182.094 3.11553e-06
0.815 1.4382 0 183.096 3.07382e-06
0.815 1.4382 0 184.099 3.03272e-06
0.815 1.4382 0 185.101 2.99222e-06
0.815 1.4382 0 186.104 2.9523e-06
0.815 1.4382 0 187.106 2.91297e-06
0.815 1.4382 0 188.109 2.87421e-06
0.815 1.4382 0 189.111 2.836e-06
0.815 1.4382 0 190.114 2.79834e-06
0.815 1.4382 0 191.116 2.76123e-06
0.815 1.4382 0 192.119 2.72464e-06
0.815 1.4382 0 193.121 2.68857e-06
0.815 1.4382 0 194.124 2.65302e-06
0.815 1.4382 0 195.126 2.61797e-06
0.815 1.4382 0 196.129 2.58341e-06
0.815 1.4382 0 197.131 2.54935e-06
0.815 1.4382 0 198.133 2.51577e-06
0.815 1.4382 0 199.136 2.48265e-06
0.815 1.4382 0 200.138 2.45001e-06
0.815 1.4382 0 201.141 2.41782e-06
0.815 1.4382 0 202.143 2.38608e-06
0.815 1.4382 0 203.146 2.35479e-06
0.815 1.4382 0 204.148 2.32394e-06
0.815 1.4382 0 205.151 2.29351e-06
0.815 1.4382 0 206.153 2.26351e-06
0.815 1.4382 0 207.156 2.23393e-06
0.815 1.4382 0 208.158 2.20475e-06
0.815 1.4382 0 209.161 2.17599e-06
0.815 1.4382 0 210.163 2.14762e-06
0.815 1.4382 0 211.166 2.11964e-06
0.815 1.4382 0 212.168 2.09205e-06
0.815 1.4382 0 213.171 2.06485e-06
0.815 1.4382 0 214.173 2.03802e-06
0.815 1.4382 0 215.175 2.01155e-06
0.815 1.4382 0 216.178 1.98546e-06
0.815 1.4382 0 217.18 1.95972e-06
0.815 1.4382 0 218.183 1.93434e-06
0.815 1.4382 0 219.185 1.9093e-06
0.815 1.4382 0 220.188 1.88461e-06
0.815 1.4382 0 221.19 1.86026e-06
0.815 1.4382 0 222.193 1.83624e-06
0.815 1.4382 0 223.195 1.81255e-06
0.815 1.4382 0 224.198 1.78918e-06
0.815 1.4382 0 225.2 1.76614e-06
0.815 1.4382 0 226.203 1.74341e-06
0.815 1.4382 0 227.205 1.72098e-06
0.815 1.4382 0 228.208 1.69887e-06
0.815 1.4382 0 229.21 1.67705e-06
0.815 1.4382 0 230.212 1.65554e-06
0.815 1.4382 0 231.215 1.63431e-06
0.815 1.4382 0 232.217 1.61337e-06
0.815 1.4382 0 233.22 1.59272e-06
0.815 1.4382 0 234.222 1.57235e-06
0.815 1.4382 0 235.225 1.55225e-06
0.815 1.4382 0 236.227 1.53243e-06
0.815 1.4382 0 237.23 1.51287e-06
0.815 1.4382 0 238.232 1.49358e-06
0.815 1.4382 0 239.235 1.47455e-06
0.815 1.4382 0 240.237 1.45578e-06
0.815 1.4382 0 241.24 1.43726e-06
0.815 1.4382 0 242.242 1.41899e-06
0.815 1.4382 0 243.245 1.40097e-06
0.815 1.4382 0 244.247 1.38319e-06
0.815 1.4382 0 245.25 1.36565e-06
0.815 1.4382 0 246.252 1.34834e-06
0.815 1.4382 0 247.254 1.33127e-06
0.815 1.4382 0 248.257 1.31442e-06
0.815 1.4382 0 249.259 1.29781e-06
0.815 1.4382 0 250.262 1.28141e-06
0.815 1.4382 0 251.264 1.26524e-06
0.815 1.4382 0 252.267 1.24928e-06
0.815 1.4382 0 253.269 1.23353e-06
0.815 1.4382 0 254.272 1.218e-06
0.815 1.4382 0 255.274 1.20267e-06
0.815 1.4382 0 256.277 1.18755e-06
0.815 1.4382 0 257.279 1.17263e-06
0.815 1.4382 0 258.282 1.1579e-06
0.815 1.4382 0 259.284 1.14338e-06
0.815 1.4382 0 260.287 1.12904e-06
0.815 1.4382 0 261.289 1.1149e-06
0.815 1.4382 0 262.291 1.10095e-06
0.815 1.4382 0 263.294 1.08718e-06
0.815 1.4382 0 264.296 1.07359e-06
0.815 1.4382 0 265.299 1.06019e-06
0.815 1.4382 0 266.301 1.04696e-06
0.815 1.4382 0 267.304 1.0339e-06
0.815 1.4382 0 268.306 1.02102e-06
0.815 1.4382 0 269.309 1.00831e-06
0.815 1.4382 0 270.311 9.95771e-07
0.815 1.4382 0 271.314 9.83394e-07
0.815 1.4382 0 272.316 9.7118e-07
0.815 1.4382 0 273.319 9.59127e-07
0.815 1.4382 0 274.321 9.47233e-07
0.815 1.4382 0 275.324 9.35496e-07
0.815 1.4382 0 276.326 9.23912e-07
0.815 1.4382 0 277.329 9.12481e-07
0.815 1.4382 0 278.331 9.012e-07
0.815 1.4382 0 279.333 8.90067e-07
0.815 1.4382 0 280.336 8.7908e-07
0.815 1.4382 0 281.338 8.68237e-07
0.815 1.4382 0 282.341 8.57536e-07
0.815 1.4382 0 283.343 8.46974e-07
0.815 1.4382 0 284.346 8.36551e-07
0.815 1.4382 0 285.348 8.26264e-07
0.815 1.4382 0 286.351 8.16111e-07
0.815 1.4382 0 287.353 8.0609e-07
0.815 1.4382 0 288.356 7.962e-07
0.815 1.4382 0 289.358 7.86439e-07
0.815 1.4382 0 290.361 7.76804e-07
0.815 1.4382 0 291.363 7.67295e-07
0.815 1.4382 0 292.366 7.57909e-07
0.815 1.4382 0 293.368 7.48646e-07
0.815 1.4382 0 294.37 7.39502e-07
0.815 1.4382 0 295.373 7.30477e-07
0.815 1.4382 0 296.375 7.21568e-07
0.815 1.4382 0 297.378 7.12775e-07
0.815 1.4382 0 298.38 7.04095e-07
0.815 1.4382 0 299.383 6.95528e-07
0.815 1.4382 0 300.385 6.87071e-07
0.815 1.4382 0 301.388 6.78723e-07
0.815 1.4382 0 302.39 6.70483e-07
0.815 1.4382 0 303.393 6.62349e-07
0.815 1.4382 0 304.395 6.54319e-07
0.815 1.4382 0 305.398 6.46393e-07
0.815 1.4382 0 306.4 6.38568e-07
0.815 1.4382 0 307.403 6.30844e-07
0.815 1.4382 0 308.405 6.23219e-07
0.815 1.4382 0 309.408 6.15692e-07
0.815 1.4382 0 310.41 6.08261e-07
0.815 1.4382 0 311.412 6.00925e-07
0.815 1.4382 0 312.415 5.93683e-07
0.815 1.4382 0 313.417 5.86534e-07
0.815 1.4382 0 314.42 5.79475e-07
0.815 1.4382 0 315.422 5.72507e-07
0.815 1.4382 0 316.425 5.65627e-07
0.815 1.4382 0 317.427 5.58836e-07
0.815 1.4382 0 318.43 5.5213e-07
0.815 1.4382 0 319.432 5.4551e-07
0.815 1.4382 0 320.435 5.38974e-07
0.815 1.4382 0 321.437 5.3252e-07
0.815 1.4382 0 322.44 5.26149e-07
0.815 1.4382 0 323.442 5.19858e-07
0.815 1.4382 0 324.445 5.13647e-07
0.815 1.4382 0 325.447 5.07515e-07
0.815 1.4382 0 326.449 5.0146e-07
0.815 1.4382 0 327.452 4.95482e-07
0.815 1.4382 0 328.454 4.89579e-07
0.815 1.4382 0 329.457 4.83751e-07
0.815 1.4382 0 330.459 4.77996e-07
0.815 1.4382 0 331.462 4.72313e-07
0.815 1.4382 0 332.464 4.66702e-07
0.815 1.4382 0 333.467 4.61162e-07
0.815 1.4382 0 334.469 4.55691e-07
0.815 1.4382 0 335.472 4.50288e-07
0.815 1.4382 0 336.474 4.44954e-07
0.815 1.4382 0 337.477 4.39686e-07
0.815 1.4382 0 338.479 4.34485e-07
0.815 1.4382 0 339.482 4.29348e-07
0.815 1.4382 0 340.484 4.24276e-07
0.815 1.4382 0 341.487 4.19267e-07
0.815 1.4382 0 342.489 4.14321e-07
0.815 1.4382 0 343.491 4.09436e-07
0.815 1.4382 0 344.494 4.04612e-07
0.815 1.4382 0 345.496 3.99849e-07
0.815 1.4382 0 346.499 3.95144e-07
0.815 1.4382 0 347.501 3.90498e-07
0.815 1.4382 0 348.504 3.8591e-07
0.815 1.4382 0 349.506 3.81379e-07
0.815 1.4382 0 350.509 3.76904e-07
0.815 1.4382 0 351.511 3.72484e-07
0.815 1.4382 0 352.514 3.68119e-07
0.815 1.4382 0 353.516 3.63809e-07
0.815 1.4382 0 354.519 3.59551e-07
0.815 1.4382 0 355.521 3.55346e-07
0.815 1.4382 0 356.524 3.51194e-07
0.815 1.4382 0 357.526 3.47092e-07
0.815 1.4382 0 358.528 3.43041e-07
0.815 1.4382 0 359.531 3.3904e-07
0.815 1.4382 0 360.533 3.35088e-07
0.815 1.4382 0 361.536 3.31185e-07
0.815 1.4382 0 362.538 3.27329e-07
0.815 1.4382 0 363.541 3.23521e-07
0.815 1.4382 0 364.543 3.1976e-07
0.815 1.4382 0 365.546 3.16045e-07
0.815 1.4382 0 366.548 3.12376e-07
0.815 1.4382 0 367.551 3.08751e-07
0.815 1.4382 0 368.553 3.05171e-07
0.815 1.4382 0 369.556 3.01634e-07
0.815 1.4382 0 370.558 2.98141e-07
0.815 1.4382 0 371.561 2.9469e-07
0.815 1.4382 0 372.563 2.91282e-07
0.815 1.4382 0 373.566 2.87915e-07
0.815 1.4382 0 374.568 2.84589e-07
0.815 1.4382 0 375.57 2.81304e-07
0.815 1.4382 0 376.573 2.78058e-07
0.815 1.4382 0 377.575 2.74852e-07
0.815 1.4382 0 378.578 2.71685e-07
0.815 1.4382 0 379.58 2.68557e-07
0.815 1.4382 0 380.583 2.65466e-07
0.815 1.4382 0 381.585 2.62413e-07
0.815 1.4382 0 382.588 2.59396e-07
0.815 1.4382 0 383.59 2.56417e-07
0.815 1.4382 0 384.593 2.53473e-07
0.815 1.4382 0 385.595 2.50565e-07
0.815 1.4382 0 386.598 2.47692e-07
0.815 1.4382 0 387.6 2.44853e-07
0.815 1.4382 0 388.603 2.42049e-07
0.815 1.4382 0 389.605 2.39279e-07
0.815 1.4382 0 390.607 2.36542e-07
0.815 1.4382 0 391.61 2.33838e-07
0.815 1.4382 0 392.612 2.31166e-07
0.815 1.4382 0 393.615 2.28527e-07
0.815 1.4382 0 394.617 2.25919e-07
0.815 1.4382 0 395.62 2.23343e-07
0.815 1.4382 0 396.622 2.20797e-07
0.815 1.4382 0 397.625 2.18282e-07
0.815 1.4382 0 398.627 2.15797e-07
0.815 1.4382 0 399.63 2.13342e-07
0.815 1.4382 0 400.632 2.10916e-07
0.815 1.4382 0 401.635 2.08519e-07
0.815 1.4382 0 402.637 2.06151e-07
0.815 1.4382 0 403.64 2.03811e-07
0.815 1.4382 0 404.642 2.01499e-07
0.815 1.4382 0 405.645 1.99214e-07
0.815 1.4382 0 406.647 1.96957e-07
0.815 1.4382 0 407.649 1.94726e-07
0.815 1.4382 0 408.652 1.92522e-07
0.815 1.4382 0 409.654 1.90344e-07
0.815 1.4382 0 410.657 1.88192e-07
0.815 1.4382 0 411.659 1.86066e-07
0.815 1.4382 0 412.662 1.83965e-07
0.815 1.4382 0 413.664 1.81888e-07
0.815 1.4382 0 414.667 1.79837e-07
0.815 1.4382 0 415.669 1.77809e-07
0.815 1.4382 0 416.672 1.75806e-07
0.815 1.4382 0 417.674 1.73826e-07
0.815 1.4382 0 418.677 1.71869e-07
0.815 1.4382 0 419.679 1.69936e-07
0.815 1.4382 0 420.682 1.68026e-07
0.815 1.4382 0 421.684 1.66138e-07
0.815 1.4382 0 422.686 1.64272e-07
0.815 1.4382 0 423.689 1.62428e-07
0.815 1.4382 0 424.691 1.60606e-07
0.815 1.4382 0 425.694 1.58805e-07
0.815 1.4382 0 426.696 1.57025e-07
0.815 1.4382 0 427.699 1.55267e-07
0.815 1.4382 0 428.701 1.53529e-07
0.815 1.4382 0 429.704 1.51811e-07
0.815 1.4382 0 430.706 1.50113e-07
0.815 1.4382 0 431.709 1.48436e-07
0.815 1.4382 0 432.711 1.46778e-07
0.815 1.4382 0 433.714 1.45139e-07
0.815 1.4382 0 434.716 1.43519e-07
0.815 1.4382 0 435.719 1.41919e-07
0.815 1.4382 0 436.721 1.40337e-07
0.815 1.4382 0 437.724 1.38773e-07
0.815 1.4382 0 438.726 1.37228e-07
0.815 1.4382 0 439.728 1.35701e-07
0.815 1.4382 0 440.731 1.34191e-07
0.815 1.4382 0 441.733 1.327e-07
0.815 1.4382 0 442.736 1.31225e-07
0.815 1.4382 0 443.738 1.29767e-07
0.815 1.4382 0 444.741 1.28327e-07
0.815 1.4382 0 445.743 1.26903e-07
0.815 1.4382 0 446.746 1.25496e-07
0.815 1.4382 0 447.748 1.24105e-07
0.815 1.4382 0 448.751 1.2273e-07
0.815 1.4382 0 449.753 1.21371e-07
0.815 1.4382 0 450.756 1.20028e-07
0.815 1.4382 0 451.758 1.187e-07
0.815 1.4382 0 452.761 1.17388e-07
0.815 1.4382 0 453.763 1.1609e-07
0.815 1.4382 0 454.765 1.14808e-07
0.815 1.4382 0 455.768 1.13541e-07
0.815 1.4382 0 456.77 1.12288e-07
0.815 1.4382 0 457.773 1.1105e-07
0.815 1.4382 0 458.775 1.09825e-07
0.815 1.4382 0 459.778 1.08615e-07
0.815 1.4382 0 460.78 1.07419e-07
0.815 1.4382 0 461.783 1.06237e-07
0.815 1.4382 0 462.785 1.05068e-07
0.815 1.4382 0 463.788 1.03912e-07
0.815 1.4382 0 464.79 1.0277e-07
0.815 1.4382 0 465.793 1.01641e-07
0.815 1.4382 0 466.795 1.00525e-07
0.815 1.4382 0 467.798 9.94217e-08
0.815 1.4382 0 468.8 9.83309e-08
0.815 1.4382 0 469.803 9.72527e-08
0.815 1.4382 0 470.805 9.61867e-08
0.815 1.4382 0 471.807 9.5133e-08
0.815 1.4382 0 472.81 9.40913e-08
0.815 1.4382 0 473.812 9.30614e-08
0.815 1.4382 0 474.815 9.20433e-08
0.815 1.4382 0 475.817 9.10369e-08
0.815 1.4382 0 476.82 9.00418e-08
0.815 1.4382 0 477.822 8.90581e-08
0.815 1.4382 0 478.825 8.80856e-08
0.815 1.4382 0 479.827 8.71242e-08
0.815 1.4382 0 480.83 8.61737e-08
0.815 1.4382 0 481.832 8.5234e-08
0.815 1.4382 0 482.835 8.43049e-08
0.815 1.4382 0 483.837 8.33864e-08
0.815 1.4382 0 484.84 8.24783e-08
0.815 1.4382 0 485.842 8.15805e-08
0.815 1.4382 0 486.844 8.06929e-08
0.815 1.4382 0 487.847 7.98153e-08
0.815 1.4382 0 488.849 7.89477e-08
0.815 1.4382 0 489.852 7.80899e-08
0.815 1.4382 0 490.854 7.72417e-08
0.815 1.4382 0 491.857 7.64032e-08
0.815 1.4382 0 492.859 7.55741e-08
0.815 1.4382 0 493.862 7.47543e-08
0.815 1.4382 0 494.864 7.39439e-08
0.815 1.4382 0 495.867 7.31425e-08
0.815 1.4382 0 496.869 7.23502e-08
0.815 1.4382 0 497.872 7.15668e-08
0.815 1.4382 0 498.874 7.07922e-08
0.815 1.4382 0 499.877 7.00263e-08
0.815 1.4382 0 500.879 6.92691e-08
0.815 1.4382 0 501.882 6.85203e-08
0.815 1.4382 0 502.884 6.778e-08
0.815 1.4382 0 503.886 6.70479e-08
0.815 1.4382 0 504.889 6.63241e-08
0.815 1.4382 0 505.891 6.56084e-08
0.815 1.4382 0 506.894 6.49007e-08
0.815 1.4382 0 507.896 6.42009e-08
0.815 1.4382 0 508.899 6.3509e-08
0.815 1.4382 0 509.901 6.28248e-08
0.815 1.4382 0 510.904 6.21483e-08
0.815 1.4382 0 511.906 6.14793e-08
0.815 1.4382 0 512.909 6.08178e-08
0.815 1.4382 0 513.911 6.01637e-08
0.815 1.4382 0 514.914 5.95169e-08
0.815 1.4382 0 515.916 5.88773e-08
0.815 1.4382 0 516.919 5.82449e-08
0.815 1.4382 0 517.921 5.76195e-08
0.815 1.4382 0 518.923 5.7001e-08
0.815 1.4382 0 519.926 5.63895e-08
0.815 1.4382 0 520.928 5.57847e-08
0.815 1.4382 0 521.931 5.51867e-08
0.815 1.4382 0 522.933 5.45953e-08
0.815 1.4382 0 523.936 5.40105e-08
0.815 1.4382 0 524.938 5.34322e-08
0.815 1.4382 0 525.941 5.28603e-08
0.815 1.4382 0 526.943 5.22947e-08
0.815 1.4382 0 527.946 5.17354e-08
0.815 1.4382 0 528.948 5.11824e-08
0.815 1.4382 0 529.951 5.06354e-08
0.815 1.4382 0 530.953 5.00945e-08
0.815 1.4382 0 531.956 4.95596e-08
0.815 1.4382 0 532.958 4.90306e-08
0.815 1.4382 0 533.961 4.85074e-08
0.815 1.4382 0 534.963 4.79901e-08
0.815 1.4382 0 535.965 4.74784e-08
0.815 1.4382 0 536.968 4.69724e-08
0.815 1.4382 0 537.97 4.6472e-08
0.815 1.4382 0 538.973 4.59771e-08
0.815 1.4382 0 539.975 4.54877e-08
0.815 1.4382 0 540.978 4.50036e-08
0.815 1.4382 0 541.98 4.45249e-08
0.815 1.4382 0 542.983 4.40515e-08
0.815 1.4382 0 543.985 4.35832e-08
0.815 1.4382 0 544.988 4.31201e-08
0.815 1.4382 0 545.99 4.26622e-08
0.815 1.4382 0 546.993 4.22092e-08
0.815 1.4382 0 547.995 4.17612e-08
0.815 1.4382 0 548.998 4.13181e-08
0.815 1.4382 0 550 4.08799e-08
