1.115 1.4382 0 150.015 5.37676e-07
1.115 1.4382 0 151.017 9.57045e-07
1.115 1.4382 0 152.02 9.70889e-07
1.115 1.4382 0 153.022 9.40642e-07
1.115 1.4382 0 154.025 9.13073e-07
1.115 1.4382 0 155.027 8.8911e-07
1.115 1.4382 0 156.03 8.67687e-07
1.115 1.4382 0 157.032 8.48109e-07
1.115 1.4382 0 158.035 8.29948e-07
1.115 1.4382 0 159.037 8.12923e-07
1.115 1.4382 0 160.04 7.96839e-07
1.115 1.4382 0 161.042 7.81552e-07
1.115 1.4382 0 162.045 7.66957e-07
1.115 1.4382 0 163.047 7.5297e-07
1.115 1.4382 0 164.05 7.39524e-07
1.115 1.4382 0 165.052 7.26566e-07
1.115 1.4382 0 166.054 7.14052e-07
1.115 1.4382 0 167.057 7.01943e-07
1.115 1.4382 0 168.059 6.90208e-07
1.115 1.4382 0 169.062 6.78819e-07
1.115 1.4382 0 170.064 6.67753e-07
1.115 1.4382 0 171.067 6.56988e-07
1.115 1.4382 0 172.069 6.46507e-07
1.115 1.4382 0 173.072 6.36291e-07
1.115 1.4382 0 174.074 6.26328e-07
1.115 1.4382 0 175.077 6.16603e-07
1.115 1.4382 0 176.079 6.07105e-07
1.115 1.4382 0 177.082 5.97821e-07
1.115 1.4382 0 178.084 5.88744e-07
1.115 1.4382 0 179.087 5.79862e-07
1.115 1.4382 0 180.089 5.71167e-07
1.115 1.4382 0 181.092 5.62653e-07
1.115 1.4382 0 182.094 5.54311e-07
1.115 1.4382 0 183.096 5.46134e-07
1.115 1.4382 0 184.099 5.38118e-07
1.115 1.4382 0 185.101 5.30254e-07
1.115 1.4382 0 186.104 5.2254e-07
1.115 1.4382 0 187.106 5.14968e-07
1.115 1.4382 0 188.109 5.07534e-07
1.115 1.4382 0 189.111 5.00234e-07
1.115 1.4382 0 190.114 4.93064e-07
1.115 1.4382 0 191.116 4.8602e-07
1.115 1.4382 0 192.119 4.79097e-07
1.115 1.4382 0 193.121 4.72292e-07
1.115 1.4382 0 194.124 4.65602e-07
1.115 1.4382 0 195.126 4.59024e-07
1.115 1.4382 0 196.129 4.52554e-07
1.115 1.4382 0 197.131 4.4619e-07
1.115 1.4382 0 198.133 4.39928e-07
1.115 1.4382 0 199.136 4.33767e-07
1.115 1.4382 0 200.138 4.27704e-07
1.115 1.4382 0 201.141 4.21736e-07
1.115 1.4382 0 202.143 4.15862e-07
1.115 1.4382 0 203.146 4.10078e-07
1.115 1.4382 0 204.148 4.04383e-07
1.115 1.4382 0 205.151 3.98775e-07
1.115 1.4382 0 206.153 3.93252e-07
1.115 1.4382 0 207.156 3.87812e-07
1.115 1.4382 0 208.158 3.82454e-07
1.115 1.4382 0 209.161 3.77175e-07
1.115 1.4382 0 210.163 3.71974e-07
1.115 1.4382 0 211.166 3.6685e-07
1.115 1.4382 0 212.168 3.61801e-07
1.115 1.4382 0 213.171 3.56825e-07
1.115 1.4382 0 214.173 3.51921e-07
1.115 1.4382 0 215.175 3.47088e-07
1.115 1.4382 0 216.178 3.42325e-07
1.115 1.4382 0 217.18 3.37629e-07
1.115 1.4382 0 218.183 3.33001e-07
1.115 1.4382 0 219.185 3.28438e-07
1.115 1.4382 0 220.188 3.2394e-07
1.115 1.4382 0 221.19 3.19506e-07
1.115 1.4382 0 222.193 3.15133e-07
1.115 1.4382 0 223.195 3.10823e-07
1.115 1.4382 0 224.198 3.06572e-07
1.115 1.4382 0 225.2 3.02381e-07
1.115 1.4382 0 226.203 2.98248e-07
1.115 1.4382 0 227.205 2.94172e-07
1.115 1.4382 0 228.208 2.90154e-07
1.115 1.4382 0 229.21 2.8619e-07
1.115 1.4382 0 230.212 2.82282e-07
1.115 1.4382 0 231.215 2.78427e-07
1.115 1.4382 0 232.217 2.74625e-07
1.115 1.4382 0 233.22 2.70876e-07
1.115 1.4382 0 234.222 2.67178e-07
1.115 1.4382 0 235.225 2.63531e-07
1.115 1.4382 0 236.227 2.59933e-07
1.115 1.4382 0 237.23 2.56385e-07
1.115 1.4382 0 238.232 2.52886e-07
1.115 1.4382 0 239.235 2.49434e-07
1.115 1.4382 0 240.237 2.46029e-07
1.115 1.4382 0 241.24 2.42671e-07
1.115 1.4382 0 242.242 2.39358e-07
1.115 1.4382 0 243.245 2.3609e-07
1.115 1.4382 0 244.247 2.32867e-07
1.115 1.4382 0 245.25 2.29688e-07
1.115 1.4382 0 246.252 2.26552e-07
1.115 1.4382 0 247.254 2.23458e-07
1.115 1.4382 0 248.257 2.20406e-07
1.115 1.4382 0 249.259 2.17396e-07
1.115 1.4382 0 250.262 2.14427e-07
1.115 1.4382 0 251.264 2.11498e-07
1.115 1.4382 0 252.267 2.08608e-07
1.115 1.4382 0 253.269 2.05758e-07
1.115 1.4382 0 254.272 2.02947e-07
1.115 1.4382 0 255.274 2.00173e-07
1.115 1.4382 0 256.277 1.97437e-07
1.115 1.4382 0 257.279 1.94739e-07
1.115 1.4382 0 258.282 1.92076e-07
1.115 1.4382 0 259.284 1.8945e-07
1.115 1.4382 0 260.287 1.8686e-07
1.115 1.4382 0 261.289 1.84304e-07
1.115 1.4382 0 262.291 1.81783e-07
1.115 1.4382 0 263.294 1.79297e-07
1.115 1.4382 0 264.296 1.76844e-07
1.115 1.4382 0 265.299 1.74424e-07
1.115 1.4382 0 266.301 1.72037e-07
1.115 1.4382 0 267.304 1.69683e-07
1.115 1.4382 0 268.306 1.6736e-07
1.115 1.4382 0 269.309 1.65069e-07
1.115 1.4382 0 270.311 1.62809e-07
1.115 1.4382 0 271.314 1.6058e-07
1.115 1.4382 0 272.316 1.58381e-07
1.115 1.4382 0 273.319 1.56212e-07
1.115 1.4382 0 274.321 1.54072e-07
1.115 1.4382 0 275.324 1.51962e-07
1.115 1.4382 0 276.326 1.4988e-07
1.115 1.4382 0 277.329 1.47826e-07
1.115 1.4382 0 278.331 1.45801e-07
1.115 1.4382 0 279.333 1.43803e-07
1.115 1.4382 0 280.336 1.41832e-07
1.115 1.4382 0 281.338 1.39888e-07
1.115 1.4382 0 282.341 1.3797e-07
1.115 1.4382 0 283.343 1.36079e-07
1.115 1.4382 0 284.346 1.34213e-07
1.115 1.4382 0 285.348 1.32373e-07
1.115 1.4382 0 286.351 1.30557e-07
1.115 1.4382 0 287.353 1.28767e-07
1.115 1.4382 0 288.356 1.27001e-07
1.115 1.4382 0 289.358 1.25259e-07
1.115 1.4382 0 290.361 1.23541e-07
1.115 1.4382 0 291.363 1.21846e-07
1.115 1.4382 0 292.366 1.20175e-07
1.115 1.4382 0 293.368 1.18526e-07
1.115 1.4382 0 294.37 1.169e-07
1.115 1.4382 0 295.373 1.15296e-07
1.115 1.4382 0 296.375 1.13714e-07
1.115 1.4382 0 297.378 1.12153e-07
1.115 1.4382 0 298.38 1.10614e-07
1.115 1.4382 0 299.383 1.09096e-07
1.115 1.4382 0 300.385 1.07599e-07
1.115 1.4382 0 301.388 1.06122e-07
1.115 1.4382 0 302.39 1.04666e-07
1.115 1.4382 0 303.393 1.03229e-07
1.115 1.4382 0 304.395 1.01813e-07
1.115 1.4382 0 305.398 1.00415e-07
1.115 1.4382 0 306.4 9.90368e-08
1.115 1.4382 0 307.403 9.76774e-08
1.115 1.4382 0 308.405 9.63367e-08
1.115 1.4382 0 309.408 9.50143e-08
1.115 1.4382 0 310.41 9.37101e-08
1.115 1.4382 0 311.412 9.24238e-08
1.115 1.4382 0 312.415 9.11552e-08
1.115 1.4382 0 313.417 8.99039e-08
1.115 1.4382 0 314.42 8.86699e-08
1.115 1.4382 0 315.422 8.74528e-08
1.115 1.4382 0 316.425 8.62524e-08
1.115 1.4382 0 317.427 8.50686e-08
1.115 1.4382 0 318.43 8.3901e-08
1.115 1.4382 0 319.432 8.27494e-08
1.115 1.4382 0 320.435 8.16137e-08
1.115 1.4382 0 321.437 8.04936e-08
1.115 1.4382 0 322.44 7.93889e-08
1.115 1.4382 0 323.442 7.82995e-08
1.115 1.4382 0 324.445 7.7225e-08
1.115 1.4382 0 325.447 7.61652e-08
1.115 1.4382 0 326.449 7.51201e-08
1.115 1.4382 0 327.452 7.40894e-08
1.115 1.4382 0 328.454 7.30728e-08
1.115 1.4382 0 329.457 7.20703e-08
1.115 1.4382 0 330.459 7.10816e-08
1.115 1.4382 0 331.462 7.01064e-08
1.115 1.4382 0 332.464 6.91447e-08
1.115 1.4382 0 333.467 6.81963e-08
1.115 1.4382 0 334.469 6.72609e-08
1.115 1.4382 0 335.472 6.63385e-08
1.115 1.4382 0 336.474 6.54287e-08
1.115 1.4382 0 337.477 6.45315e-08
1.115 1.4382 0 338.479 6.36466e-08
1.115 1.4382 0 339.482 6.2774e-08
1.115 1.4382 0 340.484 6.19133e-08
1.115 1.4382 0 341.487 6.10646e-08
1.115 1.4382 0 342.489 6.02275e-08
1.115 1.4382 0 343.491 5.9402e-08
1.115 1.4382 0 344.494 5.85879e-08
1.115 1.4382 0 345.496 5.7785e-08
1.115 1.4382 0 346.499 5.69931e-08
1.115 1.4382 0 347.501 5.62122e-08
1.115 1.4382 0 348.504 5.54421e-08
1.115 1.4382 0 349.506 5.46826e-08
1.115 1.4382 0 350.509 5.39336e-08
1.115 1.4382 0 351.511 5.31949e-08
1.115 1.4382 0 352.514 5.24664e-08
1.115 1.4382 0 353.516 5.17479e-08
1.115 1.4382 0 354.519 5.10394e-08
1.115 1.4382 0 355.521 5.03406e-08
1.115 1.4382 0 356.524 4.96515e-08
1.115 1.4382 0 357.526 4.89719e-08
1.115 1.4382 0 358.528 4.83017e-08
1.115 1.4382 0 359.531 4.76407e-08
1.115 1.4382 0 360.533 4.69888e-08
1.115 1.4382 0 361.536 4.6346e-08
1.115 1.4382 0 362.538 4.5712e-08
1.115 1.4382 0 363.541 4.50867e-08
1.115 1.4382 0 364.543 4.44701e-08
1.115 1.4382 0 365.546 4.3862e-08
1.115 1.4382 0 366.548 4.32623e-08
1.115 1.4382 0 367.551 4.26708e-08
1.115 1.4382 0 368.553 4.20875e-08
1.115 1.4382 0 369.556 4.15123e-08
1.115 1.4382 0 370.558 4.0945e-08
1.115 1.4382 0 371.561 4.03855e-08
1.115 1.4382 0 372.563 3.98338e-08
1.115 1.4382 0 373.566 3.92896e-08
1.115 1.4382 0 374.568 3.8753e-08
1.115 1.4382 0 375.57 3.82238e-08
1.115 1.4382 0 376.573 3.77018e-08
1.115 1.4382 0 377.575 3.71871e-08
1.115 1.4382 0 378.578 3.66795e-08
1.115 1.4382 0 379.58 3.61788e-08
1.115 1.4382 0 380.583 3.56851e-08
1.115 1.4382 0 381.585 3.51982e-08
1.115 1.4382 0 382.588 3.4718e-08
1.115 1.4382 0 383.59 3.42444e-08
1.115 1.4382 0 384.593 3.37773e-08
1.115 1.4382 0 385.595 3.33167e-08
1.115 1.4382 0 386.598 3.28624e-08
1.115 1.4382 0 387.6 3.24144e-08
1.115 1.4382 0 388.603 3.19726e-08
1.115 1.4382 0 389.605 3.15369e-08
1.115 1.4382 0 390.607 3.11071e-08
1.115 1.4382 0 391.61 3.06833e-08
1.115 1.4382 0 392.612 3.02653e-08
1.115 1.4382 0 393.615 2.98531e-08
1.115 1.4382 0 394.617 2.94466e-08
1.115 1.4382 0 395.62 2.90456e-08
1.115 1.4382 0 396.622 2.86502e-08
1.115 1.4382 0 397.625 2.82603e-08
1.115 1.4382 0 398.627 2.78757e-08
1.115 1.4382 0 399.63 2.74964e-08
1.115 1.4382 0 400.632 2.71223e-08
1.115 1.4382 0 401.635 2.67533e-08
1.115 1.4382 0 402.637 2.63895e-08
1.115 1.4382 0 403.64 2.60306e-08
1.115 1.4382 0 404.642 2.56767e-08
1.115 1.4382 0 405.645 2.53277e-08
1.115 1.4382 0 406.647 2.49834e-08
1.115 1.4382 0 407.649 2.46439e-08
1.115 1.4382 0 408.652 2.43091e-08
1.115 1.4382 0 409.654 2.39789e-08
1.115 1.4382 0 410.657 2.36532e-08
1.115 1.4382 0 411.659 2.3332e-08
1.115 1.4382 0 412.662 2.30152e-08
1.115 1.4382 0 413.664 2.27027e-08
1.115 1.4382 0 414.667 2.23946e-08
1.115 1.4382 0 415.669 2.20907e-08
1.115 1.4382 0 416.672 2.1791e-08
1.115 1.4382 0 417.674 2.14953e-08
1.115 1.4382 0 418.677 2.12038e-08
1.115 1.4382 0 419.679 2.09162e-08
1.115 1.4382 0 420.682 2.06326e-08
1.115 1.4382 0 421.684 2.03529e-08
1.115 1.4382 0 422.686 2.0077e-08
1.115 1.4382 0 423.689 1.9805e-08
1.115 1.4382 0 424.691 1.95366e-08
1.115 1.4382 0 425.694 1.9272e-08
1.115 1.4382 0 426.696 1.90109e-08
1.115 1.4382 0 427.699 1.87535e-08
1.115 1.4382 0 428.701 1.84995e-08
1.115 1.4382 0 429.704 1.82491e-08
1.115 1.4382 0 430.706 1.80021e-08
1.115 1.4382 0 431.709 1.77585e-08
1.115 1.4382 0 432.711 1.75182e-08
1.115 1.4382 0 433.714 1.72812e-08
1.115 1.4382 0 434.716 1.70475e-08
1.115 1.4382 0 435.719 1.68169e-08
1.115 1.4382 0 436.721 1.65896e-08
1.115 1.4382 0 437.724 1.63653e-08
1.115 1.4382 0 438.726 1.61441e-08
1.115 1.4382 0 439.728 1.5926e-08
1.115 1.4382 0 440.731 1.57108e-08
1.115 1.4382 0 441.733 1.54985e-08
1.115 1.4382 0 442.736 1.52892e-08
1.115 1.4382 0 443.738 1.50828e-08
1.115 1.4382 0 444.741 1.48791e-08
1.115 1.4382 0 445.743 1.46783e-08
1.115 1.4382 0 446.746 1.44802e-08
1.115 1.4382 0 447.748 1.42848e-08
1.115 1.4382 0 448.751 1.40921e-08
1.115 1.4382 0 449.753 1.3902e-08
1.115 1.4382 0 450.756 1.37145e-08
1.115 1.4382 0 451.758 1.35295e-08
1.115 1.4382 0 452.761 1.33471e-08
1.115 1.4382 0 453.763 1.31672e-08
1.115 1.4382 0 454.765 1.29898e-08
1.115 1.4382 0 455.768 1.28148e-08
1.115 1.4382 0 456.77 1.26421e-08
1.115 1.4382 0 457.773 1.24718e-08
1.115 1.4382 0 458.775 1.23039e-08
1.115 1.4382 0 459.778 1.21382e-08
1.115 1.4382 0 460.78 1.19748e-08
1.115 1.4382 0 461.783 1.18136e-08
1.115 1.4382 0 462.785 1.16546e-08
1.115 1.4382 0 463.788 1.14978e-08
1.115 1.4382 0 464.79 1.13432e-08
1.115 1.4382 0 465.793 1.11906e-08
1.115 1.4382 0 466.795 1.10401e-08
1.115 1.4382 0 467.798 1.08917e-08
1.115 1.4382 0 468.8 1.07453e-08
1.115 1.4382 0 469.803 1.06009e-08
1.115 1.4382 0 470.805 1.04584e-08
1.115 1.4382 0 471.807 1.03179e-08
1.115 1.4382 0 472.81 1.01793e-08
1.115 1.4382 0 473.812 1.00426e-08
1.115 1.4382 0 474.815 9.90773e-09
1.115 1.4382 0 475.817 9.77472e-09
1.115 1.4382 0 476.82 9.64351e-09
1.115 1.4382 0 477.822 9.51409e-09
1.115 1.4382 0 478.825 9.38643e-09
1.115 1.4382 0 479.827 9.2605e-09
1.115 1.4382 0 480.83 9.13629e-09
1.115 1.4382 0 481.832 9.01377e-09
1.115 1.4382 0 482.835 8.89291e-09
1.115 1.4382 0 483.837 8.77369e-09
1.115 1.4382 0 484.84 8.65609e-09
1.115 1.4382 0 485.842 8.54009e-09
1.115 1.4382 0 486.844 8.42566e-09
1.115 1.4382 0 487.847 8.31279e-09
1.115 1.4382 0 488.849 8.20145e-09
1.115 1.4382 0 489.852 8.09162e-09
1.115 1.4382 0 490.854 7.98328e-09
1.115 1.4382 0 491.857 7.87641e-09
1.115 1.4382 0 492.859 7.771e-09
1.115 1.4382 0 493.862 7.66701e-09
1.115 1.4382 0 494.864 7.56443e-09
1.115 1.4382 0 495.867 7.46324e-09
1.115 1.4382 0 496.869 7.36342e-09
1.115 1.4382 0 497.872 7.26496e-09
1.115 1.4382 0 498.874 7.16782e-09
1.115 1.4382 0 499.877 7.07201e-09
1.115 1.4382 0 500.879 6.97749e-09
1.115 1.4382 0 501.882 6.88426e-09
1.115 1.4382 0 502.884 6.79228e-09
1.115 1.4382 0 503.886 6.70155e-09
1.115 1.4382 0 504.889 6.61205e-09
1.115 1.4382 0 505.891 6.52376e-09
1.115 1.4382 0 506.894 6.43666e-09
1.115 1.4382 0 507.896 6.35074e-09
1.115 1.4382 0 508.899 6.26599e-09
1.115 1.4382 0 509.901 6.18238e-09
1.115 1.4382 0 510.904 6.0999e-09
1.115 1.4382 0 511.906 6.01853e-09
1.115 1.4382 0 512.909 5.93826e-09
1.115 1.4382 0 513.911 5.85908e-09
1.115 1.4382 0 514.914 5.78097e-09
1.115 1.4382 0 515.916 5.70391e-09
1.115 1.4382 0 516.919 5.6279e-09
1.115 1.4382 0 517.921 5.55291e-09
1.115 1.4382 0 518.923 5.47893e-09
1.115 1.4382 0 519.926 5.40595e-09
1.115 1.4382 0 520.928 5.33396e-09
1.115 1.4382 0 521.931 5.26293e-09
1.115 1.4382 0 522.933 5.19287e-09
1.115 1.4382 0 523.936 5.12375e-09
1.115 1.4382 0 524.938 5.05556e-09
1.115 1.4382 0 525.941 4.98829e-09
1.115 1.4382 0 526.943 4.92192e-09
1.115 1.4382 0 527.946 4.85645e-09
1.115 1.4382 0 528.948 4.79187e-09
1.115 1.4382 0 529.951 4.72815e-09
1.115 1.4382 0 530.953 4.66529e-09
1.115 1.4382 0 531.956 4.60328e-09
1.115 1.4382 0 532.958 4.5421e-09
1.115 1.4382 0 533.961 4.48175e-09
1.115 1.4382 0 534.963 4.42221e-09
1.115 1.4382 0 535.965 4.36347e-09
1.115 1.4382 0 536.968 4.30552e-09
1.115 1.4382 0 537.97 4.24834e-09
1.115 1.4382 0 538.973 4.19194e-09
1.115 1.4382 0 539.975 4.1363e-09
1.115 1.4382 0 540.978 4.0814e-09
1.115 1.4382 0 541.98 4.02724e-09
1.115 1.4382 0 542.983 3.97381e-09
1.115 1.4382 0 543.985 3.9211e-09
1.115 1.4382 0 544.988 3.8691e-09
1.115 1.4382 0 545.99 3.81779e-09
1.115 1.4382 0 546.993 3.76717e-09
1.115 1.4382 0 547.995 3.71723e-09
1.115 1.4382 0 548.998 3.66797e-09
1.115 1.4382 0 550 3.61936e-09
