2.56 1.4382 0 150.015 9.96417e-06
2.56 1.4382 0 151.017 1.71655e-05
2.56 1.4382 0 152.02 1.78103e-05
2.56 1.4382 0 153.022 1.70139e-05
2.56 1.4382 0 154.025 1.61148e-05
2.56 1.4382 0 155.027 1.52641e-05
2.56 1.4382 0 156.03 1.44707e-05
2.56 1.4382 0 157.032 1.37303e-05
2.56 1.4382 0 158.035 1.30379e-05
2.56 1.4382 0 159.037 1.23894e-05
2.56 1.4382 0 160.04 1.1781e-05
2.56 1.4382 0 161.042 1.12097e-05
2.56 1.4382 0 162.045 1.06726e-05
2.56 1.4382 0 163.047 1.01671e-05
2.56 1.4382 0 164.05 9.69103e-06
2.56 1.4382 0 165.052 9.24219e-06
2.56 1.4382 0 166.054 8.81872e-06
2.56 1.4382 0 167.057 8.41886e-06
2.56 1.4382 0 168.059 8.04103e-06
2.56 1.4382 0 169.062 7.68374e-06
2.56 1.4382 0 170.064 7.34565e-06
2.56 1.4382 0 171.067 7.02552e-06
2.56 1.4382 0 172.069 6.72219e-06
2.56 1.4382 0 173.072 6.43459e-06
2.56 1.4382 0 174.074 6.16175e-06
2.56 1.4382 0 175.077 5.90275e-06
2.56 1.4382 0 176.079 5.65675e-06
2.56 1.4382 0 177.082 5.42295e-06
2.56 1.4382 0 178.084 5.20064e-06
2.56 1.4382 0 179.087 4.98914e-06
2.56 1.4382 0 180.089 4.78781e-06
2.56 1.4382 0 181.092 4.59607e-06
2.56 1.4382 0 182.094 4.41337e-06
2.56 1.4382 0 183.096 4.23919e-06
2.56 1.4382 0 184.099 4.07307e-06
2.56 1.4382 0 185.101 3.91456e-06
2.56 1.4382 0 186.104 3.76324e-06
2.56 1.4382 0 187.106 3.61872e-06
2.56 1.4382 0 188.109 3.48064e-06
2.56 1.4382 0 189.111 3.34866e-06
2.56 1.4382 0 190.114 3.22246e-06
2.56 1.4382 0 191.116 3.10173e-06
2.56 1.4382 0 192.119 2.9862e-06
2.56 1.4382 0 193.121 2.87559e-06
2.56 1.4382 0 194.124 2.76968e-06
2.56 1.4382 0 195.126 2.66821e-06
2.56 1.4382 0 196.129 2.57097e-06
2.56 1.4382 0 197.131 2.47775e-06
2.56 1.4382 0 198.133 2.38836e-06
2.56 1.4382 0 199.136 2.30261e-06
2.56 1.4382 0 200.138 2.22033e-06
2.56 1.4382 0 201.141 2.14136e-06
2.56 1.4382 0 202.143 2.06554e-06
2.56 1.4382 0 203.146 1.99273e-06
2.56 1.4382 0 204.148 1.92278e-06
2.56 1.4382 0 205.151 1.85557e-06
2.56 1.4382 0 206.153 1.79097e-06
2.56 1.4382 0 207.156 1.72887e-06
2.56 1.4382 0 208.158 1.66915e-06
2.56 1.4382 0 209.161 1.61171e-06
2.56 1.4382 0 210.163 1.55646e-06
2.56 1.4382 0 211.166 1.50329e-06
2.56 1.4382 0 212.168 1.45211e-06
2.56 1.4382 0 213.171 1.40285e-06
2.56 1.4382 0 214.173 1.35541e-06
2.56 1.4382 0 215.175 1.30973e-06
2.56 1.4382 0 216.178 1.26573e-06
2.56 1.4382 0 217.18 1.22334e-06
2.56 1.4382 0 218.183 1.18249e-06
2.56 1.4382 0 219.185 1.14312e-06
2.56 1.4382 0 220.188 1.10517e-06
2.56 1.4382 0 221.19 1.06859e-06
2.56 1.4382 0 222.193 1.03331e-06
2.56 1.4382 0 223.195 9.99287e-07
2.56 1.4382 0 224.198 9.66471e-07
2.56 1.4382 0 225.2 9.34814e-07
2.56 1.4382 0 226.203 9.0427e-07
2.56 1.4382 0 227.205 8.74796e-07
2.56 1.4382 0 228.208 8.46351e-07
2.56 1.4382 0 229.21 8.18895e-07
2.56 1.4382 0 230.212 7.92389e-07
2.56 1.4382 0 231.215 7.66799e-07
2.56 1.4382 0 232.217 7.42088e-07
2.56 1.4382 0 233.22 7.18225e-07
2.56 1.4382 0 234.222 6.95177e-07
2.56 1.4382 0 235.225 6.72914e-07
2.56 1.4382 0 236.227 6.51406e-07
2.56 1.4382 0 237.23 6.30627e-07
2.56 1.4382 0 238.232 6.10548e-07
2.56 1.4382 0 239.235 5.91145e-07
2.56 1.4382 0 240.237 5.72393e-07
2.56 1.4382 0 241.24 5.54268e-07
2.56 1.4382 0 242.242 5.36747e-07
2.56 1.4382 0 243.245 5.19809e-07
2.56 1.4382 0 244.247 5.03433e-07
2.56 1.4382 0 245.25 4.87598e-07
2.56 1.4382 0 246.252 4.72287e-07
2.56 1.4382 0 247.254 4.57479e-07
2.56 1.4382 0 248.257 4.43158e-07
2.56 1.4382 0 249.259 4.29306e-07
2.56 1.4382 0 250.262 4.15906e-07
2.56 1.4382 0 251.264 4.02944e-07
2.56 1.4382 0 252.267 3.90403e-07
2.56 1.4382 0 253.269 3.7827e-07
2.56 1.4382 0 254.272 3.66529e-07
2.56 1.4382 0 255.274 3.55169e-07
2.56 1.4382 0 256.277 3.44174e-07
2.56 1.4382 0 257.279 3.33534e-07
2.56 1.4382 0 258.282 3.23236e-07
2.56 1.4382 0 259.284 3.13268e-07
2.56 1.4382 0 260.287 3.03619e-07
2.56 1.4382 0 261.289 2.94278e-07
2.56 1.4382 0 262.291 2.85235e-07
2.56 1.4382 0 263.294 2.76481e-07
2.56 1.4382 0 264.296 2.68004e-07
2.56 1.4382 0 265.299 2.59797e-07
2.56 1.4382 0 266.301 2.51849e-07
2.56 1.4382 0 267.304 2.44153e-07
2.56 1.4382 0 268.306 2.36699e-07
2.56 1.4382 0 269.309 2.29481e-07
2.56 1.4382 0 270.311 2.2249e-07
2.56 1.4382 0 271.314 2.15719e-07
2.56 1.4382 0 272.316 2.0916e-07
2.56 1.4382 0 273.319 2.02806e-07
2.56 1.4382 0 274.321 1.96652e-07
2.56 1.4382 0 275.324 1.90689e-07
2.56 1.4382 0 276.326 1.84913e-07
2.56 1.4382 0 277.329 1.79317e-07
2.56 1.4382 0 278.331 1.73895e-07
2.56 1.4382 0 279.333 1.68641e-07
2.56 1.4382 0 280.336 1.6355e-07
2.56 1.4382 0 281.338 1.58617e-07
2.56 1.4382 0 282.341 1.53837e-07
2.56 1.4382 0 283.343 1.49205e-07
2.56 1.4382 0 284.346 1.44716e-07
2.56 1.4382 0 285.348 1.40365e-07
2.56 1.4382 0 286.351 1.36149e-07
2.56 1.4382 0 287.353 1.32062e-07
2.56 1.4382 0 288.356 1.28101e-07
2.56 1.4382 0 289.358 1.24261e-07
2.56 1.4382 0 290.361 1.20539e-07
2.56 1.4382 0 291.363 1.16931e-07
2.56 1.4382 0 292.366 1.13434e-07
2.56 1.4382 0 293.368 1.10044e-07
2.56 1.4382 0 294.37 1.06757e-07
2.56 1.4382 0 295.373 1.03571e-07
2.56 1.4382 0 296.375 1.00481e-07
2.56 1.4382 0 297.378 9.74863e-08
2.56 1.4382 0 298.38 9.45823e-08
2.56 1.4382 0 299.383 9.17666e-08
2.56 1.4382 0 300.385 8.90364e-08
2.56 1.4382 0 301.388 8.63891e-08
2.56 1.4382 0 302.39 8.38221e-08
2.56 1.4382 0 303.393 8.13328e-08
2.56 1.4382 0 304.395 7.89189e-08
2.56 1.4382 0 305.398 7.6578e-08
2.56 1.4382 0 306.4 7.43079e-08
2.56 1.4382 0 307.403 7.21063e-08
2.56 1.4382 0 308.405 6.99711e-08
2.56 1.4382 0 309.408 6.79003e-08
2.56 1.4382 0 310.41 6.58919e-08
2.56 1.4382 0 311.412 6.3944e-08
2.56 1.4382 0 312.415 6.20546e-08
2.56 1.4382 0 313.417 6.0222e-08
2.56 1.4382 0 314.42 5.84445e-08
2.56 1.4382 0 315.422 5.67203e-08
2.56 1.4382 0 316.425 5.50478e-08
2.56 1.4382 0 317.427 5.34255e-08
2.56 1.4382 0 318.43 5.18517e-08
2.56 1.4382 0 319.432 5.0325e-08
2.56 1.4382 0 320.435 4.8844e-08
2.56 1.4382 0 321.437 4.74073e-08
2.56 1.4382 0 322.44 4.60135e-08
2.56 1.4382 0 323.442 4.46613e-08
2.56 1.4382 0 324.445 4.33494e-08
2.56 1.4382 0 325.447 4.20766e-08
2.56 1.4382 0 326.449 4.08418e-08
2.56 1.4382 0 327.452 3.96437e-08
2.56 1.4382 0 328.454 3.84813e-08
2.56 1.4382 0 329.457 3.73534e-08
2.56 1.4382 0 330.459 3.62591e-08
2.56 1.4382 0 331.462 3.51973e-08
2.56 1.4382 0 332.464 3.41669e-08
2.56 1.4382 0 333.467 3.31672e-08
2.56 1.4382 0 334.469 3.21971e-08
2.56 1.4382 0 335.472 3.12558e-08
2.56 1.4382 0 336.474 3.03423e-08
2.56 1.4382 0 337.477 2.94559e-08
2.56 1.4382 0 338.479 2.85958e-08
2.56 1.4382 0 339.482 2.7761e-08
2.56 1.4382 0 340.484 2.6951e-08
2.56 1.4382 0 341.487 2.61648e-08
2.56 1.4382 0 342.489 2.54019e-08
2.56 1.4382 0 343.491 2.46615e-08
2.56 1.4382 0 344.494 2.3943e-08
2.56 1.4382 0 345.496 2.32456e-08
2.56 1.4382 0 346.499 2.25688e-08
2.56 1.4382 0 347.501 2.19119e-08
2.56 1.4382 0 348.504 2.12744e-08
2.56 1.4382 0 349.506 2.06556e-08
2.56 1.4382 0 350.509 2.00551e-08
2.56 1.4382 0 351.511 1.94722e-08
2.56 1.4382 0 352.514 1.89064e-08
2.56 1.4382 0 353.516 1.83572e-08
2.56 1.4382 0 354.519 1.78242e-08
2.56 1.4382 0 355.521 1.73068e-08
2.56 1.4382 0 356.524 1.68046e-08
2.56 1.4382 0 357.526 1.63171e-08
2.56 1.4382 0 358.528 1.58439e-08
2.56 1.4382 0 359.531 1.53846e-08
2.56 1.4382 0 360.533 1.49388e-08
2.56 1.4382 0 361.536 1.45059e-08
2.56 1.4382 0 362.538 1.40858e-08
2.56 1.4382 0 363.541 1.3678e-08
2.56 1.4382 0 364.543 1.3282e-08
2.56 1.4382 0 365.546 1.28977e-08
2.56 1.4382 0 366.548 1.25246e-08
2.56 1.4382 0 367.551 1.21623e-08
2.56 1.4382 0 368.553 1.18107e-08
2.56 1.4382 0 369.556 1.14693e-08
2.56 1.4382 0 370.558 1.11379e-08
2.56 1.4382 0 371.561 1.08161e-08
2.56 1.4382 0 372.563 1.05038e-08
2.56 1.4382 0 373.566 1.02005e-08
2.56 1.4382 0 374.568 9.90608e-09
2.56 1.4382 0 375.57 9.62022e-09
2.56 1.4382 0 376.573 9.34269e-09
2.56 1.4382 0 377.575 9.07324e-09
2.56 1.4382 0 378.578 8.81162e-09
2.56 1.4382 0 379.58 8.55762e-09
2.56 1.4382 0 380.583 8.311e-09
2.56 1.4382 0 381.585 8.07155e-09
2.56 1.4382 0 382.588 7.83906e-09
2.56 1.4382 0 383.59 7.61332e-09
2.56 1.4382 0 384.593 7.39413e-09
2.56 1.4382 0 385.595 7.18131e-09
2.56 1.4382 0 386.598 6.97467e-09
2.56 1.4382 0 387.6 6.77402e-09
2.56 1.4382 0 388.603 6.57919e-09
2.56 1.4382 0 389.605 6.39001e-09
2.56 1.4382 0 390.607 6.20631e-09
2.56 1.4382 0 391.61 6.02794e-09
2.56 1.4382 0 392.612 5.85473e-09
2.56 1.4382 0 393.615 5.68654e-09
2.56 1.4382 0 394.617 5.52321e-09
2.56 1.4382 0 395.62 5.36462e-09
2.56 1.4382 0 396.622 5.21061e-09
2.56 1.4382 0 397.625 5.06106e-09
2.56 1.4382 0 398.627 4.91583e-09
2.56 1.4382 0 399.63 4.77481e-09
2.56 1.4382 0 400.632 4.63785e-09
2.56 1.4382 0 401.635 4.50486e-09
2.56 1.4382 0 402.637 4.3757e-09
2.56 1.4382 0 403.64 4.25028e-09
2.56 1.4382 0 404.642 4.12848e-09
2.56 1.4382 0 405.645 4.01019e-09
2.56 1.4382 0 406.647 3.89531e-09
2.56 1.4382 0 407.649 3.78375e-09
2.56 1.4382 0 408.652 3.67541e-09
2.56 1.4382 0 409.654 3.57019e-09
2.56 1.4382 0 410.657 3.46801e-09
2.56 1.4382 0 411.659 3.36876e-09
2.56 1.4382 0 412.662 3.27238e-09
2.56 1.4382 0 413.664 3.17878e-09
2.56 1.4382 0 414.667 3.08787e-09
2.56 1.4382 0 415.669 2.99957e-09
2.56 1.4382 0 416.672 2.91382e-09
2.56 1.4382 0 417.674 2.83054e-09
2.56 1.4382 0 418.677 2.74965e-09
2.56 1.4382 0 419.679 2.67109e-09
2.56 1.4382 0 420.682 2.59478e-09
2.56 1.4382 0 421.684 2.52068e-09
2.56 1.4382 0 422.686 2.4487e-09
2.56 1.4382 0 423.689 2.37879e-09
2.56 1.4382 0 424.691 2.31088e-09
2.56 1.4382 0 425.694 2.24493e-09
2.56 1.4382 0 426.696 2.18088e-09
2.56 1.4382 0 427.699 2.11866e-09
2.56 1.4382 0 428.701 2.05822e-09
2.56 1.4382 0 429.704 1.99953e-09
2.56 1.4382 0 430.706 1.94251e-09
2.56 1.4382 0 431.709 1.88713e-09
2.56 1.4382 0 432.711 1.83334e-09
2.56 1.4382 0 433.714 1.78109e-09
2.56 1.4382 0 434.716 1.73034e-09
2.56 1.4382 0 435.719 1.68105e-09
2.56 1.4382 0 436.721 1.63316e-09
2.56 1.4382 0 437.724 1.58665e-09
2.56 1.4382 0 438.726 1.54147e-09
2.56 1.4382 0 439.728 1.49759e-09
2.56 1.4382 0 440.731 1.45496e-09
2.56 1.4382 0 441.733 1.41355e-09
2.56 1.4382 0 442.736 1.37332e-09
2.56 1.4382 0 443.738 1.33425e-09
2.56 1.4382 0 444.741 1.2963e-09
2.56 1.4382 0 445.743 1.25943e-09
2.56 1.4382 0 446.746 1.22361e-09
2.56 1.4382 0 447.748 1.18882e-09
2.56 1.4382 0 448.751 1.15503e-09
2.56 1.4382 0 449.753 1.12219e-09
2.56 1.4382 0 450.756 1.0903e-09
2.56 1.4382 0 451.758 1.05932e-09
2.56 1.4382 0 452.761 1.02923e-09
2.56 1.4382 0 453.763 9.99989e-10
2.56 1.4382 0 454.765 9.71587e-10
2.56 1.4382 0 455.768 9.43996e-10
2.56 1.4382 0 456.77 9.17193e-10
2.56 1.4382 0 457.773 8.91154e-10
2.56 1.4382 0 458.775 8.65859e-10
2.56 1.4382 0 459.778 8.41285e-10
2.56 1.4382 0 460.78 8.17412e-10
2.56 1.4382 0 461.783 7.9422e-10
2.56 1.4382 0 462.785 7.71689e-10
2.56 1.4382 0 463.788 7.49801e-10
2.56 1.4382 0 464.79 7.28537e-10
2.56 1.4382 0 465.793 7.07878e-10
2.56 1.4382 0 466.795 6.87808e-10
2.56 1.4382 0 467.798 6.6831e-10
2.56 1.4382 0 468.8 6.49368e-10
2.56 1.4382 0 469.803 6.30965e-10
2.56 1.4382 0 470.805 6.13085e-10
2.56 1.4382 0 471.807 5.95715e-10
2.56 1.4382 0 472.81 5.7884e-10
2.56 1.4382 0 473.812 5.62445e-10
2.56 1.4382 0 474.815 5.46516e-10
2.56 1.4382 0 475.817 5.3104e-10
2.56 1.4382 0 476.82 5.16005e-10
2.56 1.4382 0 477.822 5.01397e-10
2.56 1.4382 0 478.825 4.87205e-10
2.56 1.4382 0 479.827 4.73416e-10
2.56 1.4382 0 480.83 4.6002e-10
2.56 1.4382 0 481.832 4.47004e-10
2.56 1.4382 0 482.835 4.34358e-10
2.56 1.4382 0 483.837 4.22071e-10
2.56 1.4382 0 484.84 4.10134e-10
2.56 1.4382 0 485.842 3.98535e-10
2.56 1.4382 0 486.844 3.87267e-10
2.56 1.4382 0 487.847 3.76318e-10
2.56 1.4382 0 488.849 3.6568e-10
2.56 1.4382 0 489.852 3.55344e-10
2.56 1.4382 0 490.854 3.45301e-10
2.56 1.4382 0 491.857 3.35544e-10
2.56 1.4382 0 492.859 3.26063e-10
2.56 1.4382 0 493.862 3.16851e-10
2.56 1.4382 0 494.864 3.07901e-10
2.56 1.4382 0 495.867 2.99205e-10
2.56 1.4382 0 496.869 2.90755e-10
2.56 1.4382 0 497.872 2.82545e-10
2.56 1.4382 0 498.874 2.74567e-10
2.56 1.4382 0 499.877 2.66816e-10
2.56 1.4382 0 500.879 2.59285e-10
2.56 1.4382 0 501.882 2.51967e-10
2.56 1.4382 0 502.884 2.44856e-10
2.56 1.4382 0 503.886 2.37947e-10
2.56 1.4382 0 504.889 2.31234e-10
2.56 1.4382 0 505.891 2.2471e-10
2.56 1.4382 0 506.894 2.18372e-10
2.56 1.4382 0 507.896 2.12213e-10
2.56 1.4382 0 508.899 2.06228e-10
2.56 1.4382 0 509.901 2.00413e-10
2.56 1.4382 0 510.904 1.94763e-10
2.56 1.4382 0 511.906 1.89272e-10
2.56 1.4382 0 512.909 1.83937e-10
2.56 1.4382 0 513.911 1.78753e-10
2.56 1.4382 0 514.914 1.73715e-10
2.56 1.4382 0 515.916 1.6882e-10
2.56 1.4382 0 516.919 1.64063e-10
2.56 1.4382 0 517.921 1.59441e-10
2.56 1.4382 0 518.923 1.5495e-10
2.56 1.4382 0 519.926 1.50586e-10
2.56 1.4382 0 520.928 1.46345e-10
2.56 1.4382 0 521.931 1.42224e-10
2.56 1.4382 0 522.933 1.38219e-10
2.56 1.4382 0 523.936 1.34328e-10
2.56 1.4382 0 524.938 1.30546e-10
2.56 1.4382 0 525.941 1.26872e-10
2.56 1.4382 0 526.943 1.23301e-10
2.56 1.4382 0 527.946 1.19831e-10
2.56 1.4382 0 528.948 1.16459e-10
2.56 1.4382 0 529.951 1.13182e-10
2.56 1.4382 0 530.953 1.09998e-10
2.56 1.4382 0 531.956 1.06904e-10
2.56 1.4382 0 532.958 1.03897e-10
2.56 1.4382 0 533.961 1.00975e-10
2.56 1.4382 0 534.963 9.81351e-11
2.56 1.4382 0 535.965 9.53756e-11
2.56 1.4382 0 536.968 9.2694e-11
2.56 1.4382 0 537.97 9.00881e-11
2.56 1.4382 0 538.973 8.75557e-11
2.56 1.4382 0 539.975 8.50947e-11
2.56 1.4382 0 540.978 8.27032e-11
2.56 1.4382 0 541.98 8.0379e-11
2.56 1.4382 0 542.983 7.81205e-11
2.56 1.4382 0 543.985 7.59255e-11
2.56 1.4382 0 544.988 7.37925e-11
2.56 1.4382 0 545.99 7.17196e-11
2.56 1.4382 0 546.993 6.97051e-11
2.56 1.4382 0 547.995 6.77474e-11
2.56 1.4382 0 548.998 6.58449e-11
2.56 1.4382 0 550 6.3996e-11
