0.325 1.4382 0 150.015 6.71785e-07
0.325 1.4382 0 151.017 1.1694e-06
0.325 1.4382 0 152.02 1.24431e-06
0.325 1.4382 0 153.022 1.22842e-06
0.325 1.4382 0 154.025 1.20666e-06
0.325 1.4382 0 155.027 1.18739e-06
0.325 1.4382 0 156.03 1.17046e-06
0.325 1.4382 0 157.032 1.15525e-06
0.325 1.4382 0 158.035 1.14132e-06
0.325 1.4382 0 159.037 1.12839e-06
0.325 1.4382 0 160.04 1.11624e-06
0.325 1.4382 0 161.042 1.10475e-06
0.325 1.4382 0 162.045 1.0938e-06
0.325 1.4382 0 163.047 1.08331e-06
0.325 1.4382 0 164.05 1.07322e-06
0.325 1.4382 0 165.052 1.06349e-06
0.325 1.4382 0 166.054 1.05406e-06
0.325 1.4382 0 167.057 1.04492e-06
0.325 1.4382 0 168.059 1.03602e-06
0.325 1.4382 0 169.062 1.02736e-06
0.325 1.4382 0 170.064 1.0189e-06
0.325 1.4382 0 171.067 1.01063e-06
0.325 1.4382 0 172.069 1.00254e-06
0.325 1.4382 0 173.072 9.94612e-07
0.325 1.4382 0 174.074 9.8684e-07
0.325 1.4382 0 175.077 9.79211e-07
0.325 1.4382 0 176.079 9.71717e-07
0.325 1.4382 0 177.082 9.64352e-07
0.325 1.4382 0 178.084 9.57106e-07
0.325 1.4382 0 179.087 9.49976e-07
0.325 1.4382 0 180.089 9.42954e-07
0.325 1.4382 0 181.092 9.36036e-07
0.325 1.4382 0 182.094 9.29217e-07
0.325 1.4382 0 183.096 9.22493e-07
0.325 1.4382 0 184.099 9.15861e-07
0.325 1.4382 0 185.101 9.09316e-07
0.325 1.4382 0 186.104 9.02856e-07
0.325 1.4382 0 187.106 8.96476e-07
0.325 1.4382 0 188.109 8.90176e-07
0.325 1.4382 0 189.111 8.83951e-07
0.325 1.4382 0 190.114 8.778e-07
0.325 1.4382 0 191.116 8.7172e-07
0.325 1.4382 0 192.119 8.65709e-07
0.325 1.4382 0 193.121 8.59765e-07
0.325 1.4382 0 194.124 8.53887e-07
0.325 1.4382 0 195.126 8.48071e-07
0.325 1.4382 0 196.129 8.42318e-07
0.325 1.4382 0 197.131 8.36625e-07
0.325 1.4382 0 198.133 8.30991e-07
0.325 1.4382 0 199.136 8.25415e-07
0.325 1.4382 0 200.138 8.19894e-07
0.325 1.4382 0 201.141 8.14428e-07
0.325 1.4382 0 202.143 8.09016e-07
0.325 1.4382 0 203.146 8.03656e-07
0.325 1.4382 0 204.148 7.98348e-07
0.325 1.4382 0 205.151 7.9309e-07
0.325 1.4382 0 206.153 7.87882e-07
0.325 1.4382 0 207.156 7.82721e-07
0.325 1.4382 0 208.158 7.77609e-07
0.325 1.4382 0 209.161 7.72543e-07
0.325 1.4382 0 210.163 7.67522e-07
0.325 1.4382 0 211.166 7.62547e-07
0.325 1.4382 0 212.168 7.57616e-07
0.325 1.4382 0 213.171 7.52728e-07
0.325 1.4382 0 214.173 7.47883e-07
0.325 1.4382 0 215.175 7.43081e-07
0.325 1.4382 0 216.178 7.38319e-07
0.325 1.4382 0 217.18 7.33598e-07
0.325 1.4382 0 218.183 7.28918e-07
0.325 1.4382 0 219.185 7.24276e-07
0.325 1.4382 0 220.188 7.19674e-07
0.325 1.4382 0 221.19 7.1511e-07
0.325 1.4382 0 222.193 7.10584e-07
0.325 1.4382 0 223.195 7.06095e-07
0.325 1.4382 0 224.198 7.01643e-07
0.325 1.4382 0 225.2 6.97227e-07
0.325 1.4382 0 226.203 6.92847e-07
0.325 1.4382 0 227.205 6.88502e-07
0.325 1.4382 0 228.208 6.84192e-07
0.325 1.4382 0 229.21 6.79916e-07
0.325 1.4382 0 230.212 6.75674e-07
0.325 1.4382 0 231.215 6.71466e-07
0.325 1.4382 0 232.217 6.67291e-07
0.325 1.4382 0 233.22 6.63148e-07
0.325 1.4382 0 234.222 6.59038e-07
0.325 1.4382 0 235.225 6.54959e-07
0.325 1.4382 0 236.227 6.50912e-07
0.325 1.4382 0 237.23 6.46897e-07
0.325 1.4382 0 238.232 6.42912e-07
0.325 1.4382 0 239.235 6.38957e-07
0.325 1.4382 0 240.237 6.35033e-07
0.325 1.4382 0 241.24 6.31138e-07
0.325 1.4382 0 242.242 6.27272e-07
0.325 1.4382 0 243.245 6.23436e-07
0.325 1.4382 0 244.247 6.19629e-07
0.325 1.4382 0 245.25 6.1585e-07
0.325 1.4382 0 246.252 6.12099e-07
0.325 1.4382 0 247.254 6.08376e-07
0.325 1.4382 0 248.257 6.0468e-07
0.325 1.4382 0 249.259 6.01012e-07
0.325 1.4382 0 250.262 5.97371e-07
0.325 1.4382 0 251.264 5.93756e-07
0.325 1.4382 0 252.267 5.90168e-07
0.325 1.4382 0 253.269 5.86606e-07
0.325 1.4382 0 254.272 5.8307e-07
0.325 1.4382 0 255.274 5.7956e-07
0.325 1.4382 0 256.277 5.76075e-07
0.325 1.4382 0 257.279 5.72615e-07
0.325 1.4382 0 258.282 5.69181e-07
0.325 1.4382 0 259.284 5.6577e-07
0.325 1.4382 0 260.287 5.62385e-07
0.325 1.4382 0 261.289 5.59023e-07
0.325 1.4382 0 262.291 5.55685e-07
0.325 1.4382 0 263.294 5.52371e-07
0.325 1.4382 0 264.296 5.49081e-07
0.325 1.4382 0 265.299 5.45814e-07
0.325 1.4382 0 266.301 5.4257e-07
0.325 1.4382 0 267.304 5.39349e-07
0.325 1.4382 0 268.306 5.3615e-07
0.325 1.4382 0 269.309 5.32974e-07
0.325 1.4382 0 270.311 5.2982e-07
0.325 1.4382 0 271.314 5.26689e-07
0.325 1.4382 0 272.316 5.23579e-07
0.325 1.4382 0 273.319 5.2049e-07
0.325 1.4382 0 274.321 5.17423e-07
0.325 1.4382 0 275.324 5.14378e-07
0.325 1.4382 0 276.326 5.11353e-07
0.325 1.4382 0 277.329 5.0835e-07
0.325 1.4382 0 278.331 5.05367e-07
0.325 1.4382 0 279.333 5.02404e-07
0.325 1.4382 0 280.336 4.99462e-07
0.325 1.4382 0 281.338 4.96541e-07
0.325 1.4382 0 282.341 4.93639e-07
0.325 1.4382 0 283.343 4.90757e-07
0.325 1.4382 0 284.346 4.87894e-07
0.325 1.4382 0 285.348 4.85051e-07
0.325 1.4382 0 286.351 4.82228e-07
0.325 1.4382 0 287.353 4.79423e-07
0.325 1.4382 0 288.356 4.76638e-07
0.325 1.4382 0 289.358 4.73871e-07
0.325 1.4382 0 290.361 4.71124e-07
0.325 1.4382 0 291.363 4.68394e-07
0.325 1.4382 0 292.366 4.65683e-07
0.325 1.4382 0 293.368 4.62991e-07
0.325 1.4382 0 294.37 4.60316e-07
0.325 1.4382 0 295.373 4.57659e-07
0.325 1.4382 0 296.375 4.5502e-07
0.325 1.4382 0 297.378 4.52399e-07
0.325 1.4382 0 298.38 4.49795e-07
0.325 1.4382 0 299.383 4.47209e-07
0.325 1.4382 0 300.385 4.44639e-07
0.325 1.4382 0 301.388 4.42087e-07
0.325 1.4382 0 302.39 4.39552e-07
0.325 1.4382 0 303.393 4.37033e-07
0.325 1.4382 0 304.395 4.34532e-07
0.325 1.4382 0 305.398 4.32046e-07
0.325 1.4382 0 306.4 4.29577e-07
0.325 1.4382 0 307.403 4.27125e-07
0.325 1.4382 0 308.405 4.24688e-07
0.325 1.4382 0 309.408 4.22268e-07
0.325 1.4382 0 310.41 4.19863e-07
0.325 1.4382 0 311.412 4.17475e-07
0.325 1.4382 0 312.415 4.15101e-07
0.325 1.4382 0 313.417 4.12744e-07
0.325 1.4382 0 314.42 4.10401e-07
0.325 1.4382 0 315.422 4.08074e-07
0.325 1.4382 0 316.425 4.05763e-07
0.325 1.4382 0 317.427 4.03466e-07
0.325 1.4382 0 318.43 4.01184e-07
0.325 1.4382 0 319.432 3.98917e-07
0.325 1.4382 0 320.435 3.96664e-07
0.325 1.4382 0 321.437 3.94427e-07
0.325 1.4382 0 322.44 3.92203e-07
0.325 1.4382 0 323.442 3.89994e-07
0.325 1.4382 0 324.445 3.878e-07
0.325 1.4382 0 325.447 3.85619e-07
0.325 1.4382 0 326.449 3.83452e-07
0.325 1.4382 0 327.452 3.813e-07
0.325 1.4382 0 328.454 3.79161e-07
0.325 1.4382 0 329.457 3.77036e-07
0.325 1.4382 0 330.459 3.74924e-07
0.325 1.4382 0 331.462 3.72826e-07
0.325 1.4382 0 332.464 3.70742e-07
0.325 1.4382 0 333.467 3.68671e-07
0.325 1.4382 0 334.469 3.66612e-07
0.325 1.4382 0 335.472 3.64567e-07
0.325 1.4382 0 336.474 3.62536e-07
0.325 1.4382 0 337.477 3.60517e-07
0.325 1.4382 0 338.479 3.5851e-07
0.325 1.4382 0 339.482 3.56517e-07
0.325 1.4382 0 340.484 3.54536e-07
0.325 1.4382 0 341.487 3.52568e-07
0.325 1.4382 0 342.489 3.50612e-07
0.325 1.4382 0 343.491 3.48668e-07
0.325 1.4382 0 344.494 3.46737e-07
0.325 1.4382 0 345.496 3.44818e-07
0.325 1.4382 0 346.499 3.42911e-07
0.325 1.4382 0 347.501 3.41016e-07
0.325 1.4382 0 348.504 3.39132e-07
0.325 1.4382 0 349.506 3.37261e-07
0.325 1.4382 0 350.509 3.35402e-07
0.325 1.4382 0 351.511 3.33554e-07
0.325 1.4382 0 352.514 3.31717e-07
0.325 1.4382 0 353.516 3.29892e-07
0.325 1.4382 0 354.519 3.28079e-07
0.325 1.4382 0 355.521 3.26277e-07
0.325 1.4382 0 356.524 3.24486e-07
0.325 1.4382 0 357.526 3.22706e-07
0.325 1.4382 0 358.528 3.20937e-07
0.325 1.4382 0 359.531 3.19179e-07
0.325 1.4382 0 360.533 3.17432e-07
0.325 1.4382 0 361.536 3.15696e-07
0.325 1.4382 0 362.538 3.13971e-07
0.325 1.4382 0 363.541 3.12256e-07
0.325 1.4382 0 364.543 3.10552e-07
0.325 1.4382 0 365.546 3.08859e-07
0.325 1.4382 0 366.548 3.07175e-07
0.325 1.4382 0 367.551 3.05503e-07
0.325 1.4382 0 368.553 3.0384e-07
0.325 1.4382 0 369.556 3.02188e-07
0.325 1.4382 0 370.558 3.00546e-07
0.325 1.4382 0 371.561 2.98914e-07
0.325 1.4382 0 372.563 2.97292e-07
0.325 1.4382 0 373.566 2.9568e-07
0.325 1.4382 0 374.568 2.94078e-07
0.325 1.4382 0 375.57 2.92486e-07
0.325 1.4382 0 376.573 2.90903e-07
0.325 1.4382 0 377.575 2.8933e-07
0.325 1.4382 0 378.578 2.87767e-07
0.325 1.4382 0 379.58 2.86213e-07
0.325 1.4382 0 380.583 2.84669e-07
0.325 1.4382 0 381.585 2.83134e-07
0.325 1.4382 0 382.588 2.81608e-07
0.325 1.4382 0 383.59 2.80092e-07
0.325 1.4382 0 384.593 2.78584e-07
0.325 1.4382 0 385.595 2.77086e-07
0.325 1.4382 0 386.598 2.75597e-07
0.325 1.4382 0 387.6 2.74117e-07
0.325 1.4382 0 388.603 2.72646e-07
0.325 1.4382 0 389.605 2.71184e-07
0.325 1.4382 0 390.607 2.69731e-07
0.325 1.4382 0 391.61 2.68286e-07
0.325 1.4382 0 392.612 2.6685e-07
0.325 1.4382 0 393.615 2.65423e-07
0.325 1.4382 0 394.617 2.64004e-07
0.325 1.4382 0 395.62 2.62594e-07
0.325 1.4382 0 396.622 2.61193e-07
0.325 1.4382 0 397.625 2.59799e-07
0.325 1.4382 0 398.627 2.58414e-07
0.325 1.4382 0 399.63 2.57038e-07
0.325 1.4382 0 400.632 2.55669e-07
0.325 1.4382 0 401.635 2.54309e-07
0.325 1.4382 0 402.637 2.52957e-07
0.325 1.4382 0 403.64 2.51613e-07
0.325 1.4382 0 404.642 2.50277e-07
0.325 1.4382 0 405.645 2.48949e-07
0.325 1.4382 0 406.647 2.47628e-07
0.325 1.4382 0 407.649 2.46316e-07
0.325 1.4382 0 408.652 2.45012e-07
0.325 1.4382 0 409.654 2.43715e-07
0.325 1.4382 0 410.657 2.42426e-07
0.325 1.4382 0 411.659 2.41144e-07
0.325 1.4382 0 412.662 2.3987e-07
0.325 1.4382 0 413.664 2.38604e-07
0.325 1.4382 0 414.667 2.37345e-07
0.325 1.4382 0 415.669 2.36093e-07
0.325 1.4382 0 416.672 2.34849e-07
0.325 1.4382 0 417.674 2.33613e-07
0.325 1.4382 0 418.677 2.32383e-07
0.325 1.4382 0 419.679 2.31161e-07
0.325 1.4382 0 420.682 2.29946e-07
0.325 1.4382 0 421.684 2.28738e-07
0.325 1.4382 0 422.686 2.27537e-07
0.325 1.4382 0 423.689 2.26343e-07
0.325 1.4382 0 424.691 2.25156e-07
0.325 1.4382 0 425.694 2.23977e-07
0.325 1.4382 0 426.696 2.22804e-07
0.325 1.4382 0 427.699 2.21638e-07
0.325 1.4382 0 428.701 2.20478e-07
0.325 1.4382 0 429.704 2.19326e-07
0.325 1.4382 0 430.706 2.1818e-07
0.325 1.4382 0 431.709 2.17041e-07
0.325 1.4382 0 432.711 2.15908e-07
0.325 1.4382 0 433.714 2.14783e-07
0.325 1.4382 0 434.716 2.13663e-07
0.325 1.4382 0 435.719 2.1255e-07
0.325 1.4382 0 436.721 2.11444e-07
0.325 1.4382 0 437.724 2.10344e-07
0.325 1.4382 0 438.726 2.0925e-07
0.325 1.4382 0 439.728 2.08163e-07
0.325 1.4382 0 440.731 2.07082e-07
0.325 1.4382 0 441.733 2.06007e-07
0.325 1.4382 0 442.736 2.04939e-07
0.325 1.4382 0 443.738 2.03876e-07
0.325 1.4382 0 444.741 2.0282e-07
0.325 1.4382 0 445.743 2.0177e-07
0.325 1.4382 0 446.746 2.00726e-07
0.325 1.4382 0 447.748 1.99688e-07
0.325 1.4382 0 448.751 1.98656e-07
0.325 1.4382 0 449.753 1.97629e-07
0.325 1.4382 0 450.756 1.96609e-07
0.325 1.4382 0 451.758 1.95595e-07
0.325 1.4382 0 452.761 1.94586e-07
0.325 1.4382 0 453.763 1.93583e-07
0.325 1.4382 0 454.765 1.92586e-07
0.325 1.4382 0 455.768 1.91595e-07
0.325 1.4382 0 456.77 1.90609e-07
0.325 1.4382 0 457.773 1.89629e-07
0.325 1.4382 0 458.775 1.88654e-07
0.325 1.4382 0 459.778 1.87685e-07
0.325 1.4382 0 460.78 1.86722e-07
0.325 1.4382 0 461.783 1.85764e-07
0.325 1.4382 0 462.785 1.84811e-07
0.325 1.4382 0 463.788 1.83864e-07
0.325 1.4382 0 464.79 1.82922e-07
0.325 1.4382 0 465.793 1.81986e-07
0.325 1.4382 0 466.795 1.81055e-07
0.325 1.4382 0 467.798 1.80129e-07
0.325 1.4382 0 468.8 1.79208e-07
0.325 1.4382 0 469.803 1.78293e-07
0.325 1.4382 0 470.805 1.77383e-07
0.325 1.4382 0 471.807 1.76478e-07
0.325 1.4382 0 472.81 1.75578e-07
0.325 1.4382 0 473.812 1.74683e-07
0.325 1.4382 0 474.815 1.73793e-07
0.325 1.4382 0 475.817 1.72908e-07
0.325 1.4382 0 476.82 1.72028e-07
0.325 1.4382 0 477.822 1.71154e-07
0.325 1.4382 0 478.825 1.70284e-07
0.325 1.4382 0 479.827 1.69419e-07
0.325 1.4382 0 480.83 1.68558e-07
0.325 1.4382 0 481.832 1.67703e-07
0.325 1.4382 0 482.835 1.66852e-07
0.325 1.4382 0 483.837 1.66006e-07
0.325 1.4382 0 484.84 1.65165e-07
0.325 1.4382 0 485.842 1.64329e-07
0.325 1.4382 0 486.844 1.63497e-07
0.325 1.4382 0 487.847 1.6267e-07
0.325 1.4382 0 488.849 1.61848e-07
0.325 1.4382 0 489.852 1.6103e-07
0.325 1.4382 0 490.854 1.60217e-07
0.325 1.4382 0 491.857 1.59408e-07
0.325 1.4382 0 492.859 1.58603e-07
0.325 1.4382 0 493.862 1.57804e-07
0.325 1.4382 0 494.864 1.57008e-07
0.325 1.4382 0 495.867 1.56217e-07
0.325 1.4382 0 496.869 1.55431e-07
0.325 1.4382 0 497.872 1.54649e-07
0.325 1.4382 0 498.874 1.53871e-07
0.325 1.4382 0 499.877 1.53097e-07
0.325 1.4382 0 500.879 1.52328e-07
0.325 1.4382 0 501.882 1.51563e-07
0.325 1.4382 0 502.884 1.50802e-07
0.325 1.4382 0 503.886 1.50046e-07
0.325 1.4382 0 504.889 1.49293e-07
0.325 1.4382 0 505.891 1.48545e-07
0.325 1.4382 0 506.894 1.47801e-07
0.325 1.4382 0 507.896 1.47061e-07
0.325 1.4382 0 508.899 1.46325e-07
0.325 1.4382 0 509.901 1.45593e-07
0.325 1.4382 0 510.904 1.44865e-07
0.325 1.4382 0 511.906 1.44141e-07
0.325 1.4382 0 512.909 1.43421e-07
0.325 1.4382 0 513.911 1.42705e-07
0.325 1.4382 0 514.914 1.41993e-07
0.325 1.4382 0 515.916 1.41285e-07
0.325 1.4382 0 516.919 1.40581e-07
0.325 1.4382 0 517.921 1.3988e-07
0.325 1.4382 0 518.923 1.39184e-07
0.325 1.4382 0 519.926 1.38491e-07
0.325 1.4382 0 520.928 1.37802e-07
0.325 1.4382 0 521.931 1.37117e-07
0.325 1.4382 0 522.933 1.36435e-07
0.325 1.4382 0 523.936 1.35758e-07
0.325 1.4382 0 524.938 1.35083e-07
0.325 1.4382 0 525.941 1.34413e-07
0.325 1.4382 0 526.943 1.33746e-07
0.325 1.4382 0 527.946 1.33083e-07
0.325 1.4382 0 528.948 1.32424e-07
0.325 1.4382 0 529.951 1.31768e-07
0.325 1.4382 0 530.953 1.31115e-07
0.325 1.4382 0 531.956 1.30466e-07
0.325 1.4382 0 532.958 1.29821e-07
0.325 1.4382 0 533.961 1.29179e-07
0.325 1.4382 0 534.963 1.28541e-07
0.325 1.4382 0 535.965 1.27906e-07
0.325 1.4382 0 536.968 1.27274e-07
0.325 1.4382 0 537.97 1.26646e-07
0.325 1.4382 0 538.973 1.26022e-07
0.325 1.4382 0 539.975 1.254e-07
0.325 1.4382 0 540.978 1.24782e-07
0.325 1.4382 0 541.98 1.24168e-07
0.325 1.4382 0 542.983 1.23556e-07
0.325 1.4382 0 543.985 1.22948e-07
0.325 1.4382 0 544.988 1.22344e-07
0.325 1.4382 0 545.99 1.21742e-07
0.325 1.4382 0 546.993 1.21144e-07
0.325 1.4382 0 547.995 1.20549e-07
0.325 1.4382 0 548.998 1.19957e-07
0.325 1.4382 0 550 1.19368e-07
