1.61 1.4382 0 150.015 1.46068e-06
1.61 1.4382 0 151.017 2.53312e-06
1.61 1.4382 0 152.02 2.66515e-06
1.61 1.4382 0 153.022 2.58983e-06
1.61 1.4382 0 154.025 2.49815e-06
1.61 1.4382 0 155.027 2.41084e-06
1.61 1.4382 0 156.03 2.32879e-06
1.61 1.4382 0 157.032 2.25126e-06
1.61 1.4382 0 158.035 2.17762e-06
1.61 1.4382 0 159.037 2.10744e-06
1.61 1.4382 0 160.04 2.04037e-06
1.61 1.4382 0 161.042 1.97615e-06
1.61 1.4382 0 162.045 1.91456e-06
1.61 1.4382 0 163.047 1.85542e-06
1.61 1.4382 0 164.05 1.79859e-06
1.61 1.4382 0 165.052 1.74392e-06
1.61 1.4382 0 166.054 1.6913e-06
1.61 1.4382 0 167.057 1.64062e-06
1.61 1.4382 0 168.059 1.59177e-06
1.61 1.4382 0 169.062 1.54469e-06
1.61 1.4382 0 170.064 1.49927e-06
1.61 1.4382 0 171.067 1.45545e-06
1.61 1.4382 0 172.069 1.41315e-06
1.61 1.4382 0 173.072 1.37231e-06
1.61 1.4382 0 174.074 1.33286e-06
1.61 1.4382 0 175.077 1.29475e-06
1.61 1.4382 0 176.079 1.25792e-06
1.61 1.4382 0 177.082 1.22232e-06
1.61 1.4382 0 178.084 1.1879e-06
1.61 1.4382 0 179.087 1.15462e-06
1.61 1.4382 0 180.089 1.12243e-06
1.61 1.4382 0 181.092 1.09128e-06
1.61 1.4382 0 182.094 1.06114e-06
1.61 1.4382 0 183.096 1.03196e-06
1.61 1.4382 0 184.099 1.00372e-06
1.61 1.4382 0 185.101 9.76381e-07
1.61 1.4382 0 186.104 9.49903e-07
1.61 1.4382 0 187.106 9.24257e-07
1.61 1.4382 0 188.109 8.99412e-07
1.61 1.4382 0 189.111 8.75341e-07
1.61 1.4382 0 190.114 8.52015e-07
1.61 1.4382 0 191.116 8.29407e-07
1.61 1.4382 0 192.119 8.07492e-07
1.61 1.4382 0 193.121 7.86245e-07
1.61 1.4382 0 194.124 7.65643e-07
1.61 1.4382 0 195.126 7.45663e-07
1.61 1.4382 0 196.129 7.26284e-07
1.61 1.4382 0 197.131 7.07484e-07
1.61 1.4382 0 198.133 6.89245e-07
1.61 1.4382 0 199.136 6.71546e-07
1.61 1.4382 0 200.138 6.5437e-07
1.61 1.4382 0 201.141 6.37698e-07
1.61 1.4382 0 202.143 6.21514e-07
1.61 1.4382 0 203.146 6.05801e-07
1.61 1.4382 0 204.148 5.90543e-07
1.61 1.4382 0 205.151 5.75726e-07
1.61 1.4382 0 206.153 5.61335e-07
1.61 1.4382 0 207.156 5.47355e-07
1.61 1.4382 0 208.158 5.33774e-07
1.61 1.4382 0 209.161 5.20578e-07
1.61 1.4382 0 210.163 5.07755e-07
1.61 1.4382 0 211.166 4.95292e-07
1.61 1.4382 0 212.168 4.83179e-07
1.61 1.4382 0 213.171 4.71403e-07
1.61 1.4382 0 214.173 4.59954e-07
1.61 1.4382 0 215.175 4.48822e-07
1.61 1.4382 0 216.178 4.37997e-07
1.61 1.4382 0 217.18 4.27469e-07
1.61 1.4382 0 218.183 4.17228e-07
1.61 1.4382 0 219.185 4.07266e-07
1.61 1.4382 0 220.188 3.97574e-07
1.61 1.4382 0 221.19 3.88144e-07
1.61 1.4382 0 222.193 3.78967e-07
1.61 1.4382 0 223.195 3.70036e-07
1.61 1.4382 0 224.198 3.61343e-07
1.61 1.4382 0 225.2 3.52881e-07
1.61 1.4382 0 226.203 3.44643e-07
1.61 1.4382 0 227.205 3.36623e-07
1.61 1.4382 0 228.208 3.28813e-07
1.61 1.4382 0 229.21 3.21207e-07
1.61 1.4382 0 230.212 3.13799e-07
1.61 1.4382 0 231.215 3.06584e-07
1.61 1.4382 0 232.217 2.99555e-07
1.61 1.4382 0 233.22 2.92708e-07
1.61 1.4382 0 234.222 2.86036e-07
1.61 1.4382 0 235.225 2.79535e-07
1.61 1.4382 0 236.227 2.73199e-07
1.61 1.4382 0 237.23 2.67025e-07
1.61 1.4382 0 238.232 2.61006e-07
1.61 1.4382 0 239.235 2.55139e-07
1.61 1.4382 0 240.237 2.4942e-07
1.61 1.4382 0 241.24 2.43844e-07
1.61 1.4382 0 242.242 2.38406e-07
1.61 1.4382 0 243.245 2.33104e-07
1.61 1.4382 0 244.247 2.27934e-07
1.61 1.4382 0 245.25 2.2289e-07
1.61 1.4382 0 246.252 2.17971e-07
1.61 1.4382 0 247.254 2.13172e-07
1.61 1.4382 0 248.257 2.08491e-07
1.61 1.4382 0 249.259 2.03923e-07
1.61 1.4382 0 250.262 1.99467e-07
1.61 1.4382 0 251.264 1.95118e-07
1.61 1.4382 0 252.267 1.90873e-07
1.61 1.4382 0 253.269 1.86731e-07
1.61 1.4382 0 254.272 1.82688e-07
1.61 1.4382 0 255.274 1.78742e-07
1.61 1.4382 0 256.277 1.74889e-07
1.61 1.4382 0 257.279 1.71128e-07
1.61 1.4382 0 258.282 1.67456e-07
1.61 1.4382 0 259.284 1.6387e-07
1.61 1.4382 0 260.287 1.60368e-07
1.61 1.4382 0 261.289 1.56949e-07
1.61 1.4382 0 262.291 1.53609e-07
1.61 1.4382 0 263.294 1.50347e-07
1.61 1.4382 0 264.296 1.47161e-07
1.61 1.4382 0 265.299 1.44049e-07
1.61 1.4382 0 266.301 1.41008e-07
1.61 1.4382 0 267.304 1.38037e-07
1.61 1.4382 0 268.306 1.35135e-07
1.61 1.4382 0 269.309 1.32299e-07
1.61 1.4382 0 270.311 1.29528e-07
1.61 1.4382 0 271.314 1.26819e-07
1.61 1.4382 0 272.316 1.24173e-07
1.61 1.4382 0 273.319 1.21586e-07
1.61 1.4382 0 274.321 1.19057e-07
1.61 1.4382 0 275.324 1.16586e-07
1.61 1.4382 0 276.326 1.14169e-07
1.61 1.4382 0 277.329 1.11807e-07
1.61 1.4382 0 278.331 1.09498e-07
1.61 1.4382 0 279.333 1.0724e-07
1.61 1.4382 0 280.336 1.05033e-07
1.61 1.4382 0 281.338 1.02874e-07
1.61 1.4382 0 282.341 1.00763e-07
1.61 1.4382 0 283.343 9.86988e-08
1.61 1.4382 0 284.346 9.66798e-08
1.61 1.4382 0 285.348 9.47052e-08
1.61 1.4382 0 286.351 9.27738e-08
1.61 1.4382 0 287.353 9.08846e-08
1.61 1.4382 0 288.356 8.90365e-08
1.61 1.4382 0 289.358 8.72287e-08
1.61 1.4382 0 290.361 8.54601e-08
1.61 1.4382 0 291.363 8.37298e-08
1.61 1.4382 0 292.366 8.20369e-08
1.61 1.4382 0 293.368 8.03805e-08
1.61 1.4382 0 294.37 7.87597e-08
1.61 1.4382 0 295.373 7.71737e-08
1.61 1.4382 0 296.375 7.56217e-08
1.61 1.4382 0 297.378 7.41029e-08
1.61 1.4382 0 298.38 7.26164e-08
1.61 1.4382 0 299.383 7.11616e-08
1.61 1.4382 0 300.385 6.97378e-08
1.61 1.4382 0 301.388 6.83441e-08
1.61 1.4382 0 302.39 6.69799e-08
1.61 1.4382 0 303.393 6.56445e-08
1.61 1.4382 0 304.395 6.43373e-08
1.61 1.4382 0 305.398 6.30576e-08
1.61 1.4382 0 306.4 6.18047e-08
1.61 1.4382 0 307.403 6.05782e-08
1.61 1.4382 0 308.405 5.93773e-08
1.61 1.4382 0 309.408 5.82015e-08
1.61 1.4382 0 310.41 5.70502e-08
1.61 1.4382 0 311.412 5.59229e-08
1.61 1.4382 0 312.415 5.4819e-08
1.61 1.4382 0 313.417 5.37381e-08
1.61 1.4382 0 314.42 5.26795e-08
1.61 1.4382 0 315.422 5.16428e-08
1.61 1.4382 0 316.425 5.06275e-08
1.61 1.4382 0 317.427 4.96331e-08
1.61 1.4382 0 318.43 4.86592e-08
1.61 1.4382 0 319.432 4.77054e-08
1.61 1.4382 0 320.435 4.67711e-08
1.61 1.4382 0 321.437 4.58559e-08
1.61 1.4382 0 322.44 4.49594e-08
1.61 1.4382 0 323.442 4.40813e-08
1.61 1.4382 0 324.445 4.32211e-08
1.61 1.4382 0 325.447 4.23784e-08
1.61 1.4382 0 326.449 4.15528e-08
1.61 1.4382 0 327.452 4.0744e-08
1.61 1.4382 0 328.454 3.99516e-08
1.61 1.4382 0 329.457 3.91753e-08
1.61 1.4382 0 330.459 3.84146e-08
1.61 1.4382 0 331.462 3.76693e-08
1.61 1.4382 0 332.464 3.69391e-08
1.61 1.4382 0 333.467 3.62235e-08
1.61 1.4382 0 334.469 3.55224e-08
1.61 1.4382 0 335.472 3.48354e-08
1.61 1.4382 0 336.474 3.41621e-08
1.61 1.4382 0 337.477 3.35024e-08
1.61 1.4382 0 338.479 3.28558e-08
1.61 1.4382 0 339.482 3.22222e-08
1.61 1.4382 0 340.484 3.16012e-08
1.61 1.4382 0 341.487 3.09927e-08
1.61 1.4382 0 342.489 3.03962e-08
1.61 1.4382 0 343.491 2.98116e-08
1.61 1.4382 0 344.494 2.92387e-08
1.61 1.4382 0 345.496 2.86771e-08
1.61 1.4382 0 346.499 2.81267e-08
1.61 1.4382 0 347.501 2.75872e-08
1.61 1.4382 0 348.504 2.70584e-08
1.61 1.4382 0 349.506 2.654e-08
1.61 1.4382 0 350.509 2.60319e-08
1.61 1.4382 0 351.511 2.55338e-08
1.61 1.4382 0 352.514 2.50455e-08
1.61 1.4382 0 353.516 2.45669e-08
1.61 1.4382 0 354.519 2.40977e-08
1.61 1.4382 0 355.521 2.36377e-08
1.61 1.4382 0 356.524 2.31867e-08
1.61 1.4382 0 357.526 2.27446e-08
1.61 1.4382 0 358.528 2.23112e-08
1.61 1.4382 0 359.531 2.18862e-08
1.61 1.4382 0 360.533 2.14696e-08
1.61 1.4382 0 361.536 2.10611e-08
1.61 1.4382 0 362.538 2.06606e-08
1.61 1.4382 0 363.541 2.02679e-08
1.61 1.4382 0 364.543 1.98829e-08
1.61 1.4382 0 365.546 1.95054e-08
1.61 1.4382 0 366.548 1.91352e-08
1.61 1.4382 0 367.551 1.87723e-08
1.61 1.4382 0 368.553 1.84164e-08
1.61 1.4382 0 369.556 1.80674e-08
1.61 1.4382 0 370.558 1.77252e-08
1.61 1.4382 0 371.561 1.73896e-08
1.61 1.4382 0 372.563 1.70605e-08
1.61 1.4382 0 373.566 1.67378e-08
1.61 1.4382 0 374.568 1.64214e-08
1.61 1.4382 0 375.57 1.61111e-08
1.61 1.4382 0 376.573 1.58067e-08
1.61 1.4382 0 377.575 1.55083e-08
1.61 1.4382 0 378.578 1.52156e-08
1.61 1.4382 0 379.58 1.49285e-08
1.61 1.4382 0 380.583 1.4647e-08
1.61 1.4382 0 381.585 1.4371e-08
1.61 1.4382 0 382.588 1.41002e-08
1.61 1.4382 0 383.59 1.38346e-08
1.61 1.4382 0 384.593 1.35742e-08
1.61 1.4382 0 385.595 1.33187e-08
1.61 1.4382 0 386.598 1.30682e-08
1.61 1.4382 0 387.6 1.28224e-08
1.61 1.4382 0 388.603 1.25814e-08
1.61 1.4382 0 389.605 1.2345e-08
1.61 1.4382 0 390.607 1.21131e-08
1.61 1.4382 0 391.61 1.18857e-08
1.61 1.4382 0 392.612 1.16626e-08
1.61 1.4382 0 393.615 1.14438e-08
1.61 1.4382 0 394.617 1.12291e-08
1.61 1.4382 0 395.62 1.10186e-08
1.61 1.4382 0 396.622 1.08121e-08
1.61 1.4382 0 397.625 1.06095e-08
1.61 1.4382 0 398.627 1.04108e-08
1.61 1.4382 0 399.63 1.02158e-08
1.61 1.4382 0 400.632 1.00246e-08
1.61 1.4382 0 401.635 9.83703e-09
1.61 1.4382 0 402.637 9.65302e-09
1.61 1.4382 0 403.64 9.47252e-09
1.61 1.4382 0 404.642 9.29544e-09
1.61 1.4382 0 405.645 9.12173e-09
1.61 1.4382 0 406.647 8.95132e-09
1.61 1.4382 0 407.649 8.78415e-09
1.61 1.4382 0 408.652 8.62014e-09
1.61 1.4382 0 409.654 8.45925e-09
1.61 1.4382 0 410.657 8.30141e-09
1.61 1.4382 0 411.659 8.14656e-09
1.61 1.4382 0 412.662 7.99464e-09
1.61 1.4382 0 413.664 7.8456e-09
1.61 1.4382 0 414.667 7.69937e-09
1.61 1.4382 0 415.669 7.55592e-09
1.61 1.4382 0 416.672 7.41518e-09
1.61 1.4382 0 417.674 7.27709e-09
1.61 1.4382 0 418.677 7.14162e-09
1.61 1.4382 0 419.679 7.0087e-09
1.61 1.4382 0 420.682 6.87829e-09
1.61 1.4382 0 421.684 6.75035e-09
1.61 1.4382 0 422.686 6.62481e-09
1.61 1.4382 0 423.689 6.50164e-09
1.61 1.4382 0 424.691 6.3808e-09
1.61 1.4382 0 425.694 6.26223e-09
1.61 1.4382 0 426.696 6.14589e-09
1.61 1.4382 0 427.699 6.03175e-09
1.61 1.4382 0 428.701 5.91975e-09
1.61 1.4382 0 429.704 5.80986e-09
1.61 1.4382 0 430.706 5.70203e-09
1.61 1.4382 0 431.709 5.59623e-09
1.61 1.4382 0 432.711 5.49242e-09
1.61 1.4382 0 433.714 5.39056e-09
1.61 1.4382 0 434.716 5.29062e-09
1.61 1.4382 0 435.719 5.19254e-09
1.61 1.4382 0 436.721 5.09631e-09
1.61 1.4382 0 437.724 5.00189e-09
1.61 1.4382 0 438.726 4.90923e-09
1.61 1.4382 0 439.728 4.81831e-09
1.61 1.4382 0 440.731 4.7291e-09
1.61 1.4382 0 441.733 4.64156e-09
1.61 1.4382 0 442.736 4.55565e-09
1.61 1.4382 0 443.738 4.47136e-09
1.61 1.4382 0 444.741 4.38864e-09
1.61 1.4382 0 445.743 4.30747e-09
1.61 1.4382 0 446.746 4.22782e-09
1.61 1.4382 0 447.748 4.14965e-09
1.61 1.4382 0 448.751 4.07295e-09
1.61 1.4382 0 449.753 3.99768e-09
1.61 1.4382 0 450.756 3.92382e-09
1.61 1.4382 0 451.758 3.85134e-09
1.61 1.4382 0 452.761 3.78021e-09
1.61 1.4382 0 453.763 3.71041e-09
1.61 1.4382 0 454.765 3.64191e-09
1.61 1.4382 0 455.768 3.57469e-09
1.61 1.4382 0 456.77 3.50872e-09
1.61 1.4382 0 457.773 3.44399e-09
1.61 1.4382 0 458.775 3.38046e-09
1.61 1.4382 0 459.778 3.31811e-09
1.61 1.4382 0 460.78 3.25693e-09
1.61 1.4382 0 461.783 3.19688e-09
1.61 1.4382 0 462.785 3.13795e-09
1.61 1.4382 0 463.788 3.08012e-09
1.61 1.4382 0 464.79 3.02337e-09
1.61 1.4382 0 465.793 2.96767e-09
1.61 1.4382 0 466.795 2.91301e-09
1.61 1.4382 0 467.798 2.85936e-09
1.61 1.4382 0 468.8 2.80671e-09
1.61 1.4382 0 469.803 2.75505e-09
1.61 1.4382 0 470.805 2.70434e-09
1.61 1.4382 0 471.807 2.65457e-09
1.61 1.4382 0 472.81 2.60573e-09
1.61 1.4382 0 473.812 2.55779e-09
1.61 1.4382 0 474.815 2.51074e-09
1.61 1.4382 0 475.817 2.46457e-09
1.61 1.4382 0 476.82 2.41926e-09
1.61 1.4382 0 477.822 2.37478e-09
1.61 1.4382 0 478.825 2.33113e-09
1.61 1.4382 0 479.827 2.28829e-09
1.61 1.4382 0 480.83 2.24624e-09
1.61 1.4382 0 481.832 2.20498e-09
1.61 1.4382 0 482.835 2.16447e-09
1.61 1.4382 0 483.837 2.12472e-09
1.61 1.4382 0 484.84 2.08571e-09
1.61 1.4382 0 485.842 2.04741e-09
1.61 1.4382 0 486.844 2.00983e-09
1.61 1.4382 0 487.847 1.97294e-09
1.61 1.4382 0 488.849 1.93674e-09
1.61 1.4382 0 489.852 1.9012e-09
1.61 1.4382 0 490.854 1.86632e-09
1.61 1.4382 0 491.857 1.83209e-09
1.61 1.4382 0 492.859 1.79849e-09
1.61 1.4382 0 493.862 1.76551e-09
1.61 1.4382 0 494.864 1.73314e-09
1.61 1.4382 0 495.867 1.70137e-09
1.61 1.4382 0 496.869 1.67019e-09
1.61 1.4382 0 497.872 1.63958e-09
1.61 1.4382 0 498.874 1.60954e-09
1.61 1.4382 0 499.877 1.58005e-09
1.61 1.4382 0 500.879 1.55111e-09
1.61 1.4382 0 501.882 1.5227e-09
1.61 1.4382 0 502.884 1.49482e-09
1.61 1.4382 0 503.886 1.46745e-09
1.61 1.4382 0 504.889 1.44058e-09
1.61 1.4382 0 505.891 1.41421e-09
1.61 1.4382 0 506.894 1.38833e-09
1.61 1.4382 0 507.896 1.36292e-09
1.61 1.4382 0 508.899 1.33799e-09
1.61 1.4382 0 509.901 1.31351e-09
1.61 1.4382 0 510.904 1.28948e-09
1.61 1.4382 0 511.906 1.2659e-09
1.61 1.4382 0 512.909 1.24275e-09
1.61 1.4382 0 513.911 1.22003e-09
1.61 1.4382 0 514.914 1.19772e-09
1.61 1.4382 0 515.916 1.17583e-09
1.61 1.4382 0 516.919 1.15434e-09
1.61 1.4382 0 517.921 1.13324e-09
1.61 1.4382 0 518.923 1.11254e-09
1.61 1.4382 0 519.926 1.09221e-09
1.61 1.4382 0 520.928 1.07226e-09
1.61 1.4382 0 521.931 1.05268e-09
1.61 1.4382 0 522.933 1.03345e-09
1.61 1.4382 0 523.936 1.01458e-09
1.61 1.4382 0 524.938 9.96057e-10
1.61 1.4382 0 525.941 9.77874e-10
1.61 1.4382 0 526.943 9.60025e-10
1.61 1.4382 0 527.946 9.42504e-10
1.61 1.4382 0 528.948 9.25305e-10
1.61 1.4382 0 529.951 9.08422e-10
1.61 1.4382 0 530.953 8.91849e-10
1.61 1.4382 0 531.956 8.7558e-10
1.61 1.4382 0 532.958 8.5961e-10
1.61 1.4382 0 533.961 8.43934e-10
1.61 1.4382 0 534.963 8.28545e-10
1.61 1.4382 0 535.965 8.13438e-10
1.61 1.4382 0 536.968 7.98609e-10
1.61 1.4382 0 537.97 7.84052e-10
1.61 1.4382 0 538.973 7.69762e-10
1.61 1.4382 0 539.975 7.55734e-10
1.61 1.4382 0 540.978 7.41964e-10
1.61 1.4382 0 541.98 7.28446e-10
1.61 1.4382 0 542.983 7.15176e-10
1.61 1.4382 0 543.985 7.02149e-10
1.61 1.4382 0 544.988 6.89361e-10
1.61 1.4382 0 545.99 6.76807e-10
1.61 1.4382 0 546.993 6.64483e-10
1.61 1.4382 0 547.995 6.52386e-10
1.61 1.4382 0 548.998 6.40509e-10
1.61 1.4382 0 550 6.28851e-10
