1.795 1.4382 0 150.015 2.45801e-05
1.795 1.4382 0 151.017 4.26917e-05
1.795 1.4382 0 152.02 4.48763e-05
1.795 1.4382 0 153.022 4.34233e-05
1.795 1.4382 0 154.025 4.16182e-05
1.795 1.4382 0 155.027 3.98559e-05
1.795 1.4382 0 156.03 3.81742e-05
1.795 1.4382 0 157.032 3.65725e-05
1.795 1.4382 0 158.035 3.50468e-05
1.795 1.4382 0 159.037 3.3593e-05
1.795 1.4382 0 160.04 3.22073e-05
1.795 1.4382 0 161.042 3.08862e-05
1.795 1.4382 0 162.045 2.96262e-05
1.795 1.4382 0 163.047 2.84244e-05
1.795 1.4382 0 164.05 2.72777e-05
1.795 1.4382 0 165.052 2.61833e-05
1.795 1.4382 0 166.054 2.51387e-05
1.795 1.4382 0 167.057 2.41414e-05
1.795 1.4382 0 168.059 2.31889e-05
1.795 1.4382 0 169.062 2.22792e-05
1.795 1.4382 0 170.064 2.14101e-05
1.795 1.4382 0 171.067 2.05797e-05
1.795 1.4382 0 172.069 1.97859e-05
1.795 1.4382 0 173.072 1.90271e-05
1.795 1.4382 0 174.074 1.83016e-05
1.795 1.4382 0 175.077 1.76077e-05
1.795 1.4382 0 176.079 1.6944e-05
1.795 1.4382 0 177.082 1.6309e-05
1.795 1.4382 0 178.084 1.57013e-05
1.795 1.4382 0 179.087 1.51196e-05
1.795 1.4382 0 180.089 1.45627e-05
1.795 1.4382 0 181.092 1.40295e-05
1.795 1.4382 0 182.094 1.35187e-05
1.795 1.4382 0 183.096 1.30294e-05
1.795 1.4382 0 184.099 1.25606e-05
1.795 1.4382 0 185.101 1.21112e-05
1.795 1.4382 0 186.104 1.16805e-05
1.795 1.4382 0 187.106 1.12675e-05
1.795 1.4382 0 188.109 1.08714e-05
1.795 1.4382 0 189.111 1.04915e-05
1.795 1.4382 0 190.114 1.0127e-05
1.795 1.4382 0 191.116 9.77717e-06
1.795 1.4382 0 192.119 9.44141e-06
1.795 1.4382 0 193.121 9.11906e-06
1.795 1.4382 0 194.124 8.80951e-06
1.795 1.4382 0 195.126 8.5122e-06
1.795 1.4382 0 196.129 8.22657e-06
1.795 1.4382 0 197.131 7.95212e-06
1.795 1.4382 0 198.133 7.68834e-06
1.795 1.4382 0 199.136 7.43476e-06
1.795 1.4382 0 200.138 7.19094e-06
1.795 1.4382 0 201.141 6.95645e-06
1.795 1.4382 0 202.143 6.73089e-06
1.795 1.4382 0 203.146 6.51387e-06
1.795 1.4382 0 204.148 6.30502e-06
1.795 1.4382 0 205.151 6.10398e-06
1.795 1.4382 0 206.153 5.91044e-06
1.795 1.4382 0 207.156 5.72406e-06
1.795 1.4382 0 208.158 5.54454e-06
1.795 1.4382 0 209.161 5.3716e-06
1.795 1.4382 0 210.163 5.20496e-06
1.795 1.4382 0 211.166 5.04435e-06
1.795 1.4382 0 212.168 4.88953e-06
1.795 1.4382 0 213.171 4.74025e-06
1.795 1.4382 0 214.173 4.59629e-06
1.795 1.4382 0 215.175 4.45743e-06
1.795 1.4382 0 216.178 4.32346e-06
1.795 1.4382 0 217.18 4.19419e-06
1.795 1.4382 0 218.183 4.06941e-06
1.795 1.4382 0 219.185 3.94896e-06
1.795 1.4382 0 220.188 3.83265e-06
1.795 1.4382 0 221.19 3.72034e-06
1.795 1.4382 0 222.193 3.61184e-06
1.795 1.4382 0 223.195 3.50702e-06
1.795 1.4382 0 224.198 3.40574e-06
1.795 1.4382 0 225.2 3.30784e-06
1.795 1.4382 0 226.203 3.21321e-06
1.795 1.4382 0 227.205 3.12171e-06
1.795 1.4382 0 228.208 3.03323e-06
1.795 1.4382 0 229.21 2.94765e-06
1.795 1.4382 0 230.212 2.86486e-06
1.795 1.4382 0 231.215 2.78476e-06
1.795 1.4382 0 232.217 2.70723e-06
1.795 1.4382 0 233.22 2.6322e-06
1.795 1.4382 0 234.222 2.55955e-06
1.795 1.4382 0 235.225 2.48922e-06
1.795 1.4382 0 236.227 2.4211e-06
1.795 1.4382 0 237.23 2.35512e-06
1.795 1.4382 0 238.232 2.29121e-06
1.795 1.4382 0 239.235 2.22928e-06
1.795 1.4382 0 240.237 2.16926e-06
1.795 1.4382 0 241.24 2.11109e-06
1.795 1.4382 0 242.242 2.0547e-06
1.795 1.4382 0 243.245 2.00003e-06
1.795 1.4382 0 244.247 1.94702e-06
1.795 1.4382 0 245.25 1.8956e-06
1.795 1.4382 0 246.252 1.84572e-06
1.795 1.4382 0 247.254 1.79734e-06
1.795 1.4382 0 248.257 1.75039e-06
1.795 1.4382 0 249.259 1.70483e-06
1.795 1.4382 0 250.262 1.66061e-06
1.795 1.4382 0 251.264 1.61768e-06
1.795 1.4382 0 252.267 1.57601e-06
1.795 1.4382 0 253.269 1.53554e-06
1.795 1.4382 0 254.272 1.49624e-06
1.795 1.4382 0 255.274 1.45808e-06
1.795 1.4382 0 256.277 1.421e-06
1.795 1.4382 0 257.279 1.38498e-06
1.795 1.4382 0 258.282 1.34998e-06
1.795 1.4382 0 259.284 1.31597e-06
1.795 1.4382 0 260.287 1.28292e-06
1.795 1.4382 0 261.289 1.25079e-06
1.795 1.4382 0 262.291 1.21956e-06
1.795 1.4382 0 263.294 1.18919e-06
1.795 1.4382 0 264.296 1.15967e-06
1.795 1.4382 0 265.299 1.13095e-06
1.795 1.4382 0 266.301 1.10303e-06
1.795 1.4382 0 267.304 1.07587e-06
1.795 1.4382 0 268.306 1.04944e-06
1.795 1.4382 0 269.309 1.02373e-06
1.795 1.4382 0 270.311 9.9872e-07
1.795 1.4382 0 271.314 9.74378e-07
1.795 1.4382 0 272.316 9.50688e-07
1.795 1.4382 0 273.319 9.27631e-07
1.795 1.4382 0 274.321 9.05187e-07
1.795 1.4382 0 275.324 8.83338e-07
1.795 1.4382 0 276.326 8.62065e-07
1.795 1.4382 0 277.329 8.41352e-07
1.795 1.4382 0 278.331 8.21182e-07
1.795 1.4382 0 279.333 8.01539e-07
1.795 1.4382 0 280.336 7.82408e-07
1.795 1.4382 0 281.338 7.63773e-07
1.795 1.4382 0 282.341 7.4562e-07
1.795 1.4382 0 283.343 7.27936e-07
1.795 1.4382 0 284.346 7.10705e-07
1.795 1.4382 0 285.348 6.93916e-07
1.795 1.4382 0 286.351 6.77556e-07
1.795 1.4382 0 287.353 6.61613e-07
1.795 1.4382 0 288.356 6.46074e-07
1.795 1.4382 0 289.358 6.30929e-07
1.795 1.4382 0 290.361 6.16166e-07
1.795 1.4382 0 291.363 6.01774e-07
1.795 1.4382 0 292.366 5.87744e-07
1.795 1.4382 0 293.368 5.74064e-07
1.795 1.4382 0 294.37 5.60726e-07
1.795 1.4382 0 295.373 5.4772e-07
1.795 1.4382 0 296.375 5.35037e-07
1.795 1.4382 0 297.378 5.22668e-07
1.795 1.4382 0 298.38 5.10604e-07
1.795 1.4382 0 299.383 4.98837e-07
1.795 1.4382 0 300.385 4.87359e-07
1.795 1.4382 0 301.388 4.76163e-07
1.795 1.4382 0 302.39 4.6524e-07
1.795 1.4382 0 303.393 4.54584e-07
1.795 1.4382 0 304.395 4.44186e-07
1.795 1.4382 0 305.398 4.34042e-07
1.795 1.4382 0 306.4 4.24142e-07
1.795 1.4382 0 307.403 4.14483e-07
1.795 1.4382 0 308.405 4.05056e-07
1.795 1.4382 0 309.408 3.95855e-07
1.795 1.4382 0 310.41 3.86876e-07
1.795 1.4382 0 311.412 3.78112e-07
1.795 1.4382 0 312.415 3.69557e-07
1.795 1.4382 0 313.417 3.61206e-07
1.795 1.4382 0 314.42 3.53054e-07
1.795 1.4382 0 315.422 3.45096e-07
1.795 1.4382 0 316.425 3.37326e-07
1.795 1.4382 0 317.427 3.29741e-07
1.795 1.4382 0 318.43 3.22334e-07
1.795 1.4382 0 319.432 3.15103e-07
1.795 1.4382 0 320.435 3.08041e-07
1.795 1.4382 0 321.437 3.01145e-07
1.795 1.4382 0 322.44 2.94412e-07
1.795 1.4382 0 323.442 2.87835e-07
1.795 1.4382 0 324.445 2.81413e-07
1.795 1.4382 0 325.447 2.7514e-07
1.795 1.4382 0 326.449 2.69013e-07
1.795 1.4382 0 327.452 2.63029e-07
1.795 1.4382 0 328.454 2.57184e-07
1.795 1.4382 0 329.457 2.51474e-07
1.795 1.4382 0 330.459 2.45897e-07
1.795 1.4382 0 331.462 2.40448e-07
1.795 1.4382 0 332.464 2.35125e-07
1.795 1.4382 0 333.467 2.29925e-07
1.795 1.4382 0 334.469 2.24844e-07
1.795 1.4382 0 335.472 2.1988e-07
1.795 1.4382 0 336.474 2.1503e-07
1.795 1.4382 0 337.477 2.10291e-07
1.795 1.4382 0 338.479 2.0566e-07
1.795 1.4382 0 339.482 2.01136e-07
1.795 1.4382 0 340.484 1.96714e-07
1.795 1.4382 0 341.487 1.92393e-07
1.795 1.4382 0 342.489 1.88171e-07
1.795 1.4382 0 343.491 1.84044e-07
1.795 1.4382 0 344.494 1.80012e-07
1.795 1.4382 0 345.496 1.7607e-07
1.795 1.4382 0 346.499 1.72218e-07
1.795 1.4382 0 347.501 1.68453e-07
1.795 1.4382 0 348.504 1.64773e-07
1.795 1.4382 0 349.506 1.61176e-07
1.795 1.4382 0 350.509 1.5766e-07
1.795 1.4382 0 351.511 1.54223e-07
1.795 1.4382 0 352.514 1.50864e-07
1.795 1.4382 0 353.516 1.4758e-07
1.795 1.4382 0 354.519 1.4437e-07
1.795 1.4382 0 355.521 1.41231e-07
1.795 1.4382 0 356.524 1.38163e-07
1.795 1.4382 0 357.526 1.35164e-07
1.795 1.4382 0 358.528 1.32231e-07
1.795 1.4382 0 359.531 1.29364e-07
1.795 1.4382 0 360.533 1.26561e-07
1.795 1.4382 0 361.536 1.23821e-07
1.795 1.4382 0 362.538 1.21141e-07
1.795 1.4382 0 363.541 1.18521e-07
1.795 1.4382 0 364.543 1.15959e-07
1.795 1.4382 0 365.546 1.13454e-07
1.795 1.4382 0 366.548 1.11005e-07
1.795 1.4382 0 367.551 1.0861e-07
1.795 1.4382 0 368.553 1.06268e-07
1.795 1.4382 0 369.556 1.03978e-07
1.795 1.4382 0 370.558 1.01738e-07
1.795 1.4382 0 371.561 9.95478e-08
1.795 1.4382 0 372.563 9.74059e-08
1.795 1.4382 0 373.566 9.53113e-08
1.795 1.4382 0 374.568 9.32627e-08
1.795 1.4382 0 375.57 9.12593e-08
1.795 1.4382 0 376.573 8.92999e-08
1.795 1.4382 0 377.575 8.73836e-08
1.795 1.4382 0 378.578 8.55093e-08
1.795 1.4382 0 379.58 8.36762e-08
1.795 1.4382 0 380.583 8.18833e-08
1.795 1.4382 0 381.585 8.01296e-08
1.795 1.4382 0 382.588 7.84143e-08
1.795 1.4382 0 383.59 7.67366e-08
1.795 1.4382 0 384.593 7.50956e-08
1.795 1.4382 0 385.595 7.34903e-08
1.795 1.4382 0 386.598 7.19202e-08
1.795 1.4382 0 387.6 7.03843e-08
1.795 1.4382 0 388.603 6.88819e-08
1.795 1.4382 0 389.605 6.74122e-08
1.795 1.4382 0 390.607 6.59745e-08
1.795 1.4382 0 391.61 6.45681e-08
1.795 1.4382 0 392.612 6.31923e-08
1.795 1.4382 0 393.615 6.18464e-08
1.795 1.4382 0 394.617 6.05297e-08
1.795 1.4382 0 395.62 5.92416e-08
1.795 1.4382 0 396.622 5.79814e-08
1.795 1.4382 0 397.625 5.67486e-08
1.795 1.4382 0 398.627 5.55424e-08
1.795 1.4382 0 399.63 5.43624e-08
1.795 1.4382 0 400.632 5.32079e-08
1.795 1.4382 0 401.635 5.20784e-08
1.795 1.4382 0 402.637 5.09733e-08
1.795 1.4382 0 403.64 4.98921e-08
1.795 1.4382 0 404.642 4.88342e-08
1.795 1.4382 0 405.645 4.77992e-08
1.795 1.4382 0 406.647 4.67864e-08
1.795 1.4382 0 407.649 4.57955e-08
1.795 1.4382 0 408.652 4.4826e-08
1.795 1.4382 0 409.654 4.38773e-08
1.795 1.4382 0 410.657 4.29491e-08
1.795 1.4382 0 411.659 4.20408e-08
1.795 1.4382 0 412.662 4.11521e-08
1.795 1.4382 0 413.664 4.02824e-08
1.795 1.4382 0 414.667 3.94314e-08
1.795 1.4382 0 415.669 3.85988e-08
1.795 1.4382 0 416.672 3.77839e-08
1.795 1.4382 0 417.674 3.69866e-08
1.795 1.4382 0 418.677 3.62063e-08
1.795 1.4382 0 419.679 3.54428e-08
1.795 1.4382 0 420.682 3.46956e-08
1.795 1.4382 0 421.684 3.39644e-08
1.795 1.4382 0 422.686 3.32489e-08
1.795 1.4382 0 423.689 3.25486e-08
1.795 1.4382 0 424.691 3.18634e-08
1.795 1.4382 0 425.694 3.11927e-08
1.795 1.4382 0 426.696 3.05364e-08
1.795 1.4382 0 427.699 2.98942e-08
1.795 1.4382 0 428.701 2.92656e-08
1.795 1.4382 0 429.704 2.86504e-08
1.795 1.4382 0 430.706 2.80484e-08
1.795 1.4382 0 431.709 2.74592e-08
1.795 1.4382 0 432.711 2.68825e-08
1.795 1.4382 0 433.714 2.63181e-08
1.795 1.4382 0 434.716 2.57658e-08
1.795 1.4382 0 435.719 2.52252e-08
1.795 1.4382 0 436.721 2.4696e-08
1.795 1.4382 0 437.724 2.41782e-08
1.795 1.4382 0 438.726 2.36713e-08
1.795 1.4382 0 439.728 2.31753e-08
1.795 1.4382 0 440.731 2.26897e-08
1.795 1.4382 0 441.733 2.22145e-08
1.795 1.4382 0 442.736 2.17493e-08
1.795 1.4382 0 443.738 2.12941e-08
1.795 1.4382 0 444.741 2.08484e-08
1.795 1.4382 0 445.743 2.04123e-08
1.795 1.4382 0 446.746 1.99853e-08
1.795 1.4382 0 447.748 1.95674e-08
1.795 1.4382 0 448.751 1.91584e-08
1.795 1.4382 0 449.753 1.8758e-08
1.795 1.4382 0 450.756 1.83661e-08
1.795 1.4382 0 451.758 1.79825e-08
1.795 1.4382 0 452.761 1.7607e-08
1.795 1.4382 0 453.763 1.72394e-08
1.795 1.4382 0 454.765 1.68796e-08
1.795 1.4382 0 455.768 1.65274e-08
1.795 1.4382 0 456.77 1.61827e-08
1.795 1.4382 0 457.773 1.58452e-08
1.795 1.4382 0 458.775 1.55148e-08
1.795 1.4382 0 459.778 1.51914e-08
1.795 1.4382 0 460.78 1.48749e-08
1.795 1.4382 0 461.783 1.4565e-08
1.795 1.4382 0 462.785 1.42616e-08
1.795 1.4382 0 463.788 1.39646e-08
1.795 1.4382 0 464.79 1.36739e-08
1.795 1.4382 0 465.793 1.33893e-08
1.795 1.4382 0 466.795 1.31107e-08
1.795 1.4382 0 467.798 1.2838e-08
1.795 1.4382 0 468.8 1.2571e-08
1.795 1.4382 0 469.803 1.23096e-08
1.795 1.4382 0 470.805 1.20537e-08
1.795 1.4382 0 471.807 1.18032e-08
1.795 1.4382 0 472.81 1.1558e-08
1.795 1.4382 0 473.812 1.13179e-08
1.795 1.4382 0 474.815 1.10828e-08
1.795 1.4382 0 475.817 1.08527e-08
1.795 1.4382 0 476.82 1.06274e-08
1.795 1.4382 0 477.822 1.04068e-08
1.795 1.4382 0 478.825 1.01909e-08
1.795 1.4382 0 479.827 9.9795e-09
1.795 1.4382 0 480.83 9.77252e-09
1.795 1.4382 0 481.832 9.56988e-09
1.795 1.4382 0 482.835 9.37149e-09
1.795 1.4382 0 483.837 9.17726e-09
1.795 1.4382 0 484.84 8.98709e-09
1.795 1.4382 0 485.842 8.8009e-09
1.795 1.4382 0 486.844 8.61861e-09
1.795 1.4382 0 487.847 8.44013e-09
1.795 1.4382 0 488.849 8.26539e-09
1.795 1.4382 0 489.852 8.0943e-09
1.795 1.4382 0 490.854 7.92679e-09
1.795 1.4382 0 491.857 7.76278e-09
1.795 1.4382 0 492.859 7.6022e-09
1.795 1.4382 0 493.862 7.44497e-09
1.795 1.4382 0 494.864 7.29102e-09
1.795 1.4382 0 495.867 7.14029e-09
1.795 1.4382 0 496.869 6.99271e-09
1.795 1.4382 0 497.872 6.84821e-09
1.795 1.4382 0 498.874 6.70672e-09
1.795 1.4382 0 499.877 6.56818e-09
1.795 1.4382 0 500.879 6.43253e-09
1.795 1.4382 0 501.882 6.29971e-09
1.795 1.4382 0 502.884 6.16966e-09
1.795 1.4382 0 503.886 6.04232e-09
1.795 1.4382 0 504.889 5.91763e-09
1.795 1.4382 0 505.891 5.79554e-09
1.795 1.4382 0 506.894 5.67599e-09
1.795 1.4382 0 507.896 5.55893e-09
1.795 1.4382 0 508.899 5.44431e-09
1.795 1.4382 0 509.901 5.33207e-09
1.795 1.4382 0 510.904 5.22217e-09
1.795 1.4382 0 511.906 5.11455e-09
1.795 1.4382 0 512.909 5.00917e-09
1.795 1.4382 0 513.911 4.90598e-09
1.795 1.4382 0 514.914 4.80494e-09
1.795 1.4382 0 515.916 4.70599e-09
1.795 1.4382 0 516.919 4.60911e-09
1.795 1.4382 0 517.921 4.51423e-09
1.795 1.4382 0 518.923 4.42132e-09
1.795 1.4382 0 519.926 4.33035e-09
1.795 1.4382 0 520.928 4.24126e-09
1.795 1.4382 0 521.931 4.15402e-09
1.795 1.4382 0 522.933 4.06859e-09
1.795 1.4382 0 523.936 3.98493e-09
1.795 1.4382 0 524.938 3.90301e-09
1.795 1.4382 0 525.941 3.82278e-09
1.795 1.4382 0 526.943 3.74422e-09
1.795 1.4382 0 527.946 3.66729e-09
1.795 1.4382 0 528.948 3.59195e-09
1.795 1.4382 0 529.951 3.51817e-09
1.795 1.4382 0 530.953 3.44592e-09
1.795 1.4382 0 531.956 3.37517e-09
1.795 1.4382 0 532.958 3.30588e-09
1.795 1.4382 0 533.961 3.23803e-09
1.795 1.4382 0 534.963 3.17157e-09
1.795 1.4382 0 535.965 3.1065e-09
1.795 1.4382 0 536.968 3.04277e-09
1.795 1.4382 0 537.97 2.98036e-09
1.795 1.4382 0 538.973 2.91924e-09
1.795 1.4382 0 539.975 2.85938e-09
1.795 1.4382 0 540.978 2.80076e-09
1.795 1.4382 0 541.98 2.74335e-09
1.795 1.4382 0 542.983 2.68713e-09
1.795 1.4382 0 543.985 2.63207e-09
1.795 1.4382 0 544.988 2.57814e-09
1.795 1.4382 0 545.99 2.52533e-09
1.795 1.4382 0 546.993 2.47361e-09
1.795 1.4382 0 547.995 2.42296e-09
1.795 1.4382 0 548.998 2.37335e-09
1.795 1.4382 0 550 2.32477e-09
