2.015 1.4382 0 150.015 2.72407e-06
2.015 1.4382 0 151.017 4.85282e-06
2.015 1.4382 0 152.02 4.88727e-06
2.015 1.4382 0 153.022 4.66896e-06
2.015 1.4382 0 154.025 4.45269e-06
2.015 1.4382 0 155.027 4.25116e-06
2.015 1.4382 0 156.03 4.06255e-06
2.015 1.4382 0 157.032 3.88512e-06
2.015 1.4382 0 158.035 3.71764e-06
2.015 1.4382 0 159.037 3.55915e-06
2.015 1.4382 0 160.04 3.40892e-06
2.015 1.4382 0 161.042 3.26633e-06
2.015 1.4382 0 162.045 3.13085e-06
2.015 1.4382 0 163.047 3.00202e-06
2.015 1.4382 0 164.05 2.87941e-06
2.015 1.4382 0 165.052 2.76265e-06
2.015 1.4382 0 166.054 2.6514e-06
2.015 1.4382 0 167.057 2.54536e-06
2.015 1.4382 0 168.059 2.44422e-06
2.015 1.4382 0 169.062 2.34773e-06
2.015 1.4382 0 170.064 2.25563e-06
2.015 1.4382 0 171.067 2.16769e-06
2.015 1.4382 0 172.069 2.0837e-06
2.015 1.4382 0 173.072 2.00346e-06
2.015 1.4382 0 174.074 1.92676e-06
2.015 1.4382 0 175.077 1.85344e-06
2.015 1.4382 0 176.079 1.78332e-06
2.015 1.4382 0 177.082 1.71625e-06
2.015 1.4382 0 178.084 1.65208e-06
2.015 1.4382 0 179.087 1.59066e-06
2.015 1.4382 0 180.089 1.53186e-06
2.015 1.4382 0 181.092 1.47555e-06
2.015 1.4382 0 182.094 1.42163e-06
2.015 1.4382 0 183.096 1.36996e-06
2.015 1.4382 0 184.099 1.32045e-06
2.015 1.4382 0 185.101 1.273e-06
2.015 1.4382 0 186.104 1.2275e-06
2.015 1.4382 0 187.106 1.18387e-06
2.015 1.4382 0 188.109 1.14202e-06
2.015 1.4382 0 189.111 1.10187e-06
2.015 1.4382 0 190.114 1.06335e-06
2.015 1.4382 0 191.116 1.02637e-06
2.015 1.4382 0 192.119 9.90869e-07
2.015 1.4382 0 193.121 9.56779e-07
2.015 1.4382 0 194.124 9.24038e-07
2.015 1.4382 0 195.126 8.92584e-07
2.015 1.4382 0 196.129 8.62361e-07
2.015 1.4382 0 197.131 8.33314e-07
2.015 1.4382 0 198.133 8.05392e-07
2.015 1.4382 0 199.136 7.78544e-07
2.015 1.4382 0 200.138 7.52726e-07
2.015 1.4382 0 201.141 7.27891e-07
2.015 1.4382 0 202.143 7.03998e-07
2.015 1.4382 0 203.146 6.81005e-07
2.015 1.4382 0 204.148 6.58876e-07
2.015 1.4382 0 205.151 6.37571e-07
2.015 1.4382 0 206.153 6.17058e-07
2.015 1.4382 0 207.156 5.97302e-07
2.015 1.4382 0 208.158 5.78272e-07
2.015 1.4382 0 209.161 5.59937e-07
2.015 1.4382 0 210.163 5.42269e-07
2.015 1.4382 0 211.166 5.2524e-07
2.015 1.4382 0 212.168 5.08823e-07
2.015 1.4382 0 213.171 4.92993e-07
2.015 1.4382 0 214.173 4.77728e-07
2.015 1.4382 0 215.175 4.63003e-07
2.015 1.4382 0 216.178 4.48797e-07
2.015 1.4382 0 217.18 4.35088e-07
2.015 1.4382 0 218.183 4.21858e-07
2.015 1.4382 0 219.185 4.09087e-07
2.015 1.4382 0 220.188 3.96757e-07
2.015 1.4382 0 221.19 3.8485e-07
2.015 1.4382 0 222.193 3.7335e-07
2.015 1.4382 0 223.195 3.62241e-07
2.015 1.4382 0 224.198 3.51508e-07
2.015 1.4382 0 225.2 3.41136e-07
2.015 1.4382 0 226.203 3.31112e-07
2.015 1.4382 0 227.205 3.21421e-07
2.015 1.4382 0 228.208 3.12052e-07
2.015 1.4382 0 229.21 3.02992e-07
2.015 1.4382 0 230.212 2.9423e-07
2.015 1.4382 0 231.215 2.85753e-07
2.015 1.4382 0 232.217 2.77553e-07
2.015 1.4382 0 233.22 2.69618e-07
2.015 1.4382 0 234.222 2.61938e-07
2.015 1.4382 0 235.225 2.54505e-07
2.015 1.4382 0 236.227 2.47308e-07
2.015 1.4382 0 237.23 2.40341e-07
2.015 1.4382 0 238.232 2.33593e-07
2.015 1.4382 0 239.235 2.27058e-07
2.015 1.4382 0 240.237 2.20727e-07
2.015 1.4382 0 241.24 2.14594e-07
2.015 1.4382 0 242.242 2.08651e-07
2.015 1.4382 0 243.245 2.02892e-07
2.015 1.4382 0 244.247 1.97309e-07
2.015 1.4382 0 245.25 1.91898e-07
2.015 1.4382 0 246.252 1.86652e-07
2.015 1.4382 0 247.254 1.81565e-07
2.015 1.4382 0 248.257 1.76632e-07
2.015 1.4382 0 249.259 1.71847e-07
2.015 1.4382 0 250.262 1.67206e-07
2.015 1.4382 0 251.264 1.62703e-07
2.015 1.4382 0 252.267 1.58334e-07
2.015 1.4382 0 253.269 1.54095e-07
2.015 1.4382 0 254.272 1.4998e-07
2.015 1.4382 0 255.274 1.45986e-07
2.015 1.4382 0 256.277 1.42109e-07
2.015 1.4382 0 257.279 1.38346e-07
2.015 1.4382 0 258.282 1.34691e-07
2.015 1.4382 0 259.284 1.31142e-07
2.015 1.4382 0 260.287 1.27695e-07
2.015 1.4382 0 261.289 1.24348e-07
2.015 1.4382 0 262.291 1.21096e-07
2.015 1.4382 0 263.294 1.17936e-07
2.015 1.4382 0 264.296 1.14867e-07
2.015 1.4382 0 265.299 1.11884e-07
2.015 1.4382 0 266.301 1.08985e-07
2.015 1.4382 0 267.304 1.06168e-07
2.015 1.4382 0 268.306 1.0343e-07
2.015 1.4382 0 269.309 1.00768e-07
2.015 1.4382 0 270.311 9.81798e-08
2.015 1.4382 0 271.314 9.56637e-08
2.015 1.4382 0 272.316 9.32171e-08
2.015 1.4382 0 273.319 9.08379e-08
2.015 1.4382 0 274.321 8.8524e-08
2.015 1.4382 0 275.324 8.62735e-08
2.015 1.4382 0 276.326 8.40844e-08
2.015 1.4382 0 277.329 8.19549e-08
2.015 1.4382 0 278.331 7.98832e-08
2.015 1.4382 0 279.333 7.78676e-08
2.015 1.4382 0 280.336 7.59063e-08
2.015 1.4382 0 281.338 7.39977e-08
2.015 1.4382 0 282.341 7.21404e-08
2.015 1.4382 0 283.343 7.03328e-08
2.015 1.4382 0 284.346 6.85734e-08
2.015 1.4382 0 285.348 6.68608e-08
2.015 1.4382 0 286.351 6.51937e-08
2.015 1.4382 0 287.353 6.35707e-08
2.015 1.4382 0 288.356 6.19906e-08
2.015 1.4382 0 289.358 6.04521e-08
2.015 1.4382 0 290.361 5.8954e-08
2.015 1.4382 0 291.363 5.74952e-08
2.015 1.4382 0 292.366 5.60745e-08
2.015 1.4382 0 293.368 5.46909e-08
2.015 1.4382 0 294.37 5.33434e-08
2.015 1.4382 0 295.373 5.20308e-08
2.015 1.4382 0 296.375 5.07523e-08
2.015 1.4382 0 297.378 4.95068e-08
2.015 1.4382 0 298.38 4.82934e-08
2.015 1.4382 0 299.383 4.71113e-08
2.015 1.4382 0 300.385 4.59596e-08
2.015 1.4382 0 301.388 4.48374e-08
2.015 1.4382 0 302.39 4.37439e-08
2.015 1.4382 0 303.393 4.26783e-08
2.015 1.4382 0 304.395 4.164e-08
2.015 1.4382 0 305.398 4.0628e-08
2.015 1.4382 0 306.4 3.96417e-08
2.015 1.4382 0 307.403 3.86805e-08
2.015 1.4382 0 308.405 3.77435e-08
2.015 1.4382 0 309.408 3.68303e-08
2.015 1.4382 0 310.41 3.594e-08
2.015 1.4382 0 311.412 3.50722e-08
2.015 1.4382 0 312.415 3.42261e-08
2.015 1.4382 0 313.417 3.34013e-08
2.015 1.4382 0 314.42 3.25972e-08
2.015 1.4382 0 315.422 3.18132e-08
2.015 1.4382 0 316.425 3.10487e-08
2.015 1.4382 0 317.427 3.03033e-08
2.015 1.4382 0 318.43 2.95765e-08
2.015 1.4382 0 319.432 2.88677e-08
2.015 1.4382 0 320.435 2.81765e-08
2.015 1.4382 0 321.437 2.75024e-08
2.015 1.4382 0 322.44 2.6845e-08
2.015 1.4382 0 323.442 2.62039e-08
2.015 1.4382 0 324.445 2.55786e-08
2.015 1.4382 0 325.447 2.49687e-08
2.015 1.4382 0 326.449 2.43738e-08
2.015 1.4382 0 327.452 2.37935e-08
2.015 1.4382 0 328.454 2.32275e-08
2.015 1.4382 0 329.457 2.26754e-08
2.015 1.4382 0 330.459 2.21368e-08
2.015 1.4382 0 331.462 2.16113e-08
2.015 1.4382 0 332.464 2.10987e-08
2.015 1.4382 0 333.467 2.05986e-08
2.015 1.4382 0 334.469 2.01107e-08
2.015 1.4382 0 335.472 1.96347e-08
2.015 1.4382 0 336.474 1.91702e-08
2.015 1.4382 0 337.477 1.8717e-08
2.015 1.4382 0 338.479 1.82749e-08
2.015 1.4382 0 339.482 1.78434e-08
2.015 1.4382 0 340.484 1.74224e-08
2.015 1.4382 0 341.487 1.70116e-08
2.015 1.4382 0 342.489 1.66107e-08
2.015 1.4382 0 343.491 1.62195e-08
2.015 1.4382 0 344.494 1.58377e-08
2.015 1.4382 0 345.496 1.54652e-08
2.015 1.4382 0 346.499 1.51015e-08
2.015 1.4382 0 347.501 1.47467e-08
2.015 1.4382 0 348.504 1.44004e-08
2.015 1.4382 0 349.506 1.40624e-08
2.015 1.4382 0 350.509 1.37325e-08
2.015 1.4382 0 351.511 1.34105e-08
2.015 1.4382 0 352.514 1.30962e-08
2.015 1.4382 0 353.516 1.27894e-08
2.015 1.4382 0 354.519 1.249e-08
2.015 1.4382 0 355.521 1.21977e-08
2.015 1.4382 0 356.524 1.19124e-08
2.015 1.4382 0 357.526 1.16339e-08
2.015 1.4382 0 358.528 1.13621e-08
2.015 1.4382 0 359.531 1.10967e-08
2.015 1.4382 0 360.533 1.08377e-08
2.015 1.4382 0 361.536 1.05848e-08
2.015 1.4382 0 362.538 1.03379e-08
2.015 1.4382 0 363.541 1.00968e-08
2.015 1.4382 0 364.543 9.86155e-09
2.015 1.4382 0 365.546 9.63183e-09
2.015 1.4382 0 366.548 9.40755e-09
2.015 1.4382 0 367.551 9.18859e-09
2.015 1.4382 0 368.553 8.97481e-09
2.015 1.4382 0 369.556 8.76609e-09
2.015 1.4382 0 370.558 8.5623e-09
2.015 1.4382 0 371.561 8.36333e-09
2.015 1.4382 0 372.563 8.16906e-09
2.015 1.4382 0 373.566 7.97937e-09
2.015 1.4382 0 374.568 7.79415e-09
2.015 1.4382 0 375.57 7.61331e-09
2.015 1.4382 0 376.573 7.43672e-09
2.015 1.4382 0 377.575 7.26429e-09
2.015 1.4382 0 378.578 7.09592e-09
2.015 1.4382 0 379.58 6.93151e-09
2.015 1.4382 0 380.583 6.77096e-09
2.015 1.4382 0 381.585 6.61418e-09
2.015 1.4382 0 382.588 6.46109e-09
2.015 1.4382 0 383.59 6.31159e-09
2.015 1.4382 0 384.593 6.1656e-09
2.015 1.4382 0 385.595 6.02303e-09
2.015 1.4382 0 386.598 5.8838e-09
2.015 1.4382 0 387.6 5.74783e-09
2.015 1.4382 0 388.603 5.61505e-09
2.015 1.4382 0 389.605 5.48537e-09
2.015 1.4382 0 390.607 5.35873e-09
2.015 1.4382 0 391.61 5.23505e-09
2.015 1.4382 0 392.612 5.11426e-09
2.015 1.4382 0 393.615 4.99629e-09
2.015 1.4382 0 394.617 4.88108e-09
2.015 1.4382 0 395.62 4.76855e-09
2.015 1.4382 0 396.622 4.65865e-09
2.015 1.4382 0 397.625 4.55132e-09
2.015 1.4382 0 398.627 4.44648e-09
2.015 1.4382 0 399.63 4.34409e-09
2.015 1.4382 0 400.632 4.24408e-09
2.015 1.4382 0 401.635 4.1464e-09
2.015 1.4382 0 402.637 4.051e-09
2.015 1.4382 0 403.64 3.95782e-09
2.015 1.4382 0 404.642 3.8668e-09
2.015 1.4382 0 405.645 3.7779e-09
2.015 1.4382 0 406.647 3.69106e-09
2.015 1.4382 0 407.649 3.60624e-09
2.015 1.4382 0 408.652 3.52339e-09
2.015 1.4382 0 409.654 3.44247e-09
2.015 1.4382 0 410.657 3.36342e-09
2.015 1.4382 0 411.659 3.2862e-09
2.015 1.4382 0 412.662 3.21078e-09
2.015 1.4382 0 413.664 3.13711e-09
2.015 1.4382 0 414.667 3.06514e-09
2.015 1.4382 0 415.669 2.99484e-09
2.015 1.4382 0 416.672 2.92617e-09
2.015 1.4382 0 417.674 2.85909e-09
2.015 1.4382 0 418.677 2.79356e-09
2.015 1.4382 0 419.679 2.72954e-09
2.015 1.4382 0 420.682 2.66701e-09
2.015 1.4382 0 421.684 2.60592e-09
2.015 1.4382 0 422.686 2.54625e-09
2.015 1.4382 0 423.689 2.48795e-09
2.015 1.4382 0 424.691 2.431e-09
2.015 1.4382 0 425.694 2.37537e-09
2.015 1.4382 0 426.696 2.32102e-09
2.015 1.4382 0 427.699 2.26793e-09
2.015 1.4382 0 428.701 2.21606e-09
2.015 1.4382 0 429.704 2.16539e-09
2.015 1.4382 0 430.706 2.11588e-09
2.015 1.4382 0 431.709 2.06752e-09
2.015 1.4382 0 432.711 2.02027e-09
2.015 1.4382 0 433.714 1.97411e-09
2.015 1.4382 0 434.716 1.92902e-09
2.015 1.4382 0 435.719 1.88496e-09
2.015 1.4382 0 436.721 1.84192e-09
2.015 1.4382 0 437.724 1.79987e-09
2.015 1.4382 0 438.726 1.75878e-09
2.015 1.4382 0 439.728 1.71864e-09
2.015 1.4382 0 440.731 1.67943e-09
2.015 1.4382 0 441.733 1.64111e-09
2.015 1.4382 0 442.736 1.60368e-09
2.015 1.4382 0 443.738 1.56711e-09
2.015 1.4382 0 444.741 1.53138e-09
2.015 1.4382 0 445.743 1.49647e-09
2.015 1.4382 0 446.746 1.46236e-09
2.015 1.4382 0 447.748 1.42903e-09
2.015 1.4382 0 448.751 1.39647e-09
2.015 1.4382 0 449.753 1.36466e-09
2.015 1.4382 0 450.756 1.33358e-09
2.015 1.4382 0 451.758 1.30321e-09
2.015 1.4382 0 452.761 1.27353e-09
2.015 1.4382 0 453.763 1.24454e-09
2.015 1.4382 0 454.765 1.21621e-09
2.015 1.4382 0 455.768 1.18853e-09
2.015 1.4382 0 456.77 1.16149e-09
2.015 1.4382 0 457.773 1.13507e-09
2.015 1.4382 0 458.775 1.10925e-09
2.015 1.4382 0 459.778 1.08402e-09
2.015 1.4382 0 460.78 1.05937e-09
2.015 1.4382 0 461.783 1.03528e-09
2.015 1.4382 0 462.785 1.01175e-09
2.015 1.4382 0 463.788 9.88753e-10
2.015 1.4382 0 464.79 9.66283e-10
2.015 1.4382 0 465.793 9.44327e-10
2.015 1.4382 0 466.795 9.22874e-10
2.015 1.4382 0 467.798 9.01911e-10
2.015 1.4382 0 468.8 8.81428e-10
2.015 1.4382 0 469.803 8.61412e-10
2.015 1.4382 0 470.805 8.41854e-10
2.015 1.4382 0 471.807 8.22743e-10
2.015 1.4382 0 472.81 8.04069e-10
2.015 1.4382 0 473.812 7.85821e-10
2.015 1.4382 0 474.815 7.6799e-10
2.015 1.4382 0 475.817 7.50566e-10
2.015 1.4382 0 476.82 7.3354e-10
2.015 1.4382 0 477.822 7.16902e-10
2.015 1.4382 0 478.825 7.00644e-10
2.015 1.4382 0 479.827 6.84758e-10
2.015 1.4382 0 480.83 6.69233e-10
2.015 1.4382 0 481.832 6.54063e-10
2.015 1.4382 0 482.835 6.39238e-10
2.015 1.4382 0 483.837 6.24752e-10
2.015 1.4382 0 484.84 6.10596e-10
2.015 1.4382 0 485.842 5.96762e-10
2.015 1.4382 0 486.844 5.83244e-10
2.015 1.4382 0 487.847 5.70034e-10
2.015 1.4382 0 488.849 5.57124e-10
2.015 1.4382 0 489.852 5.44509e-10
2.015 1.4382 0 490.854 5.32181e-10
2.015 1.4382 0 491.857 5.20134e-10
2.015 1.4382 0 492.859 5.08361e-10
2.015 1.4382 0 493.862 4.96856e-10
2.015 1.4382 0 494.864 4.85613e-10
2.015 1.4382 0 495.867 4.74626e-10
2.015 1.4382 0 496.869 4.63888e-10
2.015 1.4382 0 497.872 4.53395e-10
2.015 1.4382 0 498.874 4.43141e-10
2.015 1.4382 0 499.877 4.3312e-10
2.015 1.4382 0 500.879 4.23327e-10
2.015 1.4382 0 501.882 4.13756e-10
2.015 1.4382 0 502.884 4.04403e-10
2.015 1.4382 0 503.886 3.95263e-10
2.015 1.4382 0 504.889 3.8633e-10
2.015 1.4382 0 505.891 3.776e-10
2.015 1.4382 0 506.894 3.69068e-10
2.015 1.4382 0 507.896 3.60731e-10
2.015 1.4382 0 508.899 3.52582e-10
2.015 1.4382 0 509.901 3.44619e-10
2.015 1.4382 0 510.904 3.36836e-10
2.015 1.4382 0 511.906 3.29231e-10
2.015 1.4382 0 512.909 3.21797e-10
2.015 1.4382 0 513.911 3.14533e-10
2.015 1.4382 0 514.914 3.07433e-10
2.015 1.4382 0 515.916 3.00495e-10
2.015 1.4382 0 516.919 2.93713e-10
2.015 1.4382 0 517.921 2.87086e-10
2.015 1.4382 0 518.923 2.80609e-10
2.015 1.4382 0 519.926 2.74279e-10
2.015 1.4382 0 520.928 2.68092e-10
2.015 1.4382 0 521.931 2.62045e-10
2.015 1.4382 0 522.933 2.56136e-10
2.015 1.4382 0 523.936 2.50361e-10
2.015 1.4382 0 524.938 2.44716e-10
2.015 1.4382 0 525.941 2.39199e-10
2.015 1.4382 0 526.943 2.33808e-10
2.015 1.4382 0 527.946 2.28538e-10
2.015 1.4382 0 528.948 2.23388e-10
2.015 1.4382 0 529.951 2.18354e-10
2.015 1.4382 0 530.953 2.13434e-10
2.015 1.4382 0 531.956 2.08626e-10
2.015 1.4382 0 532.958 2.03927e-10
2.015 1.4382 0 533.961 1.99334e-10
2.015 1.4382 0 534.963 1.94844e-10
2.015 1.4382 0 535.965 1.90457e-10
2.015 1.4382 0 536.968 1.86169e-10
2.015 1.4382 0 537.97 1.81977e-10
2.015 1.4382 0 538.973 1.77881e-10
2.015 1.4382 0 539.975 1.73877e-10
2.015 1.4382 0 540.978 1.69964e-10
2.015 1.4382 0 541.98 1.66139e-10
2.015 1.4382 0 542.983 1.62401e-10
2.015 1.4382 0 543.985 1.58747e-10
2.015 1.4382 0 544.988 1.55175e-10
2.015 1.4382 0 545.99 1.51685e-10
2.015 1.4382 0 546.993 1.48273e-10
2.015 1.4382 0 547.995 1.44939e-10
2.015 1.4382 0 548.998 1.41679e-10
2.015 1.4382 0 550 1.38494e-10
