1.07 1.4382 0 150.015 4.60119e-07
1.07 1.4382 0 151.017 8.15376e-07
1.07 1.4382 0 152.02 8.22669e-07
1.07 1.4382 0 153.022 7.93592e-07
1.07 1.4382 0 154.025 7.67628e-07
1.07 1.4382 0 155.027 7.45226e-07
1.07 1.4382 0 156.03 7.25304e-07
1.07 1.4382 0 157.032 7.0718e-07
1.07 1.4382 0 158.035 6.90432e-07
1.07 1.4382 0 159.037 6.74784e-07
1.07 1.4382 0 160.04 6.60046e-07
1.07 1.4382 0 161.042 6.4608e-07
1.07 1.4382 0 162.045 6.32779e-07
1.07 1.4382 0 163.047 6.20065e-07
1.07 1.4382 0 164.05 6.07873e-07
1.07 1.4382 0 165.052 5.9615e-07
1.07 1.4382 0 166.054 5.84853e-07
1.07 1.4382 0 167.057 5.73947e-07
1.07 1.4382 0 168.059 5.63401e-07
1.07 1.4382 0 169.062 5.53187e-07
1.07 1.4382 0 170.064 5.43285e-07
1.07 1.4382 0 171.067 5.33672e-07
1.07 1.4382 0 172.069 5.24332e-07
1.07 1.4382 0 173.072 5.15249e-07
1.07 1.4382 0 174.074 5.06408e-07
1.07 1.4382 0 175.077 4.97796e-07
1.07 1.4382 0 176.079 4.89403e-07
1.07 1.4382 0 177.082 4.81217e-07
1.07 1.4382 0 178.084 4.73229e-07
1.07 1.4382 0 179.087 4.6543e-07
1.07 1.4382 0 180.089 4.57812e-07
1.07 1.4382 0 181.092 4.50367e-07
1.07 1.4382 0 182.094 4.43088e-07
1.07 1.4382 0 183.096 4.35969e-07
1.07 1.4382 0 184.099 4.29004e-07
1.07 1.4382 0 185.101 4.22186e-07
1.07 1.4382 0 186.104 4.15511e-07
1.07 1.4382 0 187.106 4.08974e-07
1.07 1.4382 0 188.109 4.02569e-07
1.07 1.4382 0 189.111 3.96293e-07
1.07 1.4382 0 190.114 3.90142e-07
1.07 1.4382 0 191.116 3.8411e-07
1.07 1.4382 0 192.119 3.78196e-07
1.07 1.4382 0 193.121 3.72394e-07
1.07 1.4382 0 194.124 3.66702e-07
1.07 1.4382 0 195.126 3.61116e-07
1.07 1.4382 0 196.129 3.55634e-07
1.07 1.4382 0 197.131 3.50253e-07
1.07 1.4382 0 198.133 3.44969e-07
1.07 1.4382 0 199.136 3.3978e-07
1.07 1.4382 0 200.138 3.34684e-07
1.07 1.4382 0 201.141 3.29678e-07
1.07 1.4382 0 202.143 3.2476e-07
1.07 1.4382 0 203.146 3.19928e-07
1.07 1.4382 0 204.148 3.15179e-07
1.07 1.4382 0 205.151 3.10511e-07
1.07 1.4382 0 206.153 3.05923e-07
1.07 1.4382 0 207.156 3.01413e-07
1.07 1.4382 0 208.158 2.96979e-07
1.07 1.4382 0 209.161 2.92618e-07
1.07 1.4382 0 210.163 2.8833e-07
1.07 1.4382 0 211.166 2.84113e-07
1.07 1.4382 0 212.168 2.79965e-07
1.07 1.4382 0 213.171 2.75885e-07
1.07 1.4382 0 214.173 2.71871e-07
1.07 1.4382 0 215.175 2.67922e-07
1.07 1.4382 0 216.178 2.64036e-07
1.07 1.4382 0 217.18 2.60213e-07
1.07 1.4382 0 218.183 2.5645e-07
1.07 1.4382 0 219.185 2.52747e-07
1.07 1.4382 0 220.188 2.49103e-07
1.07 1.4382 0 221.19 2.45516e-07
1.07 1.4382 0 222.193 2.41985e-07
1.07 1.4382 0 223.195 2.38509e-07
1.07 1.4382 0 224.198 2.35087e-07
1.07 1.4382 0 225.2 2.31718e-07
1.07 1.4382 0 226.203 2.28401e-07
1.07 1.4382 0 227.205 2.25135e-07
1.07 1.4382 0 228.208 2.21919e-07
1.07 1.4382 0 229.21 2.18753e-07
1.07 1.4382 0 230.212 2.15634e-07
1.07 1.4382 0 231.215 2.12563e-07
1.07 1.4382 0 232.217 2.09539e-07
1.07 1.4382 0 233.22 2.0656e-07
1.07 1.4382 0 234.222 2.03627e-07
1.07 1.4382 0 235.225 2.00737e-07
1.07 1.4382 0 236.227 1.97891e-07
1.07 1.4382 0 237.23 1.95087e-07
1.07 1.4382 0 238.232 1.92325e-07
1.07 1.4382 0 239.235 1.89604e-07
1.07 1.4382 0 240.237 1.86924e-07
1.07 1.4382 0 241.24 1.84284e-07
1.07 1.4382 0 242.242 1.81682e-07
1.07 1.4382 0 243.245 1.79119e-07
1.07 1.4382 0 244.247 1.76594e-07
1.07 1.4382 0 245.25 1.74107e-07
1.07 1.4382 0 246.252 1.71655e-07
1.07 1.4382 0 247.254 1.6924e-07
1.07 1.4382 0 248.257 1.6686e-07
1.07 1.4382 0 249.259 1.64515e-07
1.07 1.4382 0 250.262 1.62204e-07
1.07 1.4382 0 251.264 1.59927e-07
1.07 1.4382 0 252.267 1.57683e-07
1.07 1.4382 0 253.269 1.55472e-07
1.07 1.4382 0 254.272 1.53293e-07
1.07 1.4382 0 255.274 1.51146e-07
1.07 1.4382 0 256.277 1.4903e-07
1.07 1.4382 0 257.279 1.46944e-07
1.07 1.4382 0 258.282 1.44888e-07
1.07 1.4382 0 259.284 1.42863e-07
1.07 1.4382 0 260.287 1.40866e-07
1.07 1.4382 0 261.289 1.38899e-07
1.07 1.4382 0 262.291 1.36959e-07
1.07 1.4382 0 263.294 1.35048e-07
1.07 1.4382 0 264.296 1.33164e-07
1.07 1.4382 0 265.299 1.31307e-07
1.07 1.4382 0 266.301 1.29477e-07
1.07 1.4382 0 267.304 1.27673e-07
1.07 1.4382 0 268.306 1.25895e-07
1.07 1.4382 0 269.309 1.24142e-07
1.07 1.4382 0 270.311 1.22415e-07
1.07 1.4382 0 271.314 1.20712e-07
1.07 1.4382 0 272.316 1.19034e-07
1.07 1.4382 0 273.319 1.17379e-07
1.07 1.4382 0 274.321 1.15748e-07
1.07 1.4382 0 275.324 1.14141e-07
1.07 1.4382 0 276.326 1.12556e-07
1.07 1.4382 0 277.329 1.10994e-07
1.07 1.4382 0 278.331 1.09454e-07
1.07 1.4382 0 279.333 1.07936e-07
1.07 1.4382 0 280.336 1.06439e-07
1.07 1.4382 0 281.338 1.04964e-07
1.07 1.4382 0 282.341 1.0351e-07
1.07 1.4382 0 283.343 1.02077e-07
1.07 1.4382 0 284.346 1.00663e-07
1.07 1.4382 0 285.348 9.92701e-08
1.07 1.4382 0 286.351 9.78967e-08
1.07 1.4382 0 287.353 9.65427e-08
1.07 1.4382 0 288.356 9.52079e-08
1.07 1.4382 0 289.358 9.38919e-08
1.07 1.4382 0 290.361 9.25946e-08
1.07 1.4382 0 291.363 9.13156e-08
1.07 1.4382 0 292.366 9.00548e-08
1.07 1.4382 0 293.368 8.88117e-08
1.07 1.4382 0 294.37 8.75861e-08
1.07 1.4382 0 295.373 8.63779e-08
1.07 1.4382 0 296.375 8.51867e-08
1.07 1.4382 0 297.378 8.40123e-08
1.07 1.4382 0 298.38 8.28545e-08
1.07 1.4382 0 299.383 8.1713e-08
1.07 1.4382 0 300.385 8.05876e-08
1.07 1.4382 0 301.388 7.9478e-08
1.07 1.4382 0 302.39 7.8384e-08
1.07 1.4382 0 303.393 7.73054e-08
1.07 1.4382 0 304.395 7.6242e-08
1.07 1.4382 0 305.398 7.51935e-08
1.07 1.4382 0 306.4 7.41598e-08
1.07 1.4382 0 307.403 7.31406e-08
1.07 1.4382 0 308.405 7.21357e-08
1.07 1.4382 0 309.408 7.1145e-08
1.07 1.4382 0 310.41 7.01681e-08
1.07 1.4382 0 311.412 6.92049e-08
1.07 1.4382 0 312.415 6.82553e-08
1.07 1.4382 0 313.417 6.73189e-08
1.07 1.4382 0 314.42 6.63957e-08
1.07 1.4382 0 315.422 6.54854e-08
1.07 1.4382 0 316.425 6.45879e-08
1.07 1.4382 0 317.427 6.37029e-08
1.07 1.4382 0 318.43 6.28303e-08
1.07 1.4382 0 319.432 6.197e-08
1.07 1.4382 0 320.435 6.11216e-08
1.07 1.4382 0 321.437 6.02851e-08
1.07 1.4382 0 322.44 5.94604e-08
1.07 1.4382 0 323.442 5.86471e-08
1.07 1.4382 0 324.445 5.78452e-08
1.07 1.4382 0 325.447 5.70545e-08
1.07 1.4382 0 326.449 5.62749e-08
1.07 1.4382 0 327.452 5.55061e-08
1.07 1.4382 0 328.454 5.47481e-08
1.07 1.4382 0 329.457 5.40006e-08
1.07 1.4382 0 330.459 5.32636e-08
1.07 1.4382 0 331.462 5.25368e-08
1.07 1.4382 0 332.464 5.18202e-08
1.07 1.4382 0 333.467 5.11135e-08
1.07 1.4382 0 334.469 5.04167e-08
1.07 1.4382 0 335.472 4.97296e-08
1.07 1.4382 0 336.474 4.9052e-08
1.07 1.4382 0 337.477 4.83839e-08
1.07 1.4382 0 338.479 4.77251e-08
1.07 1.4382 0 339.482 4.70754e-08
1.07 1.4382 0 340.484 4.64348e-08
1.07 1.4382 0 341.487 4.58031e-08
1.07 1.4382 0 342.489 4.51801e-08
1.07 1.4382 0 343.491 4.45658e-08
1.07 1.4382 0 344.494 4.39601e-08
1.07 1.4382 0 345.496 4.33627e-08
1.07 1.4382 0 346.499 4.27736e-08
1.07 1.4382 0 347.501 4.21927e-08
1.07 1.4382 0 348.504 4.16199e-08
1.07 1.4382 0 349.506 4.1055e-08
1.07 1.4382 0 350.509 4.0498e-08
1.07 1.4382 0 351.511 3.99486e-08
1.07 1.4382 0 352.514 3.94069e-08
1.07 1.4382 0 353.516 3.88726e-08
1.07 1.4382 0 354.519 3.83458e-08
1.07 1.4382 0 355.521 3.78263e-08
1.07 1.4382 0 356.524 3.73139e-08
1.07 1.4382 0 357.526 3.68086e-08
1.07 1.4382 0 358.528 3.63104e-08
1.07 1.4382 0 359.531 3.5819e-08
1.07 1.4382 0 360.533 3.53344e-08
1.07 1.4382 0 361.536 3.48565e-08
1.07 1.4382 0 362.538 3.43852e-08
1.07 1.4382 0 363.541 3.39204e-08
1.07 1.4382 0 364.543 3.3462e-08
1.07 1.4382 0 365.546 3.30099e-08
1.07 1.4382 0 366.548 3.25641e-08
1.07 1.4382 0 367.551 3.21245e-08
1.07 1.4382 0 368.553 3.16908e-08
1.07 1.4382 0 369.556 3.12632e-08
1.07 1.4382 0 370.558 3.08415e-08
1.07 1.4382 0 371.561 3.04256e-08
1.07 1.4382 0 372.563 3.00154e-08
1.07 1.4382 0 373.566 2.96108e-08
1.07 1.4382 0 374.568 2.92118e-08
1.07 1.4382 0 375.57 2.88183e-08
1.07 1.4382 0 376.573 2.84302e-08
1.07 1.4382 0 377.575 2.80475e-08
1.07 1.4382 0 378.578 2.767e-08
1.07 1.4382 0 379.58 2.72977e-08
1.07 1.4382 0 380.583 2.69305e-08
1.07 1.4382 0 381.585 2.65684e-08
1.07 1.4382 0 382.588 2.62112e-08
1.07 1.4382 0 383.59 2.58589e-08
1.07 1.4382 0 384.593 2.55115e-08
1.07 1.4382 0 385.595 2.51688e-08
1.07 1.4382 0 386.598 2.48309e-08
1.07 1.4382 0 387.6 2.44975e-08
1.07 1.4382 0 388.603 2.41688e-08
1.07 1.4382 0 389.605 2.38445e-08
1.07 1.4382 0 390.607 2.35247e-08
1.07 1.4382 0 391.61 2.32093e-08
1.07 1.4382 0 392.612 2.28981e-08
1.07 1.4382 0 393.615 2.25913e-08
1.07 1.4382 0 394.617 2.22886e-08
1.07 1.4382 0 395.62 2.19901e-08
1.07 1.4382 0 396.622 2.16956e-08
1.07 1.4382 0 397.625 2.14052e-08
1.07 1.4382 0 398.627 2.11187e-08
1.07 1.4382 0 399.63 2.08362e-08
1.07 1.4382 0 400.632 2.05575e-08
1.07 1.4382 0 401.635 2.02826e-08
1.07 1.4382 0 402.637 2.00115e-08
1.07 1.4382 0 403.64 1.97441e-08
1.07 1.4382 0 404.642 1.94803e-08
1.07 1.4382 0 405.645 1.92201e-08
1.07 1.4382 0 406.647 1.89635e-08
1.07 1.4382 0 407.649 1.87104e-08
1.07 1.4382 0 408.652 1.84607e-08
1.07 1.4382 0 409.654 1.82144e-08
1.07 1.4382 0 410.657 1.79714e-08
1.07 1.4382 0 411.659 1.77318e-08
1.07 1.4382 0 412.662 1.74954e-08
1.07 1.4382 0 413.664 1.72623e-08
1.07 1.4382 0 414.667 1.70323e-08
1.07 1.4382 0 415.669 1.68055e-08
1.07 1.4382 0 416.672 1.65817e-08
1.07 1.4382 0 417.674 1.63609e-08
1.07 1.4382 0 418.677 1.61432e-08
1.07 1.4382 0 419.679 1.59284e-08
1.07 1.4382 0 420.682 1.57166e-08
1.07 1.4382 0 421.684 1.55076e-08
1.07 1.4382 0 422.686 1.53014e-08
1.07 1.4382 0 423.689 1.50981e-08
1.07 1.4382 0 424.691 1.48975e-08
1.07 1.4382 0 425.694 1.46996e-08
1.07 1.4382 0 426.696 1.45044e-08
1.07 1.4382 0 427.699 1.43118e-08
1.07 1.4382 0 428.701 1.41219e-08
1.07 1.4382 0 429.704 1.39345e-08
1.07 1.4382 0 430.706 1.37497e-08
1.07 1.4382 0 431.709 1.35673e-08
1.07 1.4382 0 432.711 1.33875e-08
1.07 1.4382 0 433.714 1.321e-08
1.07 1.4382 0 434.716 1.3035e-08
1.07 1.4382 0 435.719 1.28623e-08
1.07 1.4382 0 436.721 1.2692e-08
1.07 1.4382 0 437.724 1.25239e-08
1.07 1.4382 0 438.726 1.23581e-08
1.07 1.4382 0 439.728 1.21946e-08
1.07 1.4382 0 440.731 1.20333e-08
1.07 1.4382 0 441.733 1.18741e-08
1.07 1.4382 0 442.736 1.17171e-08
1.07 1.4382 0 443.738 1.15622e-08
1.07 1.4382 0 444.741 1.14094e-08
1.07 1.4382 0 445.743 1.12587e-08
1.07 1.4382 0 446.746 1.111e-08
1.07 1.4382 0 447.748 1.09633e-08
1.07 1.4382 0 448.751 1.08185e-08
1.07 1.4382 0 449.753 1.06757e-08
1.07 1.4382 0 450.756 1.05349e-08
1.07 1.4382 0 451.758 1.03959e-08
1.07 1.4382 0 452.761 1.02588e-08
1.07 1.4382 0 453.763 1.01235e-08
1.07 1.4382 0 454.765 9.99009e-09
1.07 1.4382 0 455.768 9.85844e-09
1.07 1.4382 0 456.77 9.72856e-09
1.07 1.4382 0 457.773 9.60042e-09
1.07 1.4382 0 458.775 9.474e-09
1.07 1.4382 0 459.778 9.34928e-09
1.07 1.4382 0 460.78 9.22624e-09
1.07 1.4382 0 461.783 9.10484e-09
1.07 1.4382 0 462.785 8.98507e-09
1.07 1.4382 0 463.788 8.86691e-09
1.07 1.4382 0 464.79 8.75033e-09
1.07 1.4382 0 465.793 8.63531e-09
1.07 1.4382 0 466.795 8.52183e-09
1.07 1.4382 0 467.798 8.40987e-09
1.07 1.4382 0 468.8 8.29941e-09
1.07 1.4382 0 469.803 8.19043e-09
1.07 1.4382 0 470.805 8.0829e-09
1.07 1.4382 0 471.807 7.97682e-09
1.07 1.4382 0 472.81 7.87215e-09
1.07 1.4382 0 473.812 7.76888e-09
1.07 1.4382 0 474.815 7.66699e-09
1.07 1.4382 0 475.817 7.56647e-09
1.07 1.4382 0 476.82 7.46728e-09
1.07 1.4382 0 477.822 7.36942e-09
1.07 1.4382 0 478.825 7.27287e-09
1.07 1.4382 0 479.827 7.1776e-09
1.07 1.4382 0 480.83 7.0836e-09
1.07 1.4382 0 481.832 6.99086e-09
1.07 1.4382 0 482.835 6.89936e-09
1.07 1.4382 0 483.837 6.80907e-09
1.07 1.4382 0 484.84 6.71999e-09
1.07 1.4382 0 485.842 6.63209e-09
1.07 1.4382 0 486.844 6.54537e-09
1.07 1.4382 0 487.847 6.4598e-09
1.07 1.4382 0 488.849 6.37537e-09
1.07 1.4382 0 489.852 6.29206e-09
1.07 1.4382 0 490.854 6.20986e-09
1.07 1.4382 0 491.857 6.12875e-09
1.07 1.4382 0 492.859 6.04872e-09
1.07 1.4382 0 493.862 5.96976e-09
1.07 1.4382 0 494.864 5.89184e-09
1.07 1.4382 0 495.867 5.81497e-09
1.07 1.4382 0 496.869 5.73911e-09
1.07 1.4382 0 497.872 5.66425e-09
1.07 1.4382 0 498.874 5.5904e-09
1.07 1.4382 0 499.877 5.51752e-09
1.07 1.4382 0 500.879 5.44561e-09
1.07 1.4382 0 501.882 5.37465e-09
1.07 1.4382 0 502.884 5.30464e-09
1.07 1.4382 0 503.886 5.23555e-09
1.07 1.4382 0 504.889 5.16738e-09
1.07 1.4382 0 505.891 5.10011e-09
1.07 1.4382 0 506.894 5.03373e-09
1.07 1.4382 0 507.896 4.96823e-09
1.07 1.4382 0 508.899 4.9036e-09
1.07 1.4382 0 509.901 4.83982e-09
1.07 1.4382 0 510.904 4.77689e-09
1.07 1.4382 0 511.906 4.71479e-09
1.07 1.4382 0 512.909 4.65351e-09
1.07 1.4382 0 513.911 4.59304e-09
1.07 1.4382 0 514.914 4.53337e-09
1.07 1.4382 0 515.916 4.47449e-09
1.07 1.4382 0 516.919 4.41639e-09
1.07 1.4382 0 517.921 4.35905e-09
1.07 1.4382 0 518.923 4.30247e-09
1.07 1.4382 0 519.926 4.24664e-09
1.07 1.4382 0 520.928 4.19155e-09
1.07 1.4382 0 521.931 4.13718e-09
1.07 1.4382 0 522.933 4.08353e-09
1.07 1.4382 0 523.936 4.03059e-09
1.07 1.4382 0 524.938 3.97834e-09
1.07 1.4382 0 525.941 3.92678e-09
1.07 1.4382 0 526.943 3.87591e-09
1.07 1.4382 0 527.946 3.8257e-09
1.07 1.4382 0 528.948 3.77615e-09
1.07 1.4382 0 529.951 3.72726e-09
1.07 1.4382 0 530.953 3.67901e-09
1.07 1.4382 0 531.956 3.6314e-09
1.07 1.4382 0 532.958 3.58441e-09
1.07 1.4382 0 533.961 3.53804e-09
1.07 1.4382 0 534.963 3.49228e-09
1.07 1.4382 0 535.965 3.44712e-09
1.07 1.4382 0 536.968 3.40255e-09
1.07 1.4382 0 537.97 3.35857e-09
1.07 1.4382 0 538.973 3.31517e-09
1.07 1.4382 0 539.975 3.27234e-09
1.07 1.4382 0 540.978 3.23007e-09
1.07 1.4382 0 541.98 3.18836e-09
1.07 1.4382 0 542.983 3.14719e-09
1.07 1.4382 0 543.985 3.10656e-09
1.07 1.4382 0 544.988 3.06647e-09
1.07 1.4382 0 545.99 3.0269e-09
1.07 1.4382 0 546.993 2.98785e-09
1.07 1.4382 0 547.995 2.94931e-09
1.07 1.4382 0 548.998 2.91128e-09
1.07 1.4382 0 550 2.87375e-09
