1.415 1.4382 0 150.015 3.31379e-06
1.415 1.4382 0 151.017 5.74225e-06
1.415 1.4382 0 152.02 6.01464e-06
1.415 1.4382 0 153.022 5.80133e-06
1.415 1.4382 0 154.025 5.54411e-06
1.415 1.4382 0 155.027 5.2943e-06
1.415 1.4382 0 156.03 5.05602e-06
1.415 1.4382 0 157.032 4.82871e-06
1.415 1.4382 0 158.035 4.61161e-06
1.415 1.4382 0 159.037 4.40406e-06
1.415 1.4382 0 160.04 4.2055e-06
1.415 1.4382 0 161.042 4.01546e-06
1.415 1.4382 0 162.045 3.83351e-06
1.415 1.4382 0 163.047 3.65928e-06
1.415 1.4382 0 164.05 3.49239e-06
1.415 1.4382 0 165.052 3.33253e-06
1.415 1.4382 0 166.054 3.17939e-06
1.415 1.4382 0 167.057 3.03267e-06
1.415 1.4382 0 168.059 2.89211e-06
1.415 1.4382 0 169.062 2.75745e-06
1.415 1.4382 0 170.064 2.62843e-06
1.415 1.4382 0 171.067 2.50482e-06
1.415 1.4382 0 172.069 2.38641e-06
1.415 1.4382 0 173.072 2.27297e-06
1.415 1.4382 0 174.074 2.1643e-06
1.415 1.4382 0 175.077 2.06022e-06
1.415 1.4382 0 176.079 1.96052e-06
1.415 1.4382 0 177.082 1.86504e-06
1.415 1.4382 0 178.084 1.7736e-06
1.415 1.4382 0 179.087 1.68604e-06
1.415 1.4382 0 180.089 1.6022e-06
1.415 1.4382 0 181.092 1.52193e-06
1.415 1.4382 0 182.094 1.44508e-06
1.415 1.4382 0 183.096 1.37153e-06
1.415 1.4382 0 184.099 1.30113e-06
1.415 1.4382 0 185.101 1.23375e-06
1.415 1.4382 0 186.104 1.16928e-06
1.415 1.4382 0 187.106 1.1076e-06
1.415 1.4382 0 188.109 1.04859e-06
1.415 1.4382 0 189.111 9.92143e-07
1.415 1.4382 0 190.114 9.38162e-07
1.415 1.4382 0 191.116 8.86542e-07
1.415 1.4382 0 192.119 8.37188e-07
1.415 1.4382 0 193.121 7.90009e-07
1.415 1.4382 0 194.124 7.44915e-07
1.415 1.4382 0 195.126 7.01822e-07
1.415 1.4382 0 196.129 6.60647e-07
1.415 1.4382 0 197.131 6.21314e-07
1.415 1.4382 0 198.133 5.83747e-07
1.415 1.4382 0 199.136 5.47873e-07
1.415 1.4382 0 200.138 5.13623e-07
1.415 1.4382 0 201.141 4.8093e-07
1.415 1.4382 0 202.143 4.49731e-07
1.415 1.4382 0 203.146 4.19964e-07
1.415 1.4382 0 204.148 3.9157e-07
1.415 1.4382 0 205.151 3.64492e-07
1.415 1.4382 0 206.153 3.38676e-07
1.415 1.4382 0 207.156 3.14069e-07
1.415 1.4382 0 208.158 2.90622e-07
1.415 1.4382 0 209.161 2.68286e-07
1.415 1.4382 0 210.163 2.47015e-07
1.415 1.4382 0 211.166 2.26764e-07
1.415 1.4382 0 212.168 2.0749e-07
1.415 1.4382 0 213.171 1.89153e-07
1.415 1.4382 0 214.173 1.71714e-07
1.415 1.4382 0 215.175 1.55133e-07
1.415 1.4382 0 216.178 1.39376e-07
1.415 1.4382 0 217.18 1.24407e-07
1.415 1.4382 0 218.183 1.10193e-07
1.415 1.4382 0 219.185 9.67016e-08
1.415 1.4382 0 220.188 8.39018e-08
1.415 1.4382 0 221.19 7.17642e-08
1.415 1.4382 0 222.193 6.02603e-08
1.415 1.4382 0 223.195 4.93628e-08
1.415 1.4382 0 224.198 3.90456e-08
1.415 1.4382 0 225.2 2.92834e-08
1.415 1.4382 0 226.203 2.00522e-08
1.415 1.4382 0 227.205 1.13289e-08
1.415 1.4382 0 228.208 3.09104e-09
1.415 1.4382 0 229.21 -4.68253e-09
1.415 1.4382 0 230.212 -1.20123e-08
1.415 1.4382 0 231.215 -1.8918e-08
1.415 1.4382 0 232.217 -2.54183e-08
1.415 1.4382 0 233.22 -3.15315e-08
1.415 1.4382 0 234.222 -3.72748e-08
1.415 1.4382 0 235.225 -4.26648e-08
1.415 1.4382 0 236.227 -4.77176e-08
1.415 1.4382 0 237.23 -5.24483e-08
1.415 1.4382 0 238.232 -5.68718e-08
1.415 1.4382 0 239.235 -6.10021e-08
1.415 1.4382 0 240.237 -6.48527e-08
1.415 1.4382 0 241.24 -6.84365e-08
1.415 1.4382 0 242.242 -7.17659e-08
1.415 1.4382 0 243.245 -7.48529e-08
1.415 1.4382 0 244.247 -7.77088e-08
1.415 1.4382 0 245.25 -8.03446e-08
1.415 1.4382 0 246.252 -8.27707e-08
1.415 1.4382 0 247.254 -8.49973e-08
1.415 1.4382 0 248.257 -8.70338e-08
1.415 1.4382 0 249.259 -8.88896e-08
1.415 1.4382 0 250.262 -9.05735e-08
1.415 1.4382 0 251.264 -9.20939e-08
1.415 1.4382 0 252.267 -9.3459e-08
1.415 1.4382 0 253.269 -9.46764e-08
1.415 1.4382 0 254.272 -9.57537e-08
1.415 1.4382 0 255.274 -9.66979e-08
1.415 1.4382 0 256.277 -9.75159e-08
1.415 1.4382 0 257.279 -9.82142e-08
1.415 1.4382 0 258.282 -9.8799e-08
1.415 1.4382 0 259.284 -9.92764e-08
1.415 1.4382 0 260.287 -9.96519e-08
1.415 1.4382 0 261.289 -9.99312e-08
1.415 1.4382 0 262.291 -1.00119e-07
1.415 1.4382 0 263.294 -1.00222e-07
1.415 1.4382 0 264.296 -1.00242e-07
1.415 1.4382 0 265.299 -1.00187e-07
1.415 1.4382 0 266.301 -1.00058e-07
1.415 1.4382 0 267.304 -9.98622e-08
1.415 1.4382 0 268.306 -9.96018e-08
1.415 1.4382 0 269.309 -9.9281e-08
1.415 1.4382 0 270.311 -9.89036e-08
1.415 1.4382 0 271.314 -9.8473e-08
1.415 1.4382 0 272.316 -9.79925e-08
1.415 1.4382 0 273.319 -9.74653e-08
1.415 1.4382 0 274.321 -9.68945e-08
1.415 1.4382 0 275.324 -9.6283e-08
1.415 1.4382 0 276.326 -9.56334e-08
1.415 1.4382 0 277.329 -9.49484e-08
1.415 1.4382 0 278.331 -9.42306e-08
1.415 1.4382 0 279.333 -9.34824e-08
1.415 1.4382 0 280.336 -9.27059e-08
1.415 1.4382 0 281.338 -9.19035e-08
1.415 1.4382 0 282.341 -9.10771e-08
1.415 1.4382 0 283.343 -9.02287e-08
1.415 1.4382 0 284.346 -8.93602e-08
1.415 1.4382 0 285.348 -8.84735e-08
1.415 1.4382 0 286.351 -8.75701e-08
1.415 1.4382 0 287.353 -8.66517e-08
1.415 1.4382 0 288.356 -8.57198e-08
1.415 1.4382 0 289.358 -8.4776e-08
1.415 1.4382 0 290.361 -8.38215e-08
1.415 1.4382 0 291.363 -8.28577e-08
1.415 1.4382 0 292.366 -8.18859e-08
1.415 1.4382 0 293.368 -8.09072e-08
1.415 1.4382 0 294.37 -7.99227e-08
1.415 1.4382 0 295.373 -7.89336e-08
1.415 1.4382 0 296.375 -7.79408e-08
1.415 1.4382 0 297.378 -7.69452e-08
1.415 1.4382 0 298.38 -7.59478e-08
1.415 1.4382 0 299.383 -7.49494e-08
1.415 1.4382 0 300.385 -7.39508e-08
1.415 1.4382 0 301.388 -7.29529e-08
1.415 1.4382 0 302.39 -7.19562e-08
1.415 1.4382 0 303.393 -7.09614e-08
1.415 1.4382 0 304.395 -6.99693e-08
1.415 1.4382 0 305.398 -6.89804e-08
1.415 1.4382 0 306.4 -6.79953e-08
1.415 1.4382 0 307.403 -6.70144e-08
1.415 1.4382 0 308.405 -6.60383e-08
1.415 1.4382 0 309.408 -6.50675e-08
1.415 1.4382 0 310.41 -6.41023e-08
1.415 1.4382 0 311.412 -6.31432e-08
1.415 1.4382 0 312.415 -6.21906e-08
1.415 1.4382 0 313.417 -6.12447e-08
1.415 1.4382 0 314.42 -6.0306e-08
1.415 1.4382 0 315.422 -5.93748e-08
1.415 1.4382 0 316.425 -5.84512e-08
1.415 1.4382 0 317.427 -5.75356e-08
1.415 1.4382 0 318.43 -5.66282e-08
1.415 1.4382 0 319.432 -5.57293e-08
1.415 1.4382 0 320.435 -5.48389e-08
1.415 1.4382 0 321.437 -5.39574e-08
1.415 1.4382 0 322.44 -5.30849e-08
1.415 1.4382 0 323.442 -5.22214e-08
1.415 1.4382 0 324.445 -5.13672e-08
1.415 1.4382 0 325.447 -5.05224e-08
1.415 1.4382 0 326.449 -4.96871e-08
1.415 1.4382 0 327.452 -4.88613e-08
1.415 1.4382 0 328.454 -4.80452e-08
1.415 1.4382 0 329.457 -4.72388e-08
1.415 1.4382 0 330.459 -4.64422e-08
1.415 1.4382 0 331.462 -4.56554e-08
1.415 1.4382 0 332.464 -4.48784e-08
1.415 1.4382 0 333.467 -4.41113e-08
1.415 1.4382 0 334.469 -4.33542e-08
1.415 1.4382 0 335.472 -4.2607e-08
1.415 1.4382 0 336.474 -4.18696e-08
1.415 1.4382 0 337.477 -4.11422e-08
1.415 1.4382 0 338.479 -4.04247e-08
1.415 1.4382 0 339.482 -3.97171e-08
1.415 1.4382 0 340.484 -3.90193e-08
1.415 1.4382 0 341.487 -3.83314e-08
1.415 1.4382 0 342.489 -3.76532e-08
1.415 1.4382 0 343.491 -3.69848e-08
1.415 1.4382 0 344.494 -3.63261e-08
1.415 1.4382 0 345.496 -3.5677e-08
1.415 1.4382 0 346.499 -3.50375e-08
1.415 1.4382 0 347.501 -3.44076e-08
1.415 1.4382 0 348.504 -3.37871e-08
1.415 1.4382 0 349.506 -3.3176e-08
1.415 1.4382 0 350.509 -3.25742e-08
1.415 1.4382 0 351.511 -3.19817e-08
1.415 1.4382 0 352.514 -3.13984e-08
1.415 1.4382 0 353.516 -3.08242e-08
1.415 1.4382 0 354.519 -3.0259e-08
1.415 1.4382 0 355.521 -2.97027e-08
1.415 1.4382 0 356.524 -2.91553e-08
1.415 1.4382 0 357.526 -2.86166e-08
1.415 1.4382 0 358.528 -2.80866e-08
1.415 1.4382 0 359.531 -2.75652e-08
1.415 1.4382 0 360.533 -2.70523e-08
1.415 1.4382 0 361.536 -2.65478e-08
1.415 1.4382 0 362.538 -2.60517e-08
1.415 1.4382 0 363.541 -2.55637e-08
1.415 1.4382 0 364.543 -2.50838e-08
1.415 1.4382 0 365.546 -2.4612e-08
1.415 1.4382 0 366.548 -2.4148e-08
1.415 1.4382 0 367.551 -2.36919e-08
1.415 1.4382 0 368.553 -2.32436e-08
1.415 1.4382 0 369.556 -2.28029e-08
1.415 1.4382 0 370.558 -2.23697e-08
1.415 1.4382 0 371.561 -2.19439e-08
1.415 1.4382 0 372.563 -2.15255e-08
1.415 1.4382 0 373.566 -2.11143e-08
1.415 1.4382 0 374.568 -2.07102e-08
1.415 1.4382 0 375.57 -2.03132e-08
1.415 1.4382 0 376.573 -1.99231e-08
1.415 1.4382 0 377.575 -1.95399e-08
1.415 1.4382 0 378.578 -1.91635e-08
1.415 1.4382 0 379.58 -1.87937e-08
1.415 1.4382 0 380.583 -1.84304e-08
1.415 1.4382 0 381.585 -1.80736e-08
1.415 1.4382 0 382.588 -1.77232e-08
1.415 1.4382 0 383.59 -1.7379e-08
1.415 1.4382 0 384.593 -1.70411e-08
1.415 1.4382 0 385.595 -1.67092e-08
1.415 1.4382 0 386.598 -1.63833e-08
1.415 1.4382 0 387.6 -1.60633e-08
1.415 1.4382 0 388.603 -1.57491e-08
1.415 1.4382 0 389.605 -1.54406e-08
1.415 1.4382 0 390.607 -1.51378e-08
1.415 1.4382 0 391.61 -1.48405e-08
1.415 1.4382 0 392.612 -1.45487e-08
1.415 1.4382 0 393.615 -1.42622e-08
1.415 1.4382 0 394.617 -1.3981e-08
1.415 1.4382 0 395.62 -1.3705e-08
1.415 1.4382 0 396.622 -1.34341e-08
1.415 1.4382 0 397.625 -1.31683e-08
1.415 1.4382 0 398.627 -1.29074e-08
1.415 1.4382 0 399.63 -1.26513e-08
1.415 1.4382 0 400.632 -1.24001e-08
1.415 1.4382 0 401.635 -1.21535e-08
1.415 1.4382 0 402.637 -1.19116e-08
1.415 1.4382 0 403.64 -1.16742e-08
1.415 1.4382 0 404.642 -1.14413e-08
1.415 1.4382 0 405.645 -1.12128e-08
1.415 1.4382 0 406.647 -1.09886e-08
1.415 1.4382 0 407.649 -1.07686e-08
1.415 1.4382 0 408.652 -1.05528e-08
1.415 1.4382 0 409.654 -1.03411e-08
1.415 1.4382 0 410.657 -1.01335e-08
1.415 1.4382 0 411.659 -9.92981e-09
1.415 1.4382 0 412.662 -9.73001e-09
1.415 1.4382 0 413.664 -9.53404e-09
1.415 1.4382 0 414.667 -9.34183e-09
1.415 1.4382 0 415.669 -9.1533e-09
1.415 1.4382 0 416.672 -8.9684e-09
1.415 1.4382 0 417.674 -8.78706e-09
1.415 1.4382 0 418.677 -8.60922e-09
1.415 1.4382 0 419.679 -8.43481e-09
1.415 1.4382 0 420.682 -8.26378e-09
1.415 1.4382 0 421.684 -8.09606e-09
1.415 1.4382 0 422.686 -7.9316e-09
1.415 1.4382 0 423.689 -7.77033e-09
1.415 1.4382 0 424.691 -7.61219e-09
1.415 1.4382 0 425.694 -7.45714e-09
1.415 1.4382 0 426.696 -7.30511e-09
1.415 1.4382 0 427.699 -7.15605e-09
1.415 1.4382 0 428.701 -7.00991e-09
1.415 1.4382 0 429.704 -6.86663e-09
1.415 1.4382 0 430.706 -6.72616e-09
1.415 1.4382 0 431.709 -6.58844e-09
1.415 1.4382 0 432.711 -6.45343e-09
1.415 1.4382 0 433.714 -6.32108e-09
1.415 1.4382 0 434.716 -6.19134e-09
1.415 1.4382 0 435.719 -6.06415e-09
1.415 1.4382 0 436.721 -5.93948e-09
1.415 1.4382 0 437.724 -5.81727e-09
1.415 1.4382 0 438.726 -5.69748e-09
1.415 1.4382 0 439.728 -5.58006e-09
1.415 1.4382 0 440.731 -5.46497e-09
1.415 1.4382 0 441.733 -5.35217e-09
1.415 1.4382 0 442.736 -5.2416e-09
1.415 1.4382 0 443.738 -5.13324e-09
1.415 1.4382 0 444.741 -5.02704e-09
1.415 1.4382 0 445.743 -4.92295e-09
1.415 1.4382 0 446.746 -4.82094e-09
1.415 1.4382 0 447.748 -4.72097e-09
1.415 1.4382 0 448.751 -4.623e-09
1.415 1.4382 0 449.753 -4.52699e-09
1.415 1.4382 0 450.756 -4.4329e-09
1.415 1.4382 0 451.758 -4.3407e-09
1.415 1.4382 0 452.761 -4.25035e-09
1.415 1.4382 0 453.763 -4.16181e-09
1.415 1.4382 0 454.765 -4.07505e-09
1.415 1.4382 0 455.768 -3.99004e-09
1.415 1.4382 0 456.77 -3.90675e-09
1.415 1.4382 0 457.773 -3.82513e-09
1.415 1.4382 0 458.775 -3.74516e-09
1.415 1.4382 0 459.778 -3.6668e-09
1.415 1.4382 0 460.78 -3.59003e-09
1.415 1.4382 0 461.783 -3.51481e-09
1.415 1.4382 0 462.785 -3.44112e-09
1.415 1.4382 0 463.788 -3.36891e-09
1.415 1.4382 0 464.79 -3.29818e-09
1.415 1.4382 0 465.793 -3.22887e-09
1.415 1.4382 0 466.795 -3.16098e-09
1.415 1.4382 0 467.798 -3.09447e-09
1.415 1.4382 0 468.8 -3.02931e-09
1.415 1.4382 0 469.803 -2.96547e-09
1.415 1.4382 0 470.805 -2.90294e-09
1.415 1.4382 0 471.807 -2.84168e-09
1.415 1.4382 0 472.81 -2.78167e-09
1.415 1.4382 0 473.812 -2.72289e-09
1.415 1.4382 0 474.815 -2.66531e-09
1.415 1.4382 0 475.817 -2.60891e-09
1.415 1.4382 0 476.82 -2.55366e-09
1.415 1.4382 0 477.822 -2.49954e-09
1.415 1.4382 0 478.825 -2.44653e-09
1.415 1.4382 0 479.827 -2.39461e-09
1.415 1.4382 0 480.83 -2.34376e-09
1.415 1.4382 0 481.832 -2.29395e-09
1.415 1.4382 0 482.835 -2.24516e-09
1.415 1.4382 0 483.837 -2.19738e-09
1.415 1.4382 0 484.84 -2.15058e-09
1.415 1.4382 0 485.842 -2.10475e-09
1.415 1.4382 0 486.844 -2.05986e-09
1.415 1.4382 0 487.847 -2.0159e-09
1.415 1.4382 0 488.849 -1.97284e-09
1.415 1.4382 0 489.852 -1.93067e-09
1.415 1.4382 0 490.854 -1.88938e-09
1.415 1.4382 0 491.857 -1.84894e-09
1.415 1.4382 0 492.859 -1.80933e-09
1.415 1.4382 0 493.862 -1.77055e-09
1.415 1.4382 0 494.864 -1.73257e-09
1.415 1.4382 0 495.867 -1.69538e-09
1.415 1.4382 0 496.869 -1.65896e-09
1.415 1.4382 0 497.872 -1.6233e-09
1.415 1.4382 0 498.874 -1.58837e-09
1.415 1.4382 0 499.877 -1.55418e-09
1.415 1.4382 0 500.879 -1.52069e-09
1.415 1.4382 0 501.882 -1.4879e-09
1.415 1.4382 0 502.884 -1.4558e-09
1.415 1.4382 0 503.886 -1.42436e-09
1.415 1.4382 0 504.889 -1.39359e-09
1.415 1.4382 0 505.891 -1.36345e-09
1.415 1.4382 0 506.894 -1.33394e-09
1.415 1.4382 0 507.896 -1.30505e-09
1.415 1.4382 0 508.899 -1.27676e-09
1.415 1.4382 0 509.901 -1.24907e-09
1.415 1.4382 0 510.904 -1.22195e-09
1.415 1.4382 0 511.906 -1.19541e-09
1.415 1.4382 0 512.909 -1.16942e-09
1.415 1.4382 0 513.911 -1.14397e-09
1.415 1.4382 0 514.914 -1.11906e-09
1.415 1.4382 0 515.916 -1.09467e-09
1.415 1.4382 0 516.919 -1.0708e-09
1.415 1.4382 0 517.921 -1.04743e-09
1.415 1.4382 0 518.923 -1.02455e-09
1.415 1.4382 0 519.926 -1.00215e-09
1.415 1.4382 0 520.928 -9.8022e-10
1.415 1.4382 0 521.931 -9.58756e-10
1.415 1.4382 0 522.933 -9.37744e-10
1.415 1.4382 0 523.936 -9.17176e-10
1.415 1.4382 0 524.938 -8.97042e-10
1.415 1.4382 0 525.941 -8.77334e-10
1.415 1.4382 0 526.943 -8.58042e-10
1.415 1.4382 0 527.946 -8.39159e-10
1.415 1.4382 0 528.948 -8.20676e-10
1.415 1.4382 0 529.951 -8.02584e-10
1.415 1.4382 0 530.953 -7.84876e-10
1.415 1.4382 0 531.956 -7.67544e-10
1.415 1.4382 0 532.958 -7.5058e-10
1.415 1.4382 0 533.961 -7.33976e-10
1.415 1.4382 0 534.963 -7.17725e-10
1.415 1.4382 0 535.965 -7.0182e-10
1.415 1.4382 0 536.968 -6.86253e-10
1.415 1.4382 0 537.97 -6.71017e-10
1.415 1.4382 0 538.973 -6.56107e-10
1.415 1.4382 0 539.975 -6.41514e-10
1.415 1.4382 0 540.978 -6.27233e-10
1.415 1.4382 0 541.98 -6.13256e-10
1.415 1.4382 0 542.983 -5.99579e-10
1.415 1.4382 0 543.985 -5.86193e-10
1.415 1.4382 0 544.988 -5.73094e-10
1.415 1.4382 0 545.99 -5.60276e-10
1.415 1.4382 0 546.993 -5.47732e-10
1.415 1.4382 0 547.995 -5.35457e-10
1.415 1.4382 0 548.998 -5.23445e-10
1.415 1.4382 0 550 -5.11691e-10
