2.85 1.4382 0 150.015 1.44643e-05
2.85 1.4382 0 151.017 2.5456e-05
2.85 1.4382 0 152.02 2.50793e-05
2.85 1.4382 0 153.022 2.33855e-05
2.85 1.4382 0 154.025 2.17626e-05
2.85 1.4382 0 155.027 2.02799e-05
2.85 1.4382 0 156.03 1.89243e-05
2.85 1.4382 0 157.032 1.76813e-05
2.85 1.4382 0 158.035 1.6539e-05
2.85 1.4382 0 159.037 1.54872e-05
2.85 1.4382 0 160.04 1.45173e-05
2.85 1.4382 0 161.042 1.36215e-05
2.85 1.4382 0 162.045 1.27931e-05
2.85 1.4382 0 163.047 1.2026e-05
2.85 1.4382 0 164.05 1.13148e-05
2.85 1.4382 0 165.052 1.06548e-05
2.85 1.4382 0 166.054 1.00416e-05
2.85 1.4382 0 167.057 9.47115e-06
2.85 1.4382 0 168.059 8.94004e-06
2.85 1.4382 0 169.062 8.44503e-06
2.85 1.4382 0 170.064 7.98322e-06
2.85 1.4382 0 171.067 7.55196e-06
2.85 1.4382 0 172.069 7.14886e-06
2.85 1.4382 0 173.072 6.77173e-06
2.85 1.4382 0 174.074 6.41859e-06
2.85 1.4382 0 175.077 6.08763e-06
2.85 1.4382 0 176.079 5.77719e-06
2.85 1.4382 0 177.082 5.48575e-06
2.85 1.4382 0 178.084 5.21194e-06
2.85 1.4382 0 179.087 4.95447e-06
2.85 1.4382 0 180.089 4.71219e-06
2.85 1.4382 0 181.092 4.48404e-06
2.85 1.4382 0 182.094 4.26902e-06
2.85 1.4382 0 183.096 4.06624e-06
2.85 1.4382 0 184.099 3.87487e-06
2.85 1.4382 0 185.101 3.69415e-06
2.85 1.4382 0 186.104 3.52336e-06
2.85 1.4382 0 187.106 3.36186e-06
2.85 1.4382 0 188.109 3.20904e-06
2.85 1.4382 0 189.111 3.06436e-06
2.85 1.4382 0 190.114 2.92729e-06
2.85 1.4382 0 191.116 2.79737e-06
2.85 1.4382 0 192.119 2.67414e-06
2.85 1.4382 0 193.121 2.55721e-06
2.85 1.4382 0 194.124 2.44619e-06
2.85 1.4382 0 195.126 2.34073e-06
2.85 1.4382 0 196.129 2.24049e-06
2.85 1.4382 0 197.131 2.14518e-06
2.85 1.4382 0 198.133 2.05451e-06
2.85 1.4382 0 199.136 1.96822e-06
2.85 1.4382 0 200.138 1.88605e-06
2.85 1.4382 0 201.141 1.80778e-06
2.85 1.4382 0 202.143 1.73319e-06
2.85 1.4382 0 203.146 1.66208e-06
2.85 1.4382 0 204.148 1.59426e-06
2.85 1.4382 0 205.151 1.52955e-06
2.85 1.4382 0 206.153 1.46779e-06
2.85 1.4382 0 207.156 1.40882e-06
2.85 1.4382 0 208.158 1.3525e-06
2.85 1.4382 0 209.161 1.29868e-06
2.85 1.4382 0 210.163 1.24725e-06
2.85 1.4382 0 211.166 1.19808e-06
2.85 1.4382 0 212.168 1.15106e-06
2.85 1.4382 0 213.171 1.10607e-06
2.85 1.4382 0 214.173 1.06303e-06
2.85 1.4382 0 215.175 1.02183e-06
2.85 1.4382 0 216.178 9.82378e-07
2.85 1.4382 0 217.18 9.44599e-07
2.85 1.4382 0 218.183 9.0841e-07
2.85 1.4382 0 219.185 8.73736e-07
2.85 1.4382 0 220.188 8.40504e-07
2.85 1.4382 0 221.19 8.08648e-07
2.85 1.4382 0 222.193 7.78104e-07
2.85 1.4382 0 223.195 7.48811e-07
2.85 1.4382 0 224.198 7.20712e-07
2.85 1.4382 0 225.2 6.93752e-07
2.85 1.4382 0 226.203 6.67882e-07
2.85 1.4382 0 227.205 6.43051e-07
2.85 1.4382 0 228.208 6.19213e-07
2.85 1.4382 0 229.21 5.96325e-07
2.85 1.4382 0 230.212 5.74344e-07
2.85 1.4382 0 231.215 5.53232e-07
2.85 1.4382 0 232.217 5.3295e-07
2.85 1.4382 0 233.22 5.13462e-07
2.85 1.4382 0 234.222 4.94735e-07
2.85 1.4382 0 235.225 4.76736e-07
2.85 1.4382 0 236.227 4.59434e-07
2.85 1.4382 0 237.23 4.42799e-07
2.85 1.4382 0 238.232 4.26804e-07
2.85 1.4382 0 239.235 4.11422e-07
2.85 1.4382 0 240.237 3.96628e-07
2.85 1.4382 0 241.24 3.82396e-07
2.85 1.4382 0 242.242 3.68704e-07
2.85 1.4382 0 243.245 3.5553e-07
2.85 1.4382 0 244.247 3.42853e-07
2.85 1.4382 0 245.25 3.30652e-07
2.85 1.4382 0 246.252 3.18909e-07
2.85 1.4382 0 247.254 3.07604e-07
2.85 1.4382 0 248.257 2.9672e-07
2.85 1.4382 0 249.259 2.86241e-07
2.85 1.4382 0 250.262 2.7615e-07
2.85 1.4382 0 251.264 2.66432e-07
2.85 1.4382 0 252.267 2.57073e-07
2.85 1.4382 0 253.269 2.48057e-07
2.85 1.4382 0 254.272 2.39372e-07
2.85 1.4382 0 255.274 2.31005e-07
2.85 1.4382 0 256.277 2.22943e-07
2.85 1.4382 0 257.279 2.15175e-07
2.85 1.4382 0 258.282 2.07689e-07
2.85 1.4382 0 259.284 2.00474e-07
2.85 1.4382 0 260.287 1.9352e-07
2.85 1.4382 0 261.289 1.86818e-07
2.85 1.4382 0 262.291 1.80356e-07
2.85 1.4382 0 263.294 1.74127e-07
2.85 1.4382 0 264.296 1.68121e-07
2.85 1.4382 0 265.299 1.62331e-07
2.85 1.4382 0 266.301 1.56747e-07
2.85 1.4382 0 267.304 1.51362e-07
2.85 1.4382 0 268.306 1.46169e-07
2.85 1.4382 0 269.309 1.4116e-07
2.85 1.4382 0 270.311 1.36329e-07
2.85 1.4382 0 271.314 1.31669e-07
2.85 1.4382 0 272.316 1.27173e-07
2.85 1.4382 0 273.319 1.22837e-07
2.85 1.4382 0 274.321 1.18653e-07
2.85 1.4382 0 275.324 1.14616e-07
2.85 1.4382 0 276.326 1.1072e-07
2.85 1.4382 0 277.329 1.06961e-07
2.85 1.4382 0 278.331 1.03334e-07
2.85 1.4382 0 279.333 9.98336e-08
2.85 1.4382 0 280.336 9.64552e-08
2.85 1.4382 0 281.338 9.31944e-08
2.85 1.4382 0 282.341 9.00471e-08
2.85 1.4382 0 283.343 8.7009e-08
2.85 1.4382 0 284.346 8.40764e-08
2.85 1.4382 0 285.348 8.12453e-08
2.85 1.4382 0 286.351 7.85121e-08
2.85 1.4382 0 287.353 7.58733e-08
2.85 1.4382 0 288.356 7.33256e-08
2.85 1.4382 0 289.358 7.08656e-08
2.85 1.4382 0 290.361 6.84903e-08
2.85 1.4382 0 291.363 6.61966e-08
2.85 1.4382 0 292.366 6.39816e-08
2.85 1.4382 0 293.368 6.18426e-08
2.85 1.4382 0 294.37 5.97768e-08
2.85 1.4382 0 295.373 5.77816e-08
2.85 1.4382 0 296.375 5.58546e-08
2.85 1.4382 0 297.378 5.39934e-08
2.85 1.4382 0 298.38 5.21956e-08
2.85 1.4382 0 299.383 5.0459e-08
2.85 1.4382 0 300.385 4.87815e-08
2.85 1.4382 0 301.388 4.7161e-08
2.85 1.4382 0 302.39 4.55954e-08
2.85 1.4382 0 303.393 4.4083e-08
2.85 1.4382 0 304.395 4.26217e-08
2.85 1.4382 0 305.398 4.12099e-08
2.85 1.4382 0 306.4 3.98459e-08
2.85 1.4382 0 307.403 3.85279e-08
2.85 1.4382 0 308.405 3.72543e-08
2.85 1.4382 0 309.408 3.60237e-08
2.85 1.4382 0 310.41 3.48345e-08
2.85 1.4382 0 311.412 3.36854e-08
2.85 1.4382 0 312.415 3.25748e-08
2.85 1.4382 0 313.417 3.15016e-08
2.85 1.4382 0 314.42 3.04644e-08
2.85 1.4382 0 315.422 2.94619e-08
2.85 1.4382 0 316.425 2.8493e-08
2.85 1.4382 0 317.427 2.75566e-08
2.85 1.4382 0 318.43 2.66514e-08
2.85 1.4382 0 319.432 2.57766e-08
2.85 1.4382 0 320.435 2.49309e-08
2.85 1.4382 0 321.437 2.41134e-08
2.85 1.4382 0 322.44 2.33232e-08
2.85 1.4382 0 323.442 2.25593e-08
2.85 1.4382 0 324.445 2.18208e-08
2.85 1.4382 0 325.447 2.11069e-08
2.85 1.4382 0 326.449 2.04168e-08
2.85 1.4382 0 327.452 1.97495e-08
2.85 1.4382 0 328.454 1.91044e-08
2.85 1.4382 0 329.457 1.84807e-08
2.85 1.4382 0 330.459 1.78776e-08
2.85 1.4382 0 331.462 1.72945e-08
2.85 1.4382 0 332.464 1.67308e-08
2.85 1.4382 0 333.467 1.61856e-08
2.85 1.4382 0 334.469 1.56585e-08
2.85 1.4382 0 335.472 1.51488e-08
2.85 1.4382 0 336.474 1.46559e-08
2.85 1.4382 0 337.477 1.41793e-08
2.85 1.4382 0 338.479 1.37184e-08
2.85 1.4382 0 339.482 1.32727e-08
2.85 1.4382 0 340.484 1.28417e-08
2.85 1.4382 0 341.487 1.24248e-08
2.85 1.4382 0 342.489 1.20217e-08
2.85 1.4382 0 343.491 1.16318e-08
2.85 1.4382 0 344.494 1.12547e-08
2.85 1.4382 0 345.496 1.089e-08
2.85 1.4382 0 346.499 1.05372e-08
2.85 1.4382 0 347.501 1.0196e-08
2.85 1.4382 0 348.504 9.86605e-09
2.85 1.4382 0 349.506 9.54686e-09
2.85 1.4382 0 350.509 9.23813e-09
2.85 1.4382 0 351.511 8.9395e-09
2.85 1.4382 0 352.514 8.65064e-09
2.85 1.4382 0 353.516 8.37122e-09
2.85 1.4382 0 354.519 8.10093e-09
2.85 1.4382 0 355.521 7.83947e-09
2.85 1.4382 0 356.524 7.58654e-09
2.85 1.4382 0 357.526 7.34186e-09
2.85 1.4382 0 358.528 7.10516e-09
2.85 1.4382 0 359.531 6.87617e-09
2.85 1.4382 0 360.533 6.65465e-09
2.85 1.4382 0 361.536 6.44033e-09
2.85 1.4382 0 362.538 6.233e-09
2.85 1.4382 0 363.541 6.03241e-09
2.85 1.4382 0 364.543 5.83834e-09
2.85 1.4382 0 365.546 5.65057e-09
2.85 1.4382 0 366.548 5.46891e-09
2.85 1.4382 0 367.551 5.29315e-09
2.85 1.4382 0 368.553 5.12309e-09
2.85 1.4382 0 369.556 4.95855e-09
2.85 1.4382 0 370.558 4.79934e-09
2.85 1.4382 0 371.561 4.6453e-09
2.85 1.4382 0 372.563 4.49625e-09
2.85 1.4382 0 373.566 4.35203e-09
2.85 1.4382 0 374.568 4.21247e-09
2.85 1.4382 0 375.57 4.07744e-09
2.85 1.4382 0 376.573 3.94677e-09
2.85 1.4382 0 377.575 3.82032e-09
2.85 1.4382 0 378.578 3.69797e-09
2.85 1.4382 0 379.58 3.57957e-09
2.85 1.4382 0 380.583 3.46499e-09
2.85 1.4382 0 381.585 3.35411e-09
2.85 1.4382 0 382.588 3.24682e-09
2.85 1.4382 0 383.59 3.14298e-09
2.85 1.4382 0 384.593 3.04249e-09
2.85 1.4382 0 385.595 2.94525e-09
2.85 1.4382 0 386.598 2.85113e-09
2.85 1.4382 0 387.6 2.76005e-09
2.85 1.4382 0 388.603 2.67191e-09
2.85 1.4382 0 389.605 2.5866e-09
2.85 1.4382 0 390.607 2.50404e-09
2.85 1.4382 0 391.61 2.42413e-09
2.85 1.4382 0 392.612 2.34679e-09
2.85 1.4382 0 393.615 2.27195e-09
2.85 1.4382 0 394.617 2.1995e-09
2.85 1.4382 0 395.62 2.12939e-09
2.85 1.4382 0 396.622 2.06152e-09
2.85 1.4382 0 397.625 1.99584e-09
2.85 1.4382 0 398.627 1.93226e-09
2.85 1.4382 0 399.63 1.87073e-09
2.85 1.4382 0 400.632 1.81117e-09
2.85 1.4382 0 401.635 1.75352e-09
2.85 1.4382 0 402.637 1.69772e-09
2.85 1.4382 0 403.64 1.6437e-09
2.85 1.4382 0 404.642 1.59142e-09
2.85 1.4382 0 405.645 1.54081e-09
2.85 1.4382 0 406.647 1.49183e-09
2.85 1.4382 0 407.649 1.44441e-09
2.85 1.4382 0 408.652 1.39851e-09
2.85 1.4382 0 409.654 1.35407e-09
2.85 1.4382 0 410.657 1.31106e-09
2.85 1.4382 0 411.659 1.26943e-09
2.85 1.4382 0 412.662 1.22912e-09
2.85 1.4382 0 413.664 1.19011e-09
2.85 1.4382 0 414.667 1.15234e-09
2.85 1.4382 0 415.669 1.11578e-09
2.85 1.4382 0 416.672 1.08038e-09
2.85 1.4382 0 417.674 1.04612e-09
2.85 1.4382 0 418.677 1.01294e-09
2.85 1.4382 0 419.679 9.80832e-10
2.85 1.4382 0 420.682 9.49744e-10
2.85 1.4382 0 421.684 9.19647e-10
2.85 1.4382 0 422.686 8.9051e-10
2.85 1.4382 0 423.689 8.62302e-10
2.85 1.4382 0 424.691 8.34993e-10
2.85 1.4382 0 425.694 8.08554e-10
2.85 1.4382 0 426.696 7.82957e-10
2.85 1.4382 0 427.699 7.58175e-10
2.85 1.4382 0 428.701 7.34183e-10
2.85 1.4382 0 429.704 7.10954e-10
2.85 1.4382 0 430.706 6.88464e-10
2.85 1.4382 0 431.709 6.6669e-10
2.85 1.4382 0 432.711 6.45609e-10
2.85 1.4382 0 433.714 6.25198e-10
2.85 1.4382 0 434.716 6.05436e-10
2.85 1.4382 0 435.719 5.86302e-10
2.85 1.4382 0 436.721 5.67777e-10
2.85 1.4382 0 437.724 5.4984e-10
2.85 1.4382 0 438.726 5.32472e-10
2.85 1.4382 0 439.728 5.15657e-10
2.85 1.4382 0 440.731 4.99375e-10
2.85 1.4382 0 441.733 4.8361e-10
2.85 1.4382 0 442.736 4.68346e-10
2.85 1.4382 0 443.738 4.53566e-10
2.85 1.4382 0 444.741 4.39255e-10
2.85 1.4382 0 445.743 4.25398e-10
2.85 1.4382 0 446.746 4.1198e-10
2.85 1.4382 0 447.748 3.98987e-10
2.85 1.4382 0 448.751 3.86407e-10
2.85 1.4382 0 449.753 3.74225e-10
2.85 1.4382 0 450.756 3.62429e-10
2.85 1.4382 0 451.758 3.51007e-10
2.85 1.4382 0 452.761 3.39947e-10
2.85 1.4382 0 453.763 3.29237e-10
2.85 1.4382 0 454.765 3.18866e-10
2.85 1.4382 0 455.768 3.08824e-10
2.85 1.4382 0 456.77 2.99099e-10
2.85 1.4382 0 457.773 2.89682e-10
2.85 1.4382 0 458.775 2.80563e-10
2.85 1.4382 0 459.778 2.71732e-10
2.85 1.4382 0 460.78 2.63181e-10
2.85 1.4382 0 461.783 2.549e-10
2.85 1.4382 0 462.785 2.46881e-10
2.85 1.4382 0 463.788 2.39115e-10
2.85 1.4382 0 464.79 2.31595e-10
2.85 1.4382 0 465.793 2.24312e-10
2.85 1.4382 0 466.795 2.17259e-10
2.85 1.4382 0 467.798 2.10429e-10
2.85 1.4382 0 468.8 2.03815e-10
2.85 1.4382 0 469.803 1.9741e-10
2.85 1.4382 0 470.805 1.91207e-10
2.85 1.4382 0 471.807 1.85199e-10
2.85 1.4382 0 472.81 1.79382e-10
2.85 1.4382 0 473.812 1.73748e-10
2.85 1.4382 0 474.815 1.68291e-10
2.85 1.4382 0 475.817 1.63007e-10
2.85 1.4382 0 476.82 1.57889e-10
2.85 1.4382 0 477.822 1.52933e-10
2.85 1.4382 0 478.825 1.48133e-10
2.85 1.4382 0 479.827 1.43484e-10
2.85 1.4382 0 480.83 1.38982e-10
2.85 1.4382 0 481.832 1.34621e-10
2.85 1.4382 0 482.835 1.30398e-10
2.85 1.4382 0 483.837 1.26308e-10
2.85 1.4382 0 484.84 1.22347e-10
2.85 1.4382 0 485.842 1.18511e-10
2.85 1.4382 0 486.844 1.14795e-10
2.85 1.4382 0 487.847 1.11197e-10
2.85 1.4382 0 488.849 1.07711e-10
2.85 1.4382 0 489.852 1.04336e-10
2.85 1.4382 0 490.854 1.01066e-10
2.85 1.4382 0 491.857 9.78995e-11
2.85 1.4382 0 492.859 9.48325e-11
2.85 1.4382 0 493.862 9.18619e-11
2.85 1.4382 0 494.864 8.89848e-11
2.85 1.4382 0 495.867 8.61982e-11
2.85 1.4382 0 496.869 8.34991e-11
2.85 1.4382 0 497.872 8.08849e-11
2.85 1.4382 0 498.874 7.83529e-11
2.85 1.4382 0 499.877 7.59004e-11
2.85 1.4382 0 500.879 7.3525e-11
2.85 1.4382 0 501.882 7.12242e-11
2.85 1.4382 0 502.884 6.89957e-11
2.85 1.4382 0 503.886 6.68372e-11
2.85 1.4382 0 504.889 6.47464e-11
2.85 1.4382 0 505.891 6.27213e-11
2.85 1.4382 0 506.894 6.07598e-11
2.85 1.4382 0 507.896 5.88598e-11
2.85 1.4382 0 508.899 5.70195e-11
2.85 1.4382 0 509.901 5.52369e-11
2.85 1.4382 0 510.904 5.35102e-11
2.85 1.4382 0 511.906 5.18378e-11
2.85 1.4382 0 512.909 5.02177e-11
2.85 1.4382 0 513.911 4.86485e-11
2.85 1.4382 0 514.914 4.71285e-11
2.85 1.4382 0 515.916 4.56562e-11
2.85 1.4382 0 516.919 4.423e-11
2.85 1.4382 0 517.921 4.28485e-11
2.85 1.4382 0 518.923 4.15104e-11
2.85 1.4382 0 519.926 4.02141e-11
2.85 1.4382 0 520.928 3.89585e-11
2.85 1.4382 0 521.931 3.77422e-11
2.85 1.4382 0 522.933 3.6564e-11
2.85 1.4382 0 523.936 3.54228e-11
2.85 1.4382 0 524.938 3.43172e-11
2.85 1.4382 0 525.941 3.32463e-11
2.85 1.4382 0 526.943 3.22089e-11
2.85 1.4382 0 527.946 3.1204e-11
2.85 1.4382 0 528.948 3.02306e-11
2.85 1.4382 0 529.951 2.92876e-11
2.85 1.4382 0 530.953 2.83741e-11
2.85 1.4382 0 531.956 2.74893e-11
2.85 1.4382 0 532.958 2.66321e-11
2.85 1.4382 0 533.961 2.58017e-11
2.85 1.4382 0 534.963 2.49973e-11
2.85 1.4382 0 535.965 2.4218e-11
2.85 1.4382 0 536.968 2.34632e-11
2.85 1.4382 0 537.97 2.27319e-11
2.85 1.4382 0 538.973 2.20235e-11
2.85 1.4382 0 539.975 2.13372e-11
2.85 1.4382 0 540.978 2.06724e-11
2.85 1.4382 0 541.98 2.00284e-11
2.85 1.4382 0 542.983 1.94045e-11
2.85 1.4382 0 543.985 1.88001e-11
2.85 1.4382 0 544.988 1.82145e-11
2.85 1.4382 0 545.99 1.76473e-11
2.85 1.4382 0 546.993 1.70978e-11
2.85 1.4382 0 547.995 1.65654e-11
2.85 1.4382 0 548.998 1.60497e-11
2.85 1.4382 0 550 1.55501e-11
