1.37 1.4382 0 150.015 3.40804e-05
1.37 1.4382 0 151.017 6.18317e-05
1.37 1.4382 0 152.02 6.37926e-05
1.37 1.4382 0 153.022 6.22965e-05
1.37 1.4382 0 154.025 6.06124e-05
1.37 1.4382 0 155.027 5.89655e-05
1.37 1.4382 0 156.03 5.73678e-05
1.37 1.4382 0 157.032 5.58181e-05
1.37 1.4382 0 158.035 5.43145e-05
1.37 1.4382 0 159.037 5.28553e-05
1.37 1.4382 0 160.04 5.14389e-05
1.37 1.4382 0 161.042 5.0064e-05
1.37 1.4382 0 162.045 4.87291e-05
1.37 1.4382 0 163.047 4.74329e-05
1.37 1.4382 0 164.05 4.61741e-05
1.37 1.4382 0 165.052 4.49517e-05
1.37 1.4382 0 166.054 4.37643e-05
1.37 1.4382 0 167.057 4.26109e-05
1.37 1.4382 0 168.059 4.14905e-05
1.37 1.4382 0 169.062 4.04021e-05
1.37 1.4382 0 170.064 3.93445e-05
1.37 1.4382 0 171.067 3.83169e-05
1.37 1.4382 0 172.069 3.73184e-05
1.37 1.4382 0 173.072 3.63481e-05
1.37 1.4382 0 174.074 3.5405e-05
1.37 1.4382 0 175.077 3.44885e-05
1.37 1.4382 0 176.079 3.35976e-05
1.37 1.4382 0 177.082 3.27316e-05
1.37 1.4382 0 178.084 3.18898e-05
1.37 1.4382 0 179.087 3.10713e-05
1.37 1.4382 0 180.089 3.02756e-05
1.37 1.4382 0 181.092 2.9502e-05
1.37 1.4382 0 182.094 2.87497e-05
1.37 1.4382 0 183.096 2.80181e-05
1.37 1.4382 0 184.099 2.73067e-05
1.37 1.4382 0 185.101 2.66148e-05
1.37 1.4382 0 186.104 2.59418e-05
1.37 1.4382 0 187.106 2.52872e-05
1.37 1.4382 0 188.109 2.46505e-05
1.37 1.4382 0 189.111 2.40311e-05
1.37 1.4382 0 190.114 2.34285e-05
1.37 1.4382 0 191.116 2.28423e-05
1.37 1.4382 0 192.119 2.22719e-05
1.37 1.4382 0 193.121 2.17169e-05
1.37 1.4382 0 194.124 2.11768e-05
1.37 1.4382 0 195.126 2.06512e-05
1.37 1.4382 0 196.129 2.01397e-05
1.37 1.4382 0 197.131 1.96419e-05
1.37 1.4382 0 198.133 1.91573e-05
1.37 1.4382 0 199.136 1.86857e-05
1.37 1.4382 0 200.138 1.82266e-05
1.37 1.4382 0 201.141 1.77797e-05
1.37 1.4382 0 202.143 1.73446e-05
1.37 1.4382 0 203.146 1.6921e-05
1.37 1.4382 0 204.148 1.65085e-05
1.37 1.4382 0 205.151 1.61069e-05
1.37 1.4382 0 206.153 1.57158e-05
1.37 1.4382 0 207.156 1.5335e-05
1.37 1.4382 0 208.158 1.49641e-05
1.37 1.4382 0 209.161 1.46029e-05
1.37 1.4382 0 210.163 1.42511e-05
1.37 1.4382 0 211.166 1.39084e-05
1.37 1.4382 0 212.168 1.35746e-05
1.37 1.4382 0 213.171 1.32495e-05
1.37 1.4382 0 214.173 1.29327e-05
1.37 1.4382 0 215.175 1.26241e-05
1.37 1.4382 0 216.178 1.23234e-05
1.37 1.4382 0 217.18 1.20305e-05
1.37 1.4382 0 218.183 1.1745e-05
1.37 1.4382 0 219.185 1.14668e-05
1.37 1.4382 0 220.188 1.11957e-05
1.37 1.4382 0 221.19 1.09316e-05
1.37 1.4382 0 222.193 1.06741e-05
1.37 1.4382 0 223.195 1.04231e-05
1.37 1.4382 0 224.198 1.01785e-05
1.37 1.4382 0 225.2 9.9401e-06
1.37 1.4382 0 226.203 9.70768e-06
1.37 1.4382 0 227.205 9.48111e-06
1.37 1.4382 0 228.208 9.26022e-06
1.37 1.4382 0 229.21 9.04486e-06
1.37 1.4382 0 230.212 8.83488e-06
1.37 1.4382 0 231.215 8.63015e-06
1.37 1.4382 0 232.217 8.43051e-06
1.37 1.4382 0 233.22 8.23583e-06
1.37 1.4382 0 234.222 8.04598e-06
1.37 1.4382 0 235.225 7.86083e-06
1.37 1.4382 0 236.227 7.68025e-06
1.37 1.4382 0 237.23 7.50413e-06
1.37 1.4382 0 238.232 7.33234e-06
1.37 1.4382 0 239.235 7.16477e-06
1.37 1.4382 0 240.237 7.00131e-06
1.37 1.4382 0 241.24 6.84185e-06
1.37 1.4382 0 242.242 6.68629e-06
1.37 1.4382 0 243.245 6.53452e-06
1.37 1.4382 0 244.247 6.38644e-06
1.37 1.4382 0 245.25 6.24196e-06
1.37 1.4382 0 246.252 6.10098e-06
1.37 1.4382 0 247.254 5.96342e-06
1.37 1.4382 0 248.257 5.82918e-06
1.37 1.4382 0 249.259 5.69817e-06
1.37 1.4382 0 250.262 5.57032e-06
1.37 1.4382 0 251.264 5.44554e-06
1.37 1.4382 0 252.267 5.32375e-06
1.37 1.4382 0 253.269 5.20487e-06
1.37 1.4382 0 254.272 5.08884e-06
1.37 1.4382 0 255.274 4.97557e-06
1.37 1.4382 0 256.277 4.865e-06
1.37 1.4382 0 257.279 4.75706e-06
1.37 1.4382 0 258.282 4.65168e-06
1.37 1.4382 0 259.284 4.5488e-06
1.37 1.4382 0 260.287 4.44834e-06
1.37 1.4382 0 261.289 4.35026e-06
1.37 1.4382 0 262.291 4.25449e-06
1.37 1.4382 0 263.294 4.16097e-06
1.37 1.4382 0 264.296 4.06964e-06
1.37 1.4382 0 265.299 3.98046e-06
1.37 1.4382 0 266.301 3.89336e-06
1.37 1.4382 0 267.304 3.8083e-06
1.37 1.4382 0 268.306 3.72522e-06
1.37 1.4382 0 269.309 3.64407e-06
1.37 1.4382 0 270.311 3.56481e-06
1.37 1.4382 0 271.314 3.48739e-06
1.37 1.4382 0 272.316 3.41176e-06
1.37 1.4382 0 273.319 3.33787e-06
1.37 1.4382 0 274.321 3.2657e-06
1.37 1.4382 0 275.324 3.19518e-06
1.37 1.4382 0 276.326 3.12629e-06
1.37 1.4382 0 277.329 3.05898e-06
1.37 1.4382 0 278.331 2.99322e-06
1.37 1.4382 0 279.333 2.92895e-06
1.37 1.4382 0 280.336 2.86616e-06
1.37 1.4382 0 281.338 2.8048e-06
1.37 1.4382 0 282.341 2.74484e-06
1.37 1.4382 0 283.343 2.68624e-06
1.37 1.4382 0 284.346 2.62897e-06
1.37 1.4382 0 285.348 2.573e-06
1.37 1.4382 0 286.351 2.5183e-06
1.37 1.4382 0 287.353 2.46483e-06
1.37 1.4382 0 288.356 2.41257e-06
1.37 1.4382 0 289.358 2.36149e-06
1.37 1.4382 0 290.361 2.31156e-06
1.37 1.4382 0 291.363 2.26274e-06
1.37 1.4382 0 292.366 2.21503e-06
1.37 1.4382 0 293.368 2.16838e-06
1.37 1.4382 0 294.37 2.12277e-06
1.37 1.4382 0 295.373 2.07818e-06
1.37 1.4382 0 296.375 2.03458e-06
1.37 1.4382 0 297.378 1.99196e-06
1.37 1.4382 0 298.38 1.95028e-06
1.37 1.4382 0 299.383 1.90953e-06
1.37 1.4382 0 300.385 1.86967e-06
1.37 1.4382 0 301.388 1.8307e-06
1.37 1.4382 0 302.39 1.7926e-06
1.37 1.4382 0 303.393 1.75533e-06
1.37 1.4382 0 304.395 1.71888e-06
1.37 1.4382 0 305.398 1.68323e-06
1.37 1.4382 0 306.4 1.64837e-06
1.37 1.4382 0 307.403 1.61427e-06
1.37 1.4382 0 308.405 1.58092e-06
1.37 1.4382 0 309.408 1.54829e-06
1.37 1.4382 0 310.41 1.51638e-06
1.37 1.4382 0 311.412 1.48517e-06
1.37 1.4382 0 312.415 1.45463e-06
1.37 1.4382 0 313.417 1.42476e-06
1.37 1.4382 0 314.42 1.39553e-06
1.37 1.4382 0 315.422 1.36694e-06
1.37 1.4382 0 316.425 1.33897e-06
1.37 1.4382 0 317.427 1.3116e-06
1.37 1.4382 0 318.43 1.28483e-06
1.37 1.4382 0 319.432 1.25863e-06
1.37 1.4382 0 320.435 1.23299e-06
1.37 1.4382 0 321.437 1.20791e-06
1.37 1.4382 0 322.44 1.18336e-06
1.37 1.4382 0 323.442 1.15934e-06
1.37 1.4382 0 324.445 1.13584e-06
1.37 1.4382 0 325.447 1.11284e-06
1.37 1.4382 0 326.449 1.09033e-06
1.37 1.4382 0 327.452 1.0683e-06
1.37 1.4382 0 328.454 1.04673e-06
1.37 1.4382 0 329.457 1.02563e-06
1.37 1.4382 0 330.459 1.00498e-06
1.37 1.4382 0 331.462 9.84759e-07
1.37 1.4382 0 332.464 9.64971e-07
1.37 1.4382 0 333.467 9.45602e-07
1.37 1.4382 0 334.469 9.26642e-07
1.37 1.4382 0 335.472 9.08082e-07
1.37 1.4382 0 336.474 8.89913e-07
1.37 1.4382 0 337.477 8.72127e-07
1.37 1.4382 0 338.479 8.54715e-07
1.37 1.4382 0 339.482 8.37668e-07
1.37 1.4382 0 340.484 8.2098e-07
1.37 1.4382 0 341.487 8.0464e-07
1.37 1.4382 0 342.489 7.88643e-07
1.37 1.4382 0 343.491 7.7298e-07
1.37 1.4382 0 344.494 7.57643e-07
1.37 1.4382 0 345.496 7.42627e-07
1.37 1.4382 0 346.499 7.27923e-07
1.37 1.4382 0 347.501 7.13525e-07
1.37 1.4382 0 348.504 6.99426e-07
1.37 1.4382 0 349.506 6.85619e-07
1.37 1.4382 0 350.509 6.72099e-07
1.37 1.4382 0 351.511 6.58858e-07
1.37 1.4382 0 352.514 6.45891e-07
1.37 1.4382 0 353.516 6.33192e-07
1.37 1.4382 0 354.519 6.20755e-07
1.37 1.4382 0 355.521 6.08574e-07
1.37 1.4382 0 356.524 5.96643e-07
1.37 1.4382 0 357.526 5.84958e-07
1.37 1.4382 0 358.528 5.73513e-07
1.37 1.4382 0 359.531 5.62302e-07
1.37 1.4382 0 360.533 5.51321e-07
1.37 1.4382 0 361.536 5.40565e-07
1.37 1.4382 0 362.538 5.30028e-07
1.37 1.4382 0 363.541 5.19707e-07
1.37 1.4382 0 364.543 5.09596e-07
1.37 1.4382 0 365.546 4.9969e-07
1.37 1.4382 0 366.548 4.89987e-07
1.37 1.4382 0 367.551 4.80481e-07
1.37 1.4382 0 368.553 4.71167e-07
1.37 1.4382 0 369.556 4.62043e-07
1.37 1.4382 0 370.558 4.53103e-07
1.37 1.4382 0 371.561 4.44344e-07
1.37 1.4382 0 372.563 4.35762e-07
1.37 1.4382 0 373.566 4.27354e-07
1.37 1.4382 0 374.568 4.19115e-07
1.37 1.4382 0 375.57 4.11042e-07
1.37 1.4382 0 376.573 4.03132e-07
1.37 1.4382 0 377.575 3.95381e-07
1.37 1.4382 0 378.578 3.87785e-07
1.37 1.4382 0 379.58 3.80342e-07
1.37 1.4382 0 380.583 3.73048e-07
1.37 1.4382 0 381.585 3.659e-07
1.37 1.4382 0 382.588 3.58895e-07
1.37 1.4382 0 383.59 3.5203e-07
1.37 1.4382 0 384.593 3.45302e-07
1.37 1.4382 0 385.595 3.38708e-07
1.37 1.4382 0 386.598 3.32245e-07
1.37 1.4382 0 387.6 3.25911e-07
1.37 1.4382 0 388.603 3.19703e-07
1.37 1.4382 0 389.605 3.13619e-07
1.37 1.4382 0 390.607 3.07655e-07
1.37 1.4382 0 391.61 3.01809e-07
1.37 1.4382 0 392.612 2.96079e-07
1.37 1.4382 0 393.615 2.90463e-07
1.37 1.4382 0 394.617 2.84957e-07
1.37 1.4382 0 395.62 2.7956e-07
1.37 1.4382 0 396.622 2.7427e-07
1.37 1.4382 0 397.625 2.69084e-07
1.37 1.4382 0 398.627 2.64e-07
1.37 1.4382 0 399.63 2.59016e-07
1.37 1.4382 0 400.632 2.5413e-07
1.37 1.4382 0 401.635 2.4934e-07
1.37 1.4382 0 402.637 2.44643e-07
1.37 1.4382 0 403.64 2.40039e-07
1.37 1.4382 0 404.642 2.35525e-07
1.37 1.4382 0 405.645 2.311e-07
1.37 1.4382 0 406.647 2.2676e-07
1.37 1.4382 0 407.649 2.22506e-07
1.37 1.4382 0 408.652 2.18334e-07
1.37 1.4382 0 409.654 2.14244e-07
1.37 1.4382 0 410.657 2.10234e-07
1.37 1.4382 0 411.659 2.06301e-07
1.37 1.4382 0 412.662 2.02445e-07
1.37 1.4382 0 413.664 1.98664e-07
1.37 1.4382 0 414.667 1.94956e-07
1.37 1.4382 0 415.669 1.9132e-07
1.37 1.4382 0 416.672 1.87754e-07
1.37 1.4382 0 417.674 1.84258e-07
1.37 1.4382 0 418.677 1.80829e-07
1.37 1.4382 0 419.679 1.77466e-07
1.37 1.4382 0 420.682 1.74168e-07
1.37 1.4382 0 421.684 1.70934e-07
1.37 1.4382 0 422.686 1.67762e-07
1.37 1.4382 0 423.689 1.64651e-07
1.37 1.4382 0 424.691 1.61601e-07
1.37 1.4382 0 425.694 1.58608e-07
1.37 1.4382 0 426.696 1.55673e-07
1.37 1.4382 0 427.699 1.52795e-07
1.37 1.4382 0 428.701 1.49971e-07
1.37 1.4382 0 429.704 1.47202e-07
1.37 1.4382 0 430.706 1.44486e-07
1.37 1.4382 0 431.709 1.41821e-07
1.37 1.4382 0 432.711 1.39208e-07
1.37 1.4382 0 433.714 1.36644e-07
1.37 1.4382 0 434.716 1.3413e-07
1.37 1.4382 0 435.719 1.31663e-07
1.37 1.4382 0 436.721 1.29243e-07
1.37 1.4382 0 437.724 1.2687e-07
1.37 1.4382 0 438.726 1.24541e-07
1.37 1.4382 0 439.728 1.22257e-07
1.37 1.4382 0 440.731 1.20016e-07
1.37 1.4382 0 441.733 1.17818e-07
1.37 1.4382 0 442.736 1.15661e-07
1.37 1.4382 0 443.738 1.13545e-07
1.37 1.4382 0 444.741 1.11469e-07
1.37 1.4382 0 445.743 1.09433e-07
1.37 1.4382 0 446.746 1.07435e-07
1.37 1.4382 0 447.748 1.05474e-07
1.37 1.4382 0 448.751 1.03551e-07
1.37 1.4382 0 449.753 1.01664e-07
1.37 1.4382 0 450.756 9.98122e-08
1.37 1.4382 0 451.758 9.79955e-08
1.37 1.4382 0 452.761 9.6213e-08
1.37 1.4382 0 453.763 9.4464e-08
1.37 1.4382 0 454.765 9.27479e-08
1.37 1.4382 0 455.768 9.10639e-08
1.37 1.4382 0 456.77 8.94116e-08
1.37 1.4382 0 457.773 8.77902e-08
1.37 1.4382 0 458.775 8.61992e-08
1.37 1.4382 0 459.778 8.4638e-08
1.37 1.4382 0 460.78 8.3106e-08
1.37 1.4382 0 461.783 8.16026e-08
1.37 1.4382 0 462.785 8.01273e-08
1.37 1.4382 0 463.788 7.86795e-08
1.37 1.4382 0 464.79 7.72587e-08
1.37 1.4382 0 465.793 7.58644e-08
1.37 1.4382 0 466.795 7.44961e-08
1.37 1.4382 0 467.798 7.31532e-08
1.37 1.4382 0 468.8 7.18353e-08
1.37 1.4382 0 469.803 7.05419e-08
1.37 1.4382 0 470.805 6.92725e-08
1.37 1.4382 0 471.807 6.80267e-08
1.37 1.4382 0 472.81 6.68039e-08
1.37 1.4382 0 473.812 6.56039e-08
1.37 1.4382 0 474.815 6.4426e-08
1.37 1.4382 0 475.817 6.327e-08
1.37 1.4382 0 476.82 6.21353e-08
1.37 1.4382 0 477.822 6.10216e-08
1.37 1.4382 0 478.825 5.99285e-08
1.37 1.4382 0 479.827 5.88556e-08
1.37 1.4382 0 480.83 5.78024e-08
1.37 1.4382 0 481.832 5.67687e-08
1.37 1.4382 0 482.835 5.5754e-08
1.37 1.4382 0 483.837 5.4758e-08
1.37 1.4382 0 484.84 5.37803e-08
1.37 1.4382 0 485.842 5.28206e-08
1.37 1.4382 0 486.844 5.18785e-08
1.37 1.4382 0 487.847 5.09538e-08
1.37 1.4382 0 488.849 5.0046e-08
1.37 1.4382 0 489.852 4.91548e-08
1.37 1.4382 0 490.854 4.828e-08
1.37 1.4382 0 491.857 4.74212e-08
1.37 1.4382 0 492.859 4.65781e-08
1.37 1.4382 0 493.862 4.57504e-08
1.37 1.4382 0 494.864 4.49379e-08
1.37 1.4382 0 495.867 4.41402e-08
1.37 1.4382 0 496.869 4.33571e-08
1.37 1.4382 0 497.872 4.25883e-08
1.37 1.4382 0 498.874 4.18335e-08
1.37 1.4382 0 499.877 4.10924e-08
1.37 1.4382 0 500.879 4.03648e-08
1.37 1.4382 0 501.882 3.96505e-08
1.37 1.4382 0 502.884 3.89492e-08
1.37 1.4382 0 503.886 3.82606e-08
1.37 1.4382 0 504.889 3.75846e-08
1.37 1.4382 0 505.891 3.69208e-08
1.37 1.4382 0 506.894 3.62691e-08
1.37 1.4382 0 507.896 3.56292e-08
1.37 1.4382 0 508.899 3.50009e-08
1.37 1.4382 0 509.901 3.43839e-08
1.37 1.4382 0 510.904 3.37782e-08
1.37 1.4382 0 511.906 3.31834e-08
1.37 1.4382 0 512.909 3.25993e-08
1.37 1.4382 0 513.911 3.20258e-08
1.37 1.4382 0 514.914 3.14627e-08
1.37 1.4382 0 515.916 3.09098e-08
1.37 1.4382 0 516.919 3.03668e-08
1.37 1.4382 0 517.921 2.98336e-08
1.37 1.4382 0 518.923 2.931e-08
1.37 1.4382 0 519.926 2.87959e-08
1.37 1.4382 0 520.928 2.8291e-08
1.37 1.4382 0 521.931 2.77952e-08
1.37 1.4382 0 522.933 2.73083e-08
1.37 1.4382 0 523.936 2.68301e-08
1.37 1.4382 0 524.938 2.63606e-08
1.37 1.4382 0 525.941 2.58994e-08
1.37 1.4382 0 526.943 2.54466e-08
1.37 1.4382 0 527.946 2.50019e-08
1.37 1.4382 0 528.948 2.45651e-08
1.37 1.4382 0 529.951 2.41362e-08
1.37 1.4382 0 530.953 2.37149e-08
1.37 1.4382 0 531.956 2.33012e-08
1.37 1.4382 0 532.958 2.28949e-08
1.37 1.4382 0 533.961 2.24958e-08
1.37 1.4382 0 534.963 2.21039e-08
1.37 1.4382 0 535.965 2.1719e-08
1.37 1.4382 0 536.968 2.13409e-08
1.37 1.4382 0 537.97 2.09696e-08
1.37 1.4382 0 538.973 2.06049e-08
1.37 1.4382 0 539.975 2.02467e-08
1.37 1.4382 0 540.978 1.98949e-08
1.37 1.4382 0 541.98 1.95494e-08
1.37 1.4382 0 542.983 1.921e-08
1.37 1.4382 0 543.985 1.88766e-08
1.37 1.4382 0 544.988 1.85491e-08
1.37 1.4382 0 545.99 1.82275e-08
1.37 1.4382 0 546.993 1.79116e-08
1.37 1.4382 0 547.995 1.76013e-08
1.37 1.4382 0 548.998 1.72965e-08
1.37 1.4382 0 550 1.69971e-08
