0.975 1.4382 0 150.015 8.20839e-07
0.975 1.4382 0 151.017 1.42059e-06
0.975 1.4382 0 152.02 1.49018e-06
0.975 1.4382 0 153.022 1.44504e-06
0.975 1.4382 0 154.025 1.39206e-06
0.975 1.4382 0 155.027 1.34231e-06
0.975 1.4382 0 156.03 1.29598e-06
0.975 1.4382 0 157.032 1.25248e-06
0.975 1.4382 0 158.035 1.21136e-06
0.975 1.4382 0 159.037 1.1723e-06
0.975 1.4382 0 160.04 1.13509e-06
0.975 1.4382 0 161.042 1.09955e-06
0.975 1.4382 0 162.045 1.06554e-06
0.975 1.4382 0 163.047 1.03295e-06
0.975 1.4382 0 164.05 1.00168e-06
0.975 1.4382 0 165.052 9.71659e-07
0.975 1.4382 0 166.054 9.42808e-07
0.975 1.4382 0 167.057 9.15066e-07
0.975 1.4382 0 168.059 8.88376e-07
0.975 1.4382 0 169.062 8.62688e-07
0.975 1.4382 0 170.064 8.37953e-07
0.975 1.4382 0 171.067 8.14128e-07
0.975 1.4382 0 172.069 7.91173e-07
0.975 1.4382 0 173.072 7.6905e-07
0.975 1.4382 0 174.074 7.47723e-07
0.975 1.4382 0 175.077 7.2716e-07
0.975 1.4382 0 176.079 7.07329e-07
0.975 1.4382 0 177.082 6.882e-07
0.975 1.4382 0 178.084 6.69745e-07
0.975 1.4382 0 179.087 6.51937e-07
0.975 1.4382 0 180.089 6.34752e-07
0.975 1.4382 0 181.092 6.18164e-07
0.975 1.4382 0 182.094 6.02152e-07
0.975 1.4382 0 183.096 5.86692e-07
0.975 1.4382 0 184.099 5.71764e-07
0.975 1.4382 0 185.101 5.57347e-07
0.975 1.4382 0 186.104 5.43423e-07
0.975 1.4382 0 187.106 5.29973e-07
0.975 1.4382 0 188.109 5.16978e-07
0.975 1.4382 0 189.111 5.04423e-07
0.975 1.4382 0 190.114 4.92291e-07
0.975 1.4382 0 191.116 4.80565e-07
0.975 1.4382 0 192.119 4.69232e-07
0.975 1.4382 0 193.121 4.58277e-07
0.975 1.4382 0 194.124 4.47685e-07
0.975 1.4382 0 195.126 4.37444e-07
0.975 1.4382 0 196.129 4.2754e-07
0.975 1.4382 0 197.131 4.17961e-07
0.975 1.4382 0 198.133 4.08696e-07
0.975 1.4382 0 199.136 3.99733e-07
0.975 1.4382 0 200.138 3.91061e-07
0.975 1.4382 0 201.141 3.82669e-07
0.975 1.4382 0 202.143 3.74547e-07
0.975 1.4382 0 203.146 3.66686e-07
0.975 1.4382 0 204.148 3.59075e-07
0.975 1.4382 0 205.151 3.51707e-07
0.975 1.4382 0 206.153 3.44571e-07
0.975 1.4382 0 207.156 3.37661e-07
0.975 1.4382 0 208.158 3.30966e-07
0.975 1.4382 0 209.161 3.24481e-07
0.975 1.4382 0 210.163 3.18197e-07
0.975 1.4382 0 211.166 3.12106e-07
0.975 1.4382 0 212.168 3.06203e-07
0.975 1.4382 0 213.171 3.0048e-07
0.975 1.4382 0 214.173 2.94931e-07
0.975 1.4382 0 215.175 2.89549e-07
0.975 1.4382 0 216.178 2.84329e-07
0.975 1.4382 0 217.18 2.79264e-07
0.975 1.4382 0 218.183 2.7435e-07
0.975 1.4382 0 219.185 2.6958e-07
0.975 1.4382 0 220.188 2.6495e-07
0.975 1.4382 0 221.19 2.60455e-07
0.975 1.4382 0 222.193 2.56089e-07
0.975 1.4382 0 223.195 2.51848e-07
0.975 1.4382 0 224.198 2.47728e-07
0.975 1.4382 0 225.2 2.43725e-07
0.975 1.4382 0 226.203 2.39833e-07
0.975 1.4382 0 227.205 2.3605e-07
0.975 1.4382 0 228.208 2.32371e-07
0.975 1.4382 0 229.21 2.28793e-07
0.975 1.4382 0 230.212 2.25312e-07
0.975 1.4382 0 231.215 2.21925e-07
0.975 1.4382 0 232.217 2.18628e-07
0.975 1.4382 0 233.22 2.15418e-07
0.975 1.4382 0 234.222 2.12292e-07
0.975 1.4382 0 235.225 2.09247e-07
0.975 1.4382 0 236.227 2.06281e-07
0.975 1.4382 0 237.23 2.0339e-07
0.975 1.4382 0 238.232 2.00572e-07
0.975 1.4382 0 239.235 1.97824e-07
0.975 1.4382 0 240.237 1.95144e-07
0.975 1.4382 0 241.24 1.9253e-07
0.975 1.4382 0 242.242 1.89979e-07
0.975 1.4382 0 243.245 1.87489e-07
0.975 1.4382 0 244.247 1.85057e-07
0.975 1.4382 0 245.25 1.82683e-07
0.975 1.4382 0 246.252 1.80363e-07
0.975 1.4382 0 247.254 1.78097e-07
0.975 1.4382 0 248.257 1.75882e-07
0.975 1.4382 0 249.259 1.73716e-07
0.975 1.4382 0 250.262 1.71598e-07
0.975 1.4382 0 251.264 1.69526e-07
0.975 1.4382 0 252.267 1.67498e-07
0.975 1.4382 0 253.269 1.65514e-07
0.975 1.4382 0 254.272 1.63571e-07
0.975 1.4382 0 255.274 1.61669e-07
0.975 1.4382 0 256.277 1.59805e-07
0.975 1.4382 0 257.279 1.57979e-07
0.975 1.4382 0 258.282 1.5619e-07
0.975 1.4382 0 259.284 1.54435e-07
0.975 1.4382 0 260.287 1.52715e-07
0.975 1.4382 0 261.289 1.51027e-07
0.975 1.4382 0 262.291 1.49371e-07
0.975 1.4382 0 263.294 1.47746e-07
0.975 1.4382 0 264.296 1.46151e-07
0.975 1.4382 0 265.299 1.44584e-07
0.975 1.4382 0 266.301 1.43046e-07
0.975 1.4382 0 267.304 1.41534e-07
0.975 1.4382 0 268.306 1.40049e-07
0.975 1.4382 0 269.309 1.38589e-07
0.975 1.4382 0 270.311 1.37153e-07
0.975 1.4382 0 271.314 1.35742e-07
0.975 1.4382 0 272.316 1.34353e-07
0.975 1.4382 0 273.319 1.32987e-07
0.975 1.4382 0 274.321 1.31643e-07
0.975 1.4382 0 275.324 1.30319e-07
0.975 1.4382 0 276.326 1.29016e-07
0.975 1.4382 0 277.329 1.27733e-07
0.975 1.4382 0 278.331 1.26469e-07
0.975 1.4382 0 279.333 1.25224e-07
0.975 1.4382 0 280.336 1.23997e-07
0.975 1.4382 0 281.338 1.22787e-07
0.975 1.4382 0 282.341 1.21595e-07
0.975 1.4382 0 283.343 1.20419e-07
0.975 1.4382 0 284.346 1.19259e-07
0.975 1.4382 0 285.348 1.18115e-07
0.975 1.4382 0 286.351 1.16987e-07
0.975 1.4382 0 287.353 1.15873e-07
0.975 1.4382 0 288.356 1.14774e-07
0.975 1.4382 0 289.358 1.13689e-07
0.975 1.4382 0 290.361 1.12618e-07
0.975 1.4382 0 291.363 1.1156e-07
0.975 1.4382 0 292.366 1.10516e-07
0.975 1.4382 0 293.368 1.09484e-07
0.975 1.4382 0 294.37 1.08464e-07
0.975 1.4382 0 295.373 1.07457e-07
0.975 1.4382 0 296.375 1.06461e-07
0.975 1.4382 0 297.378 1.05477e-07
0.975 1.4382 0 298.38 1.04504e-07
0.975 1.4382 0 299.383 1.03542e-07
0.975 1.4382 0 300.385 1.02591e-07
0.975 1.4382 0 301.388 1.01651e-07
0.975 1.4382 0 302.39 1.00721e-07
0.975 1.4382 0 303.393 9.98005e-08
0.975 1.4382 0 304.395 9.88902e-08
0.975 1.4382 0 305.398 9.79896e-08
0.975 1.4382 0 306.4 9.70985e-08
0.975 1.4382 0 307.403 9.62166e-08
0.975 1.4382 0 308.405 9.53437e-08
0.975 1.4382 0 309.408 9.44798e-08
0.975 1.4382 0 310.41 9.36246e-08
0.975 1.4382 0 311.412 9.27779e-08
0.975 1.4382 0 312.415 9.19396e-08
0.975 1.4382 0 313.417 9.11095e-08
0.975 1.4382 0 314.42 9.02875e-08
0.975 1.4382 0 315.422 8.94735e-08
0.975 1.4382 0 316.425 8.86673e-08
0.975 1.4382 0 317.427 8.78687e-08
0.975 1.4382 0 318.43 8.70777e-08
0.975 1.4382 0 319.432 8.62941e-08
0.975 1.4382 0 320.435 8.55178e-08
0.975 1.4382 0 321.437 8.47486e-08
0.975 1.4382 0 322.44 8.39866e-08
0.975 1.4382 0 323.442 8.32314e-08
0.975 1.4382 0 324.445 8.24832e-08
0.975 1.4382 0 325.447 8.17416e-08
0.975 1.4382 0 326.449 8.10068e-08
0.975 1.4382 0 327.452 8.02785e-08
0.975 1.4382 0 328.454 7.95566e-08
0.975 1.4382 0 329.457 7.88411e-08
0.975 1.4382 0 330.459 7.8132e-08
0.975 1.4382 0 331.462 7.7429e-08
0.975 1.4382 0 332.464 7.67321e-08
0.975 1.4382 0 333.467 7.60413e-08
0.975 1.4382 0 334.469 7.53565e-08
0.975 1.4382 0 335.472 7.46775e-08
0.975 1.4382 0 336.474 7.40044e-08
0.975 1.4382 0 337.477 7.3337e-08
0.975 1.4382 0 338.479 7.26754e-08
0.975 1.4382 0 339.482 7.20193e-08
0.975 1.4382 0 340.484 7.13688e-08
0.975 1.4382 0 341.487 7.07239e-08
0.975 1.4382 0 342.489 7.00843e-08
0.975 1.4382 0 343.491 6.94501e-08
0.975 1.4382 0 344.494 6.88213e-08
0.975 1.4382 0 345.496 6.81977e-08
0.975 1.4382 0 346.499 6.75794e-08
0.975 1.4382 0 347.501 6.69662e-08
0.975 1.4382 0 348.504 6.63581e-08
0.975 1.4382 0 349.506 6.57551e-08
0.975 1.4382 0 350.509 6.5157e-08
0.975 1.4382 0 351.511 6.4564e-08
0.975 1.4382 0 352.514 6.39759e-08
0.975 1.4382 0 353.516 6.33926e-08
0.975 1.4382 0 354.519 6.28142e-08
0.975 1.4382 0 355.521 6.22405e-08
0.975 1.4382 0 356.524 6.16717e-08
0.975 1.4382 0 357.526 6.11075e-08
0.975 1.4382 0 358.528 6.05479e-08
0.975 1.4382 0 359.531 5.9993e-08
0.975 1.4382 0 360.533 5.94427e-08
0.975 1.4382 0 361.536 5.88969e-08
0.975 1.4382 0 362.538 5.83556e-08
0.975 1.4382 0 363.541 5.78188e-08
0.975 1.4382 0 364.543 5.72864e-08
0.975 1.4382 0 365.546 5.67585e-08
0.975 1.4382 0 366.548 5.62349e-08
0.975 1.4382 0 367.551 5.57156e-08
0.975 1.4382 0 368.553 5.52006e-08
0.975 1.4382 0 369.556 5.46898e-08
0.975 1.4382 0 370.558 5.41833e-08
0.975 1.4382 0 371.561 5.3681e-08
0.975 1.4382 0 372.563 5.31829e-08
0.975 1.4382 0 373.566 5.26889e-08
0.975 1.4382 0 374.568 5.2199e-08
0.975 1.4382 0 375.57 5.17131e-08
0.975 1.4382 0 376.573 5.12313e-08
0.975 1.4382 0 377.575 5.07535e-08
0.975 1.4382 0 378.578 5.02797e-08
0.975 1.4382 0 379.58 4.98099e-08
0.975 1.4382 0 380.583 4.9344e-08
0.975 1.4382 0 381.585 4.88819e-08
0.975 1.4382 0 382.588 4.84237e-08
0.975 1.4382 0 383.59 4.79694e-08
0.975 1.4382 0 384.593 4.75189e-08
0.975 1.4382 0 385.595 4.70721e-08
0.975 1.4382 0 386.598 4.66292e-08
0.975 1.4382 0 387.6 4.61899e-08
0.975 1.4382 0 388.603 4.57544e-08
0.975 1.4382 0 389.605 4.53225e-08
0.975 1.4382 0 390.607 4.48943e-08
0.975 1.4382 0 391.61 4.44697e-08
0.975 1.4382 0 392.612 4.40487e-08
0.975 1.4382 0 393.615 4.36312e-08
0.975 1.4382 0 394.617 4.32174e-08
0.975 1.4382 0 395.62 4.2807e-08
0.975 1.4382 0 396.622 4.24001e-08
0.975 1.4382 0 397.625 4.19968e-08
0.975 1.4382 0 398.627 4.15968e-08
0.975 1.4382 0 399.63 4.12003e-08
0.975 1.4382 0 400.632 4.08072e-08
0.975 1.4382 0 401.635 4.04175e-08
0.975 1.4382 0 402.637 4.00311e-08
0.975 1.4382 0 403.64 3.9648e-08
0.975 1.4382 0 404.642 3.92683e-08
0.975 1.4382 0 405.645 3.88918e-08
0.975 1.4382 0 406.647 3.85186e-08
0.975 1.4382 0 407.649 3.81486e-08
0.975 1.4382 0 408.652 3.77818e-08
0.975 1.4382 0 409.654 3.74183e-08
0.975 1.4382 0 410.657 3.70578e-08
0.975 1.4382 0 411.659 3.67006e-08
0.975 1.4382 0 412.662 3.63464e-08
0.975 1.4382 0 413.664 3.59954e-08
0.975 1.4382 0 414.667 3.56474e-08
0.975 1.4382 0 415.669 3.53025e-08
0.975 1.4382 0 416.672 3.49606e-08
0.975 1.4382 0 417.674 3.46217e-08
0.975 1.4382 0 418.677 3.42858e-08
0.975 1.4382 0 419.679 3.39529e-08
0.975 1.4382 0 420.682 3.36229e-08
0.975 1.4382 0 421.684 3.32959e-08
0.975 1.4382 0 422.686 3.29717e-08
0.975 1.4382 0 423.689 3.26504e-08
0.975 1.4382 0 424.691 3.2332e-08
0.975 1.4382 0 425.694 3.20164e-08
0.975 1.4382 0 426.696 3.17037e-08
0.975 1.4382 0 427.699 3.13937e-08
0.975 1.4382 0 428.701 3.10865e-08
0.975 1.4382 0 429.704 3.07821e-08
0.975 1.4382 0 430.706 3.04803e-08
0.975 1.4382 0 431.709 3.01813e-08
0.975 1.4382 0 432.711 2.9885e-08
0.975 1.4382 0 433.714 2.95914e-08
0.975 1.4382 0 434.716 2.93004e-08
0.975 1.4382 0 435.719 2.90121e-08
0.975 1.4382 0 436.721 2.87264e-08
0.975 1.4382 0 437.724 2.84432e-08
0.975 1.4382 0 438.726 2.81627e-08
0.975 1.4382 0 439.728 2.78846e-08
0.975 1.4382 0 440.731 2.76092e-08
0.975 1.4382 0 441.733 2.73362e-08
0.975 1.4382 0 442.736 2.70657e-08
0.975 1.4382 0 443.738 2.67977e-08
0.975 1.4382 0 444.741 2.65322e-08
0.975 1.4382 0 445.743 2.62691e-08
0.975 1.4382 0 446.746 2.60084e-08
0.975 1.4382 0 447.748 2.57501e-08
0.975 1.4382 0 448.751 2.54942e-08
0.975 1.4382 0 449.753 2.52406e-08
0.975 1.4382 0 450.756 2.49894e-08
0.975 1.4382 0 451.758 2.47405e-08
0.975 1.4382 0 452.761 2.44939e-08
0.975 1.4382 0 453.763 2.42497e-08
0.975 1.4382 0 454.765 2.40076e-08
0.975 1.4382 0 455.768 2.37679e-08
0.975 1.4382 0 456.77 2.35303e-08
0.975 1.4382 0 457.773 2.3295e-08
0.975 1.4382 0 458.775 2.30619e-08
0.975 1.4382 0 459.778 2.28309e-08
0.975 1.4382 0 460.78 2.26021e-08
0.975 1.4382 0 461.783 2.23755e-08
0.975 1.4382 0 462.785 2.2151e-08
0.975 1.4382 0 463.788 2.19285e-08
0.975 1.4382 0 464.79 2.17082e-08
0.975 1.4382 0 465.793 2.149e-08
0.975 1.4382 0 466.795 2.12738e-08
0.975 1.4382 0 467.798 2.10597e-08
0.975 1.4382 0 468.8 2.08475e-08
0.975 1.4382 0 469.803 2.06374e-08
0.975 1.4382 0 470.805 2.04293e-08
0.975 1.4382 0 471.807 2.02231e-08
0.975 1.4382 0 472.81 2.00189e-08
0.975 1.4382 0 473.812 1.98167e-08
0.975 1.4382 0 474.815 1.96164e-08
0.975 1.4382 0 475.817 1.94179e-08
0.975 1.4382 0 476.82 1.92214e-08
0.975 1.4382 0 477.822 1.90268e-08
0.975 1.4382 0 478.825 1.8834e-08
0.975 1.4382 0 479.827 1.8643e-08
0.975 1.4382 0 480.83 1.84539e-08
0.975 1.4382 0 481.832 1.82666e-08
0.975 1.4382 0 482.835 1.80811e-08
0.975 1.4382 0 483.837 1.78974e-08
0.975 1.4382 0 484.84 1.77154e-08
0.975 1.4382 0 485.842 1.75352e-08
0.975 1.4382 0 486.844 1.73567e-08
0.975 1.4382 0 487.847 1.718e-08
0.975 1.4382 0 488.849 1.70049e-08
0.975 1.4382 0 489.852 1.68316e-08
0.975 1.4382 0 490.854 1.66599e-08
0.975 1.4382 0 491.857 1.64899e-08
0.975 1.4382 0 492.859 1.63216e-08
0.975 1.4382 0 493.862 1.61548e-08
0.975 1.4382 0 494.864 1.59897e-08
0.975 1.4382 0 495.867 1.58262e-08
0.975 1.4382 0 496.869 1.56643e-08
0.975 1.4382 0 497.872 1.5504e-08
0.975 1.4382 0 498.874 1.53452e-08
0.975 1.4382 0 499.877 1.5188e-08
0.975 1.4382 0 500.879 1.50323e-08
0.975 1.4382 0 501.882 1.48782e-08
0.975 1.4382 0 502.884 1.47255e-08
0.975 1.4382 0 503.886 1.45744e-08
0.975 1.4382 0 504.889 1.44247e-08
0.975 1.4382 0 505.891 1.42765e-08
0.975 1.4382 0 506.894 1.41297e-08
0.975 1.4382 0 507.896 1.39844e-08
0.975 1.4382 0 508.899 1.38406e-08
0.975 1.4382 0 509.901 1.36981e-08
0.975 1.4382 0 510.904 1.3557e-08
0.975 1.4382 0 511.906 1.34174e-08
0.975 1.4382 0 512.909 1.32791e-08
0.975 1.4382 0 513.911 1.31422e-08
0.975 1.4382 0 514.914 1.30066e-08
0.975 1.4382 0 515.916 1.28724e-08
0.975 1.4382 0 516.919 1.27395e-08
0.975 1.4382 0 517.921 1.26079e-08
0.975 1.4382 0 518.923 1.24776e-08
0.975 1.4382 0 519.926 1.23486e-08
0.975 1.4382 0 520.928 1.22209e-08
0.975 1.4382 0 521.931 1.20945e-08
0.975 1.4382 0 522.933 1.19693e-08
0.975 1.4382 0 523.936 1.18454e-08
0.975 1.4382 0 524.938 1.17227e-08
0.975 1.4382 0 525.941 1.16013e-08
0.975 1.4382 0 526.943 1.1481e-08
0.975 1.4382 0 527.946 1.1362e-08
0.975 1.4382 0 528.948 1.12441e-08
0.975 1.4382 0 529.951 1.11274e-08
0.975 1.4382 0 530.953 1.10119e-08
0.975 1.4382 0 531.956 1.08975e-08
0.975 1.4382 0 532.958 1.07843e-08
0.975 1.4382 0 533.961 1.06722e-08
0.975 1.4382 0 534.963 1.05613e-08
0.975 1.4382 0 535.965 1.04514e-08
0.975 1.4382 0 536.968 1.03427e-08
0.975 1.4382 0 537.97 1.02351e-08
0.975 1.4382 0 538.973 1.01285e-08
0.975 1.4382 0 539.975 1.0023e-08
0.975 1.4382 0 540.978 9.91858e-09
0.975 1.4382 0 541.98 9.81521e-09
0.975 1.4382 0 542.983 9.71288e-09
0.975 1.4382 0 543.985 9.61158e-09
0.975 1.4382 0 544.988 9.51131e-09
0.975 1.4382 0 545.99 9.41205e-09
0.975 1.4382 0 546.993 9.31379e-09
0.975 1.4382 0 547.995 9.21653e-09
0.975 1.4382 0 548.998 9.12025e-09
0.975 1.4382 0 550 9.02495e-09
