2.19 1.4382 0 150.015 5.13557e-05
2.19 1.4382 0 151.017 9.25776e-05
2.19 1.4382 0 152.02 9.46285e-05
2.19 1.4382 0 153.022 9.1527e-05
2.19 1.4382 0 154.025 8.82142e-05
2.19 1.4382 0 155.027 8.50235e-05
2.19 1.4382 0 156.03 8.19679e-05
2.19 1.4382 0 157.032 7.90408e-05
2.19 1.4382 0 158.035 7.62355e-05
2.19 1.4382 0 159.037 7.35455e-05
2.19 1.4382 0 160.04 7.0965e-05
2.19 1.4382 0 161.042 6.84887e-05
2.19 1.4382 0 162.045 6.61115e-05
2.19 1.4382 0 163.047 6.38287e-05
2.19 1.4382 0 164.05 6.16358e-05
2.19 1.4382 0 165.052 5.95286e-05
2.19 1.4382 0 166.054 5.75033e-05
2.19 1.4382 0 167.057 5.55561e-05
2.19 1.4382 0 168.059 5.36834e-05
2.19 1.4382 0 169.062 5.18819e-05
2.19 1.4382 0 170.064 5.01486e-05
2.19 1.4382 0 171.067 4.84803e-05
2.19 1.4382 0 172.069 4.68744e-05
2.19 1.4382 0 173.072 4.5328e-05
2.19 1.4382 0 174.074 4.38386e-05
2.19 1.4382 0 175.077 4.24039e-05
2.19 1.4382 0 176.079 4.10214e-05
2.19 1.4382 0 177.082 3.96891e-05
2.19 1.4382 0 178.084 3.84048e-05
2.19 1.4382 0 179.087 3.71666e-05
2.19 1.4382 0 180.089 3.59726e-05
2.19 1.4382 0 181.092 3.48209e-05
2.19 1.4382 0 182.094 3.37099e-05
2.19 1.4382 0 183.096 3.2638e-05
2.19 1.4382 0 184.099 3.16035e-05
2.19 1.4382 0 185.101 3.0605e-05
2.19 1.4382 0 186.104 2.96412e-05
2.19 1.4382 0 187.106 2.87105e-05
2.19 1.4382 0 188.109 2.78118e-05
2.19 1.4382 0 189.111 2.69438e-05
2.19 1.4382 0 190.114 2.61054e-05
2.19 1.4382 0 191.116 2.52953e-05
2.19 1.4382 0 192.119 2.45126e-05
2.19 1.4382 0 193.121 2.37562e-05
2.19 1.4382 0 194.124 2.30251e-05
2.19 1.4382 0 195.126 2.23183e-05
2.19 1.4382 0 196.129 2.16351e-05
2.19 1.4382 0 197.131 2.09744e-05
2.19 1.4382 0 198.133 2.03355e-05
2.19 1.4382 0 199.136 1.97176e-05
2.19 1.4382 0 200.138 1.91199e-05
2.19 1.4382 0 201.141 1.85417e-05
2.19 1.4382 0 202.143 1.79823e-05
2.19 1.4382 0 203.146 1.7441e-05
2.19 1.4382 0 204.148 1.69172e-05
2.19 1.4382 0 205.151 1.64102e-05
2.19 1.4382 0 206.153 1.59195e-05
2.19 1.4382 0 207.156 1.54444e-05
2.19 1.4382 0 208.158 1.49846e-05
2.19 1.4382 0 209.161 1.45393e-05
2.19 1.4382 0 210.163 1.41081e-05
2.19 1.4382 0 211.166 1.36905e-05
2.19 1.4382 0 212.168 1.32861e-05
2.19 1.4382 0 213.171 1.28944e-05
2.19 1.4382 0 214.173 1.2515e-05
2.19 1.4382 0 215.175 1.21474e-05
2.19 1.4382 0 216.178 1.17912e-05
2.19 1.4382 0 217.18 1.14461e-05
2.19 1.4382 0 218.183 1.11117e-05
2.19 1.4382 0 219.185 1.07877e-05
2.19 1.4382 0 220.188 1.04736e-05
2.19 1.4382 0 221.19 1.01692e-05
2.19 1.4382 0 222.193 9.87414e-06
2.19 1.4382 0 223.195 9.5881e-06
2.19 1.4382 0 224.198 9.3108e-06
2.19 1.4382 0 225.2 9.04194e-06
2.19 1.4382 0 226.203 8.78125e-06
2.19 1.4382 0 227.205 8.52847e-06
2.19 1.4382 0 228.208 8.28334e-06
2.19 1.4382 0 229.21 8.04561e-06
2.19 1.4382 0 230.212 7.81505e-06
2.19 1.4382 0 231.215 7.59141e-06
2.19 1.4382 0 232.217 7.37449e-06
2.19 1.4382 0 233.22 7.16406e-06
2.19 1.4382 0 234.222 6.95992e-06
2.19 1.4382 0 235.225 6.76187e-06
2.19 1.4382 0 236.227 6.56972e-06
2.19 1.4382 0 237.23 6.38327e-06
2.19 1.4382 0 238.232 6.20236e-06
2.19 1.4382 0 239.235 6.0268e-06
2.19 1.4382 0 240.237 5.85642e-06
2.19 1.4382 0 241.24 5.69108e-06
2.19 1.4382 0 242.242 5.5306e-06
2.19 1.4382 0 243.245 5.37484e-06
2.19 1.4382 0 244.247 5.22365e-06
2.19 1.4382 0 245.25 5.07689e-06
2.19 1.4382 0 246.252 4.93442e-06
2.19 1.4382 0 247.254 4.7961e-06
2.19 1.4382 0 248.257 4.66183e-06
2.19 1.4382 0 249.259 4.53146e-06
2.19 1.4382 0 250.262 4.40487e-06
2.19 1.4382 0 251.264 4.28196e-06
2.19 1.4382 0 252.267 4.16261e-06
2.19 1.4382 0 253.269 4.04672e-06
2.19 1.4382 0 254.272 3.93417e-06
2.19 1.4382 0 255.274 3.82486e-06
2.19 1.4382 0 256.277 3.71871e-06
2.19 1.4382 0 257.279 3.6156e-06
2.19 1.4382 0 258.282 3.51546e-06
2.19 1.4382 0 259.284 3.41819e-06
2.19 1.4382 0 260.287 3.3237e-06
2.19 1.4382 0 261.289 3.23192e-06
2.19 1.4382 0 262.291 3.14276e-06
2.19 1.4382 0 263.294 3.05614e-06
2.19 1.4382 0 264.296 2.97199e-06
2.19 1.4382 0 265.299 2.89023e-06
2.19 1.4382 0 266.301 2.81079e-06
2.19 1.4382 0 267.304 2.73361e-06
2.19 1.4382 0 268.306 2.65862e-06
2.19 1.4382 0 269.309 2.58575e-06
2.19 1.4382 0 270.311 2.51494e-06
2.19 1.4382 0 271.314 2.44613e-06
2.19 1.4382 0 272.316 2.37926e-06
2.19 1.4382 0 273.319 2.31427e-06
2.19 1.4382 0 274.321 2.25112e-06
2.19 1.4382 0 275.324 2.18974e-06
2.19 1.4382 0 276.326 2.13008e-06
2.19 1.4382 0 277.329 2.07209e-06
2.19 1.4382 0 278.331 2.01573e-06
2.19 1.4382 0 279.333 1.96095e-06
2.19 1.4382 0 280.336 1.9077e-06
2.19 1.4382 0 281.338 1.85593e-06
2.19 1.4382 0 282.341 1.80561e-06
2.19 1.4382 0 283.343 1.7567e-06
2.19 1.4382 0 284.346 1.70914e-06
2.19 1.4382 0 285.348 1.66291e-06
2.19 1.4382 0 286.351 1.61796e-06
2.19 1.4382 0 287.353 1.57426e-06
2.19 1.4382 0 288.356 1.53177e-06
2.19 1.4382 0 289.358 1.49045e-06
2.19 1.4382 0 290.361 1.45029e-06
2.19 1.4382 0 291.363 1.41123e-06
2.19 1.4382 0 292.366 1.37325e-06
2.19 1.4382 0 293.368 1.33632e-06
2.19 1.4382 0 294.37 1.3004e-06
2.19 1.4382 0 295.373 1.26548e-06
2.19 1.4382 0 296.375 1.23152e-06
2.19 1.4382 0 297.378 1.19849e-06
2.19 1.4382 0 298.38 1.16637e-06
2.19 1.4382 0 299.383 1.13513e-06
2.19 1.4382 0 300.385 1.10474e-06
2.19 1.4382 0 301.388 1.07519e-06
2.19 1.4382 0 302.39 1.04645e-06
2.19 1.4382 0 303.393 1.0185e-06
2.19 1.4382 0 304.395 9.91307e-07
2.19 1.4382 0 305.398 9.64859e-07
2.19 1.4382 0 306.4 9.39133e-07
2.19 1.4382 0 307.403 9.14108e-07
2.19 1.4382 0 308.405 8.89765e-07
2.19 1.4382 0 309.408 8.66085e-07
2.19 1.4382 0 310.41 8.43049e-07
2.19 1.4382 0 311.412 8.20639e-07
2.19 1.4382 0 312.415 7.98837e-07
2.19 1.4382 0 313.417 7.77628e-07
2.19 1.4382 0 314.42 7.56993e-07
2.19 1.4382 0 315.422 7.36918e-07
2.19 1.4382 0 316.425 7.17387e-07
2.19 1.4382 0 317.427 6.98384e-07
2.19 1.4382 0 318.43 6.79895e-07
2.19 1.4382 0 319.432 6.61905e-07
2.19 1.4382 0 320.435 6.44401e-07
2.19 1.4382 0 321.437 6.2737e-07
2.19 1.4382 0 322.44 6.10797e-07
2.19 1.4382 0 323.442 5.94672e-07
2.19 1.4382 0 324.445 5.7898e-07
2.19 1.4382 0 325.447 5.63711e-07
2.19 1.4382 0 326.449 5.48852e-07
2.19 1.4382 0 327.452 5.34393e-07
2.19 1.4382 0 328.454 5.20322e-07
2.19 1.4382 0 329.457 5.06628e-07
2.19 1.4382 0 330.459 4.93302e-07
2.19 1.4382 0 331.462 4.80333e-07
2.19 1.4382 0 332.464 4.67711e-07
2.19 1.4382 0 333.467 4.55427e-07
2.19 1.4382 0 334.469 4.43472e-07
2.19 1.4382 0 335.472 4.31836e-07
2.19 1.4382 0 336.474 4.20511e-07
2.19 1.4382 0 337.477 4.09489e-07
2.19 1.4382 0 338.479 3.98761e-07
2.19 1.4382 0 339.482 3.88319e-07
2.19 1.4382 0 340.484 3.78155e-07
2.19 1.4382 0 341.487 3.68262e-07
2.19 1.4382 0 342.489 3.58632e-07
2.19 1.4382 0 343.491 3.49258e-07
2.19 1.4382 0 344.494 3.40134e-07
2.19 1.4382 0 345.496 3.31252e-07
2.19 1.4382 0 346.499 3.22606e-07
2.19 1.4382 0 347.501 3.1419e-07
2.19 1.4382 0 348.504 3.05996e-07
2.19 1.4382 0 349.506 2.9802e-07
2.19 1.4382 0 350.509 2.90256e-07
2.19 1.4382 0 351.511 2.82697e-07
2.19 1.4382 0 352.514 2.75338e-07
2.19 1.4382 0 353.516 2.68174e-07
2.19 1.4382 0 354.519 2.61199e-07
2.19 1.4382 0 355.521 2.54409e-07
2.19 1.4382 0 356.524 2.47797e-07
2.19 1.4382 0 357.526 2.41361e-07
2.19 1.4382 0 358.528 2.35094e-07
2.19 1.4382 0 359.531 2.28993e-07
2.19 1.4382 0 360.533 2.23052e-07
2.19 1.4382 0 361.536 2.17268e-07
2.19 1.4382 0 362.538 2.11636e-07
2.19 1.4382 0 363.541 2.06153e-07
2.19 1.4382 0 364.543 2.00813e-07
2.19 1.4382 0 365.546 1.95614e-07
2.19 1.4382 0 366.548 1.90552e-07
2.19 1.4382 0 367.551 1.85623e-07
2.19 1.4382 0 368.553 1.80823e-07
2.19 1.4382 0 369.556 1.76149e-07
2.19 1.4382 0 370.558 1.71597e-07
2.19 1.4382 0 371.561 1.67165e-07
2.19 1.4382 0 372.563 1.62849e-07
2.19 1.4382 0 373.566 1.58646e-07
2.19 1.4382 0 374.568 1.54553e-07
2.19 1.4382 0 375.57 1.50568e-07
2.19 1.4382 0 376.573 1.46686e-07
2.19 1.4382 0 377.575 1.42906e-07
2.19 1.4382 0 378.578 1.39225e-07
2.19 1.4382 0 379.58 1.3564e-07
2.19 1.4382 0 380.583 1.32148e-07
2.19 1.4382 0 381.585 1.28748e-07
2.19 1.4382 0 382.588 1.25436e-07
2.19 1.4382 0 383.59 1.22211e-07
2.19 1.4382 0 384.593 1.19069e-07
2.19 1.4382 0 385.595 1.1601e-07
2.19 1.4382 0 386.598 1.1303e-07
2.19 1.4382 0 387.6 1.10128e-07
2.19 1.4382 0 388.603 1.07301e-07
2.19 1.4382 0 389.605 1.04548e-07
2.19 1.4382 0 390.607 1.01866e-07
2.19 1.4382 0 391.61 9.92541e-08
2.19 1.4382 0 392.612 9.67099e-08
2.19 1.4382 0 393.615 9.42318e-08
2.19 1.4382 0 394.617 9.1818e-08
2.19 1.4382 0 395.62 8.94669e-08
2.19 1.4382 0 396.622 8.71767e-08
2.19 1.4382 0 397.625 8.49458e-08
2.19 1.4382 0 398.627 8.27728e-08
2.19 1.4382 0 399.63 8.06561e-08
2.19 1.4382 0 400.632 7.85941e-08
2.19 1.4382 0 401.635 7.65855e-08
2.19 1.4382 0 402.637 7.46289e-08
2.19 1.4382 0 403.64 7.27229e-08
2.19 1.4382 0 404.642 7.08661e-08
2.19 1.4382 0 405.645 6.90574e-08
2.19 1.4382 0 406.647 6.72953e-08
2.19 1.4382 0 407.649 6.55788e-08
2.19 1.4382 0 408.652 6.39065e-08
2.19 1.4382 0 409.654 6.22774e-08
2.19 1.4382 0 410.657 6.06903e-08
2.19 1.4382 0 411.659 5.91441e-08
2.19 1.4382 0 412.662 5.76378e-08
2.19 1.4382 0 413.664 5.61703e-08
2.19 1.4382 0 414.667 5.47406e-08
2.19 1.4382 0 415.669 5.33477e-08
2.19 1.4382 0 416.672 5.19906e-08
2.19 1.4382 0 417.674 5.06685e-08
2.19 1.4382 0 418.677 4.93803e-08
2.19 1.4382 0 419.679 4.81253e-08
2.19 1.4382 0 420.682 4.69025e-08
2.19 1.4382 0 421.684 4.57112e-08
2.19 1.4382 0 422.686 4.45504e-08
2.19 1.4382 0 423.689 4.34194e-08
2.19 1.4382 0 424.691 4.23175e-08
2.19 1.4382 0 425.694 4.12438e-08
2.19 1.4382 0 426.696 4.01977e-08
2.19 1.4382 0 427.699 3.91784e-08
2.19 1.4382 0 428.701 3.81852e-08
2.19 1.4382 0 429.704 3.72174e-08
2.19 1.4382 0 430.706 3.62745e-08
2.19 1.4382 0 431.709 3.53557e-08
2.19 1.4382 0 432.711 3.44604e-08
2.19 1.4382 0 433.714 3.3588e-08
2.19 1.4382 0 434.716 3.27379e-08
2.19 1.4382 0 435.719 3.19096e-08
2.19 1.4382 0 436.721 3.11024e-08
2.19 1.4382 0 437.724 3.03159e-08
2.19 1.4382 0 438.726 2.95494e-08
2.19 1.4382 0 439.728 2.88026e-08
2.19 1.4382 0 440.731 2.80748e-08
2.19 1.4382 0 441.733 2.73656e-08
2.19 1.4382 0 442.736 2.66744e-08
2.19 1.4382 0 443.738 2.60009e-08
2.19 1.4382 0 444.741 2.53446e-08
2.19 1.4382 0 445.743 2.4705e-08
2.19 1.4382 0 446.746 2.40817e-08
2.19 1.4382 0 447.748 2.34743e-08
2.19 1.4382 0 448.751 2.28824e-08
2.19 1.4382 0 449.753 2.23055e-08
2.19 1.4382 0 450.756 2.17433e-08
2.19 1.4382 0 451.758 2.11954e-08
2.19 1.4382 0 452.761 2.06615e-08
2.19 1.4382 0 453.763 2.01411e-08
2.19 1.4382 0 454.765 1.9634e-08
2.19 1.4382 0 455.768 1.91397e-08
2.19 1.4382 0 456.77 1.8658e-08
2.19 1.4382 0 457.773 1.81886e-08
2.19 1.4382 0 458.775 1.77311e-08
2.19 1.4382 0 459.778 1.72852e-08
2.19 1.4382 0 460.78 1.68506e-08
2.19 1.4382 0 461.783 1.6427e-08
2.19 1.4382 0 462.785 1.60142e-08
2.19 1.4382 0 463.788 1.56118e-08
2.19 1.4382 0 464.79 1.52196e-08
2.19 1.4382 0 465.793 1.48374e-08
2.19 1.4382 0 466.795 1.44649e-08
2.19 1.4382 0 467.798 1.41018e-08
2.19 1.4382 0 468.8 1.37479e-08
2.19 1.4382 0 469.803 1.3403e-08
2.19 1.4382 0 470.805 1.30668e-08
2.19 1.4382 0 471.807 1.27391e-08
2.19 1.4382 0 472.81 1.24197e-08
2.19 1.4382 0 473.812 1.21083e-08
2.19 1.4382 0 474.815 1.18049e-08
2.19 1.4382 0 475.817 1.15091e-08
2.19 1.4382 0 476.82 1.12208e-08
2.19 1.4382 0 477.822 1.09397e-08
2.19 1.4382 0 478.825 1.06658e-08
2.19 1.4382 0 479.827 1.03988e-08
2.19 1.4382 0 480.83 1.01385e-08
2.19 1.4382 0 481.832 9.88481e-09
2.19 1.4382 0 482.835 9.6375e-09
2.19 1.4382 0 483.837 9.39644e-09
2.19 1.4382 0 484.84 9.16146e-09
2.19 1.4382 0 485.842 8.9324e-09
2.19 1.4382 0 486.844 8.70911e-09
2.19 1.4382 0 487.847 8.49146e-09
2.19 1.4382 0 488.849 8.27928e-09
2.19 1.4382 0 489.852 8.07245e-09
2.19 1.4382 0 490.854 7.87083e-09
2.19 1.4382 0 491.857 7.67429e-09
2.19 1.4382 0 492.859 7.48269e-09
2.19 1.4382 0 493.862 7.29592e-09
2.19 1.4382 0 494.864 7.11384e-09
2.19 1.4382 0 495.867 6.93635e-09
2.19 1.4382 0 496.869 6.76332e-09
2.19 1.4382 0 497.872 6.59463e-09
2.19 1.4382 0 498.874 6.43019e-09
2.19 1.4382 0 499.877 6.26988e-09
2.19 1.4382 0 500.879 6.1136e-09
2.19 1.4382 0 501.882 5.96124e-09
2.19 1.4382 0 502.884 5.81271e-09
2.19 1.4382 0 503.886 5.66791e-09
2.19 1.4382 0 504.889 5.52674e-09
2.19 1.4382 0 505.891 5.38912e-09
2.19 1.4382 0 506.894 5.25495e-09
2.19 1.4382 0 507.896 5.12414e-09
2.19 1.4382 0 508.899 4.99662e-09
2.19 1.4382 0 509.901 4.87229e-09
2.19 1.4382 0 510.904 4.75108e-09
2.19 1.4382 0 511.906 4.63291e-09
2.19 1.4382 0 512.909 4.5177e-09
2.19 1.4382 0 513.911 4.40537e-09
2.19 1.4382 0 514.914 4.29586e-09
2.19 1.4382 0 515.916 4.18909e-09
2.19 1.4382 0 516.919 4.08499e-09
2.19 1.4382 0 517.921 3.9835e-09
2.19 1.4382 0 518.923 3.88454e-09
2.19 1.4382 0 519.926 3.78807e-09
2.19 1.4382 0 520.928 3.694e-09
2.19 1.4382 0 521.931 3.60229e-09
2.19 1.4382 0 522.933 3.51288e-09
2.19 1.4382 0 523.936 3.42569e-09
2.19 1.4382 0 524.938 3.34069e-09
2.19 1.4382 0 525.941 3.25781e-09
2.19 1.4382 0 526.943 3.177e-09
2.19 1.4382 0 527.946 3.09821e-09
2.19 1.4382 0 528.948 3.02139e-09
2.19 1.4382 0 529.951 2.94648e-09
2.19 1.4382 0 530.953 2.87345e-09
2.19 1.4382 0 531.956 2.80223e-09
2.19 1.4382 0 532.958 2.7328e-09
2.19 1.4382 0 533.961 2.66509e-09
2.19 1.4382 0 534.963 2.59908e-09
2.19 1.4382 0 535.965 2.53471e-09
2.19 1.4382 0 536.968 2.47195e-09
2.19 1.4382 0 537.97 2.41075e-09
2.19 1.4382 0 538.973 2.35107e-09
2.19 1.4382 0 539.975 2.29289e-09
2.19 1.4382 0 540.978 2.23615e-09
2.19 1.4382 0 541.98 2.18082e-09
2.19 1.4382 0 542.983 2.12688e-09
2.19 1.4382 0 543.985 2.07428e-09
2.19 1.4382 0 544.988 2.02298e-09
2.19 1.4382 0 545.99 1.97296e-09
2.19 1.4382 0 546.993 1.92419e-09
2.19 1.4382 0 547.995 1.87663e-09
2.19 1.4382 0 548.998 1.83026e-09
2.19 1.4382 0 550 1.78503e-09
