2.065 1.4382 0 150.015 3.09488e-06
2.065 1.4382 0 151.017 5.52042e-06
2.065 1.4382 0 152.02 5.57047e-06
2.065 1.4382 0 153.022 5.33222e-06
2.065 1.4382 0 154.025 5.09544e-06
2.065 1.4382 0 155.027 4.87484e-06
2.065 1.4382 0 156.03 4.66851e-06
2.065 1.4382 0 157.032 4.47454e-06
2.065 1.4382 0 158.035 4.29155e-06
2.065 1.4382 0 159.037 4.11848e-06
2.065 1.4382 0 160.04 3.95449e-06
2.065 1.4382 0 161.042 3.7989e-06
2.065 1.4382 0 162.045 3.6511e-06
2.065 1.4382 0 163.047 3.51055e-06
2.065 1.4382 0 164.05 3.3768e-06
2.065 1.4382 0 165.052 3.24942e-06
2.065 1.4382 0 166.054 3.12802e-06
2.065 1.4382 0 167.057 3.01226e-06
2.065 1.4382 0 168.059 2.9018e-06
2.065 1.4382 0 169.062 2.79635e-06
2.065 1.4382 0 170.064 2.69564e-06
2.065 1.4382 0 171.067 2.5994e-06
2.065 1.4382 0 172.069 2.50739e-06
2.065 1.4382 0 173.072 2.41939e-06
2.065 1.4382 0 174.074 2.33518e-06
2.065 1.4382 0 175.077 2.25458e-06
2.065 1.4382 0 176.079 2.17739e-06
2.065 1.4382 0 177.082 2.10343e-06
2.065 1.4382 0 178.084 2.03256e-06
2.065 1.4382 0 179.087 1.96461e-06
2.065 1.4382 0 180.089 1.89944e-06
2.065 1.4382 0 181.092 1.8369e-06
2.065 1.4382 0 182.094 1.77689e-06
2.065 1.4382 0 183.096 1.71926e-06
2.065 1.4382 0 184.099 1.66391e-06
2.065 1.4382 0 185.101 1.61073e-06
2.065 1.4382 0 186.104 1.55961e-06
2.065 1.4382 0 187.106 1.51046e-06
2.065 1.4382 0 188.109 1.46319e-06
2.065 1.4382 0 189.111 1.41771e-06
2.065 1.4382 0 190.114 1.37394e-06
2.065 1.4382 0 191.116 1.33181e-06
2.065 1.4382 0 192.119 1.29122e-06
2.065 1.4382 0 193.121 1.25213e-06
2.065 1.4382 0 194.124 1.21446e-06
2.065 1.4382 0 195.126 1.17815e-06
2.065 1.4382 0 196.129 1.14313e-06
2.065 1.4382 0 197.131 1.10936e-06
2.065 1.4382 0 198.133 1.07678e-06
2.065 1.4382 0 199.136 1.04534e-06
2.065 1.4382 0 200.138 1.01499e-06
2.065 1.4382 0 201.141 9.85685e-07
2.065 1.4382 0 202.143 9.57378e-07
2.065 1.4382 0 203.146 9.30031e-07
2.065 1.4382 0 204.148 9.03604e-07
2.065 1.4382 0 205.151 8.78058e-07
2.065 1.4382 0 206.153 8.53359e-07
2.065 1.4382 0 207.156 8.29472e-07
2.065 1.4382 0 208.158 8.06365e-07
2.065 1.4382 0 209.161 7.84007e-07
2.065 1.4382 0 210.163 7.62369e-07
2.065 1.4382 0 211.166 7.41422e-07
2.065 1.4382 0 212.168 7.2114e-07
2.065 1.4382 0 213.171 7.01497e-07
2.065 1.4382 0 214.173 6.82469e-07
2.065 1.4382 0 215.175 6.64032e-07
2.065 1.4382 0 216.178 6.46165e-07
2.065 1.4382 0 217.18 6.28847e-07
2.065 1.4382 0 218.183 6.12056e-07
2.065 1.4382 0 219.185 5.95775e-07
2.065 1.4382 0 220.188 5.79983e-07
2.065 1.4382 0 221.19 5.64664e-07
2.065 1.4382 0 222.193 5.49801e-07
2.065 1.4382 0 223.195 5.35377e-07
2.065 1.4382 0 224.198 5.21378e-07
2.065 1.4382 0 225.2 5.07787e-07
2.065 1.4382 0 226.203 4.94592e-07
2.065 1.4382 0 227.205 4.81778e-07
2.065 1.4382 0 228.208 4.69333e-07
2.065 1.4382 0 229.21 4.57243e-07
2.065 1.4382 0 230.212 4.45498e-07
2.065 1.4382 0 231.215 4.34085e-07
2.065 1.4382 0 232.217 4.22993e-07
2.065 1.4382 0 233.22 4.12212e-07
2.065 1.4382 0 234.222 4.01732e-07
2.065 1.4382 0 235.225 3.91543e-07
2.065 1.4382 0 236.227 3.81636e-07
2.065 1.4382 0 237.23 3.72001e-07
2.065 1.4382 0 238.232 3.6263e-07
2.065 1.4382 0 239.235 3.53514e-07
2.065 1.4382 0 240.237 3.44646e-07
2.065 1.4382 0 241.24 3.36018e-07
2.065 1.4382 0 242.242 3.27623e-07
2.065 1.4382 0 243.245 3.19453e-07
2.065 1.4382 0 244.247 3.11501e-07
2.065 1.4382 0 245.25 3.03761e-07
2.065 1.4382 0 246.252 2.96226e-07
2.065 1.4382 0 247.254 2.88891e-07
2.065 1.4382 0 248.257 2.81749e-07
2.065 1.4382 0 249.259 2.74794e-07
2.065 1.4382 0 250.262 2.68022e-07
2.065 1.4382 0 251.264 2.61426e-07
2.065 1.4382 0 252.267 2.55002e-07
2.065 1.4382 0 253.269 2.48745e-07
2.065 1.4382 0 254.272 2.4265e-07
2.065 1.4382 0 255.274 2.36711e-07
2.065 1.4382 0 256.277 2.30926e-07
2.065 1.4382 0 257.279 2.25288e-07
2.065 1.4382 0 258.282 2.19795e-07
2.065 1.4382 0 259.284 2.14443e-07
2.065 1.4382 0 260.287 2.09226e-07
2.065 1.4382 0 261.289 2.04142e-07
2.065 1.4382 0 262.291 1.99186e-07
2.065 1.4382 0 263.294 1.94356e-07
2.065 1.4382 0 264.296 1.89648e-07
2.065 1.4382 0 265.299 1.85058e-07
2.065 1.4382 0 266.301 1.80584e-07
2.065 1.4382 0 267.304 1.76221e-07
2.065 1.4382 0 268.306 1.71968e-07
2.065 1.4382 0 269.309 1.67821e-07
2.065 1.4382 0 270.311 1.63777e-07
2.065 1.4382 0 271.314 1.59834e-07
2.065 1.4382 0 272.316 1.55989e-07
2.065 1.4382 0 273.319 1.52239e-07
2.065 1.4382 0 274.321 1.48582e-07
2.065 1.4382 0 275.324 1.45015e-07
2.065 1.4382 0 276.326 1.41536e-07
2.065 1.4382 0 277.329 1.38143e-07
2.065 1.4382 0 278.331 1.34834e-07
2.065 1.4382 0 279.333 1.31605e-07
2.065 1.4382 0 280.336 1.28456e-07
2.065 1.4382 0 281.338 1.25384e-07
2.065 1.4382 0 282.341 1.22387e-07
2.065 1.4382 0 283.343 1.19464e-07
2.065 1.4382 0 284.346 1.16612e-07
2.065 1.4382 0 285.348 1.13829e-07
2.065 1.4382 0 286.351 1.11114e-07
2.065 1.4382 0 287.353 1.08465e-07
2.065 1.4382 0 288.356 1.05881e-07
2.065 1.4382 0 289.358 1.03359e-07
2.065 1.4382 0 290.361 1.00899e-07
2.065 1.4382 0 291.363 9.84976e-08
2.065 1.4382 0 292.366 9.61547e-08
2.065 1.4382 0 293.368 9.38685e-08
2.065 1.4382 0 294.37 9.16376e-08
2.065 1.4382 0 295.373 8.94605e-08
2.065 1.4382 0 296.375 8.73359e-08
2.065 1.4382 0 297.378 8.52625e-08
2.065 1.4382 0 298.38 8.32391e-08
2.065 1.4382 0 299.383 8.12644e-08
2.065 1.4382 0 300.385 7.93371e-08
2.065 1.4382 0 301.388 7.74562e-08
2.065 1.4382 0 302.39 7.56204e-08
2.065 1.4382 0 303.393 7.38287e-08
2.065 1.4382 0 304.395 7.208e-08
2.065 1.4382 0 305.398 7.03732e-08
2.065 1.4382 0 306.4 6.87073e-08
2.065 1.4382 0 307.403 6.70812e-08
2.065 1.4382 0 308.405 6.54941e-08
2.065 1.4382 0 309.408 6.39449e-08
2.065 1.4382 0 310.41 6.24328e-08
2.065 1.4382 0 311.412 6.09568e-08
2.065 1.4382 0 312.415 5.9516e-08
2.065 1.4382 0 313.417 5.81096e-08
2.065 1.4382 0 314.42 5.67368e-08
2.065 1.4382 0 315.422 5.53967e-08
2.065 1.4382 0 316.425 5.40885e-08
2.065 1.4382 0 317.427 5.28115e-08
2.065 1.4382 0 318.43 5.15649e-08
2.065 1.4382 0 319.432 5.0348e-08
2.065 1.4382 0 320.435 4.91601e-08
2.065 1.4382 0 321.437 4.80004e-08
2.065 1.4382 0 322.44 4.68683e-08
2.065 1.4382 0 323.442 4.5763e-08
2.065 1.4382 0 324.445 4.46841e-08
2.065 1.4382 0 325.447 4.36308e-08
2.065 1.4382 0 326.449 4.26025e-08
2.065 1.4382 0 327.452 4.15985e-08
2.065 1.4382 0 328.454 4.06185e-08
2.065 1.4382 0 329.457 3.96616e-08
2.065 1.4382 0 330.459 3.87275e-08
2.065 1.4382 0 331.462 3.78155e-08
2.065 1.4382 0 332.464 3.69251e-08
2.065 1.4382 0 333.467 3.60559e-08
2.065 1.4382 0 334.469 3.52072e-08
2.065 1.4382 0 335.472 3.43786e-08
2.065 1.4382 0 336.474 3.35696e-08
2.065 1.4382 0 337.477 3.27798e-08
2.065 1.4382 0 338.479 3.20087e-08
2.065 1.4382 0 339.482 3.12558e-08
2.065 1.4382 0 340.484 3.05208e-08
2.065 1.4382 0 341.487 2.98031e-08
2.065 1.4382 0 342.489 2.91024e-08
2.065 1.4382 0 343.491 2.84182e-08
2.065 1.4382 0 344.494 2.77503e-08
2.065 1.4382 0 345.496 2.70981e-08
2.065 1.4382 0 346.499 2.64613e-08
2.065 1.4382 0 347.501 2.58395e-08
2.065 1.4382 0 348.504 2.52325e-08
2.065 1.4382 0 349.506 2.46398e-08
2.065 1.4382 0 350.509 2.4061e-08
2.065 1.4382 0 351.511 2.3496e-08
2.065 1.4382 0 352.514 2.29442e-08
2.065 1.4382 0 353.516 2.24055e-08
2.065 1.4382 0 354.519 2.18795e-08
2.065 1.4382 0 355.521 2.13659e-08
2.065 1.4382 0 356.524 2.08645e-08
2.065 1.4382 0 357.526 2.03748e-08
2.065 1.4382 0 358.528 1.98967e-08
2.065 1.4382 0 359.531 1.94299e-08
2.065 1.4382 0 360.533 1.8974e-08
2.065 1.4382 0 361.536 1.85289e-08
2.065 1.4382 0 362.538 1.80943e-08
2.065 1.4382 0 363.541 1.767e-08
2.065 1.4382 0 364.543 1.72556e-08
2.065 1.4382 0 365.546 1.6851e-08
2.065 1.4382 0 366.548 1.64559e-08
2.065 1.4382 0 367.551 1.60701e-08
2.065 1.4382 0 368.553 1.56935e-08
2.065 1.4382 0 369.556 1.53256e-08
2.065 1.4382 0 370.558 1.49665e-08
2.065 1.4382 0 371.561 1.46158e-08
2.065 1.4382 0 372.563 1.42733e-08
2.065 1.4382 0 373.566 1.39389e-08
2.065 1.4382 0 374.568 1.36124e-08
2.065 1.4382 0 375.57 1.32935e-08
2.065 1.4382 0 376.573 1.29822e-08
2.065 1.4382 0 377.575 1.26781e-08
2.065 1.4382 0 378.578 1.23813e-08
2.065 1.4382 0 379.58 1.20914e-08
2.065 1.4382 0 380.583 1.18083e-08
2.065 1.4382 0 381.585 1.15319e-08
2.065 1.4382 0 382.588 1.12619e-08
2.065 1.4382 0 383.59 1.09984e-08
2.065 1.4382 0 384.593 1.0741e-08
2.065 1.4382 0 385.595 1.04896e-08
2.065 1.4382 0 386.598 1.02442e-08
2.065 1.4382 0 387.6 1.00045e-08
2.065 1.4382 0 388.603 9.77048e-09
2.065 1.4382 0 389.605 9.54194e-09
2.065 1.4382 0 390.607 9.31876e-09
2.065 1.4382 0 391.61 9.10083e-09
2.065 1.4382 0 392.612 8.88801e-09
2.065 1.4382 0 393.615 8.68019e-09
2.065 1.4382 0 394.617 8.47725e-09
2.065 1.4382 0 395.62 8.27908e-09
2.065 1.4382 0 396.622 8.08555e-09
2.065 1.4382 0 397.625 7.89657e-09
2.065 1.4382 0 398.627 7.71202e-09
2.065 1.4382 0 399.63 7.5318e-09
2.065 1.4382 0 400.632 7.35581e-09
2.065 1.4382 0 401.635 7.18395e-09
2.065 1.4382 0 402.637 7.01612e-09
2.065 1.4382 0 403.64 6.85222e-09
2.065 1.4382 0 404.642 6.69217e-09
2.065 1.4382 0 405.645 6.53588e-09
2.065 1.4382 0 406.647 6.38325e-09
2.065 1.4382 0 407.649 6.23419e-09
2.065 1.4382 0 408.652 6.08863e-09
2.065 1.4382 0 409.654 5.94649e-09
2.065 1.4382 0 410.657 5.80767e-09
2.065 1.4382 0 411.659 5.67211e-09
2.065 1.4382 0 412.662 5.53973e-09
2.065 1.4382 0 413.664 5.41045e-09
2.065 1.4382 0 414.667 5.28419e-09
2.065 1.4382 0 415.669 5.1609e-09
2.065 1.4382 0 416.672 5.04049e-09
2.065 1.4382 0 417.674 4.9229e-09
2.065 1.4382 0 418.677 4.80807e-09
2.065 1.4382 0 419.679 4.69593e-09
2.065 1.4382 0 420.682 4.58641e-09
2.065 1.4382 0 421.684 4.47946e-09
2.065 1.4382 0 422.686 4.37501e-09
2.065 1.4382 0 423.689 4.273e-09
2.065 1.4382 0 424.691 4.17339e-09
2.065 1.4382 0 425.694 4.0761e-09
2.065 1.4382 0 426.696 3.9811e-09
2.065 1.4382 0 427.699 3.88831e-09
2.065 1.4382 0 428.701 3.7977e-09
2.065 1.4382 0 429.704 3.7092e-09
2.065 1.4382 0 430.706 3.62278e-09
2.065 1.4382 0 431.709 3.53838e-09
2.065 1.4382 0 432.711 3.45595e-09
2.065 1.4382 0 433.714 3.37545e-09
2.065 1.4382 0 434.716 3.29684e-09
2.065 1.4382 0 435.719 3.22006e-09
2.065 1.4382 0 436.721 3.14507e-09
2.065 1.4382 0 437.724 3.07184e-09
2.065 1.4382 0 438.726 3.00033e-09
2.065 1.4382 0 439.728 2.93048e-09
2.065 1.4382 0 440.731 2.86227e-09
2.065 1.4382 0 441.733 2.79565e-09
2.065 1.4382 0 442.736 2.73058e-09
2.065 1.4382 0 443.738 2.66704e-09
2.065 1.4382 0 444.741 2.60498e-09
2.065 1.4382 0 445.743 2.54437e-09
2.065 1.4382 0 446.746 2.48518e-09
2.065 1.4382 0 447.748 2.42737e-09
2.065 1.4382 0 448.751 2.37091e-09
2.065 1.4382 0 449.753 2.31577e-09
2.065 1.4382 0 450.756 2.26191e-09
2.065 1.4382 0 451.758 2.20932e-09
2.065 1.4382 0 452.761 2.15795e-09
2.065 1.4382 0 453.763 2.10778e-09
2.065 1.4382 0 454.765 2.05878e-09
2.065 1.4382 0 455.768 2.01093e-09
2.065 1.4382 0 456.77 1.96419e-09
2.065 1.4382 0 457.773 1.91854e-09
2.065 1.4382 0 458.775 1.87396e-09
2.065 1.4382 0 459.778 1.83042e-09
2.065 1.4382 0 460.78 1.78789e-09
2.065 1.4382 0 461.783 1.74636e-09
2.065 1.4382 0 462.785 1.70579e-09
2.065 1.4382 0 463.788 1.66617e-09
2.065 1.4382 0 464.79 1.62748e-09
2.065 1.4382 0 465.793 1.58968e-09
2.065 1.4382 0 466.795 1.55277e-09
2.065 1.4382 0 467.798 1.51672e-09
2.065 1.4382 0 468.8 1.48151e-09
2.065 1.4382 0 469.803 1.44712e-09
2.065 1.4382 0 470.805 1.41353e-09
2.065 1.4382 0 471.807 1.38072e-09
2.065 1.4382 0 472.81 1.34868e-09
2.065 1.4382 0 473.812 1.31738e-09
2.065 1.4382 0 474.815 1.28682e-09
2.065 1.4382 0 475.817 1.25696e-09
2.065 1.4382 0 476.82 1.2278e-09
2.065 1.4382 0 477.822 1.19932e-09
2.065 1.4382 0 478.825 1.17151e-09
2.065 1.4382 0 479.827 1.14434e-09
2.065 1.4382 0 480.83 1.1178e-09
2.065 1.4382 0 481.832 1.09188e-09
2.065 1.4382 0 482.835 1.06657e-09
2.065 1.4382 0 483.837 1.04184e-09
2.065 1.4382 0 484.84 1.01769e-09
2.065 1.4382 0 485.842 9.94104e-10
2.065 1.4382 0 486.844 9.71065e-10
2.065 1.4382 0 487.847 9.48561e-10
2.065 1.4382 0 488.849 9.26582e-10
2.065 1.4382 0 489.852 9.05113e-10
2.065 1.4382 0 490.854 8.84144e-10
2.065 1.4382 0 491.857 8.63663e-10
2.065 1.4382 0 492.859 8.43658e-10
2.065 1.4382 0 493.862 8.24118e-10
2.065 1.4382 0 494.864 8.05033e-10
2.065 1.4382 0 495.867 7.86391e-10
2.065 1.4382 0 496.869 7.68183e-10
2.065 1.4382 0 497.872 7.50398e-10
2.065 1.4382 0 498.874 7.33026e-10
2.065 1.4382 0 499.877 7.16059e-10
2.065 1.4382 0 500.879 6.99485e-10
2.065 1.4382 0 501.882 6.83297e-10
2.065 1.4382 0 502.884 6.67484e-10
2.065 1.4382 0 503.886 6.52039e-10
2.065 1.4382 0 504.889 6.36953e-10
2.065 1.4382 0 505.891 6.22217e-10
2.065 1.4382 0 506.894 6.07824e-10
2.065 1.4382 0 507.896 5.93765e-10
2.065 1.4382 0 508.899 5.80032e-10
2.065 1.4382 0 509.901 5.66618e-10
2.065 1.4382 0 510.904 5.53516e-10
2.065 1.4382 0 511.906 5.40717e-10
2.065 1.4382 0 512.909 5.28216e-10
2.065 1.4382 0 513.911 5.16005e-10
2.065 1.4382 0 514.914 5.04077e-10
2.065 1.4382 0 515.916 4.92426e-10
2.065 1.4382 0 516.919 4.81046e-10
2.065 1.4382 0 517.921 4.69929e-10
2.065 1.4382 0 518.923 4.59071e-10
2.065 1.4382 0 519.926 4.48464e-10
2.065 1.4382 0 520.928 4.38103e-10
2.065 1.4382 0 521.931 4.27983e-10
2.065 1.4382 0 522.933 4.18097e-10
2.065 1.4382 0 523.936 4.08441e-10
2.065 1.4382 0 524.938 3.99008e-10
2.065 1.4382 0 525.941 3.89794e-10
2.065 1.4382 0 526.943 3.80794e-10
2.065 1.4382 0 527.946 3.72002e-10
2.065 1.4382 0 528.948 3.63414e-10
2.065 1.4382 0 529.951 3.55026e-10
2.065 1.4382 0 530.953 3.46831e-10
2.065 1.4382 0 531.956 3.38826e-10
2.065 1.4382 0 532.958 3.31007e-10
2.065 1.4382 0 533.961 3.23369e-10
2.065 1.4382 0 534.963 3.15908e-10
2.065 1.4382 0 535.965 3.0862e-10
2.065 1.4382 0 536.968 3.015e-10
2.065 1.4382 0 537.97 2.94545e-10
2.065 1.4382 0 538.973 2.87752e-10
2.065 1.4382 0 539.975 2.81116e-10
2.065 1.4382 0 540.978 2.74633e-10
2.065 1.4382 0 541.98 2.683e-10
2.065 1.4382 0 542.983 2.62114e-10
2.065 1.4382 0 543.985 2.56071e-10
2.065 1.4382 0 544.988 2.50168e-10
2.065 1.4382 0 545.99 2.44402e-10
2.065 1.4382 0 546.993 2.38769e-10
2.065 1.4382 0 547.995 2.33266e-10
2.065 1.4382 0 548.998 2.27891e-10
2.065 1.4382 0 550 2.2264e-10
