2.425 1.4382 0 150.015 7.22136e-06
2.425 1.4382 0 151.017 1.28377e-05
2.425 1.4382 0 152.02 1.28623e-05
2.425 1.4382 0 153.022 1.22077e-05
2.425 1.4382 0 154.025 1.15607e-05
2.425 1.4382 0 155.027 1.09587e-05
2.425 1.4382 0 156.03 1.03979e-05
2.425 1.4382 0 157.032 9.8739e-06
2.425 1.4382 0 158.035 9.38308e-06
2.425 1.4382 0 159.037 8.92253e-06
2.425 1.4382 0 160.04 8.48978e-06
2.425 1.4382 0 161.042 8.08267e-06
2.425 1.4382 0 162.045 7.69927e-06
2.425 1.4382 0 163.047 7.33788e-06
2.425 1.4382 0 164.05 6.99695e-06
2.425 1.4382 0 165.052 6.67507e-06
2.425 1.4382 0 166.054 6.37095e-06
2.425 1.4382 0 167.057 6.08341e-06
2.425 1.4382 0 168.059 5.81138e-06
2.425 1.4382 0 169.062 5.55385e-06
2.425 1.4382 0 170.064 5.30989e-06
2.425 1.4382 0 171.067 5.07867e-06
2.425 1.4382 0 172.069 4.85939e-06
2.425 1.4382 0 173.072 4.65132e-06
2.425 1.4382 0 174.074 4.45378e-06
2.425 1.4382 0 175.077 4.26614e-06
2.425 1.4382 0 176.079 4.08782e-06
2.425 1.4382 0 177.082 3.91826e-06
2.425 1.4382 0 178.084 3.75697e-06
2.425 1.4382 0 179.087 3.60345e-06
2.425 1.4382 0 180.089 3.45728e-06
2.425 1.4382 0 181.092 3.31804e-06
2.425 1.4382 0 182.094 3.18534e-06
2.425 1.4382 0 183.096 3.05882e-06
2.425 1.4382 0 184.099 2.93814e-06
2.425 1.4382 0 185.101 2.82299e-06
2.425 1.4382 0 186.104 2.71306e-06
2.425 1.4382 0 187.106 2.60809e-06
2.425 1.4382 0 188.109 2.5078e-06
2.425 1.4382 0 189.111 2.41196e-06
2.425 1.4382 0 190.114 2.32033e-06
2.425 1.4382 0 191.116 2.2327e-06
2.425 1.4382 0 192.119 2.14887e-06
2.425 1.4382 0 193.121 2.06864e-06
2.425 1.4382 0 194.124 1.99182e-06
2.425 1.4382 0 195.126 1.91827e-06
2.425 1.4382 0 196.129 1.8478e-06
2.425 1.4382 0 197.131 1.78028e-06
2.425 1.4382 0 198.133 1.71555e-06
2.425 1.4382 0 199.136 1.65349e-06
2.425 1.4382 0 200.138 1.59397e-06
2.425 1.4382 0 201.141 1.53686e-06
2.425 1.4382 0 202.143 1.48206e-06
2.425 1.4382 0 203.146 1.42946e-06
2.425 1.4382 0 204.148 1.37896e-06
2.425 1.4382 0 205.151 1.33045e-06
2.425 1.4382 0 206.153 1.28386e-06
2.425 1.4382 0 207.156 1.23909e-06
2.425 1.4382 0 208.158 1.19606e-06
2.425 1.4382 0 209.161 1.15469e-06
2.425 1.4382 0 210.163 1.11492e-06
2.425 1.4382 0 211.166 1.07667e-06
2.425 1.4382 0 212.168 1.03987e-06
2.425 1.4382 0 213.171 1.00446e-06
2.425 1.4382 0 214.173 9.70392e-07
2.425 1.4382 0 215.175 9.37594e-07
2.425 1.4382 0 216.178 9.06018e-07
2.425 1.4382 0 217.18 8.75613e-07
2.425 1.4382 0 218.183 8.46329e-07
2.425 1.4382 0 219.185 8.18119e-07
2.425 1.4382 0 220.188 7.9094e-07
2.425 1.4382 0 221.19 7.64749e-07
2.425 1.4382 0 222.193 7.39506e-07
2.425 1.4382 0 223.195 7.15172e-07
2.425 1.4382 0 224.198 6.91711e-07
2.425 1.4382 0 225.2 6.69088e-07
2.425 1.4382 0 226.203 6.47269e-07
2.425 1.4382 0 227.205 6.26222e-07
2.425 1.4382 0 228.208 6.05918e-07
2.425 1.4382 0 229.21 5.86327e-07
2.425 1.4382 0 230.212 5.67421e-07
2.425 1.4382 0 231.215 5.49174e-07
2.425 1.4382 0 232.217 5.3156e-07
2.425 1.4382 0 233.22 5.14555e-07
2.425 1.4382 0 234.222 4.98136e-07
2.425 1.4382 0 235.225 4.8228e-07
2.425 1.4382 0 236.227 4.66967e-07
2.425 1.4382 0 237.23 4.52175e-07
2.425 1.4382 0 238.232 4.37886e-07
2.425 1.4382 0 239.235 4.24081e-07
2.425 1.4382 0 240.237 4.10741e-07
2.425 1.4382 0 241.24 3.97849e-07
2.425 1.4382 0 242.242 3.8539e-07
2.425 1.4382 0 243.245 3.73347e-07
2.425 1.4382 0 244.247 3.61705e-07
2.425 1.4382 0 245.25 3.50449e-07
2.425 1.4382 0 246.252 3.39566e-07
2.425 1.4382 0 247.254 3.29042e-07
2.425 1.4382 0 248.257 3.18865e-07
2.425 1.4382 0 249.259 3.09021e-07
2.425 1.4382 0 250.262 2.99499e-07
2.425 1.4382 0 251.264 2.90288e-07
2.425 1.4382 0 252.267 2.81377e-07
2.425 1.4382 0 253.269 2.72755e-07
2.425 1.4382 0 254.272 2.64412e-07
2.425 1.4382 0 255.274 2.56339e-07
2.425 1.4382 0 256.277 2.48525e-07
2.425 1.4382 0 257.279 2.40962e-07
2.425 1.4382 0 258.282 2.33642e-07
2.425 1.4382 0 259.284 2.26555e-07
2.425 1.4382 0 260.287 2.19695e-07
2.425 1.4382 0 261.289 2.13053e-07
2.425 1.4382 0 262.291 2.06621e-07
2.425 1.4382 0 263.294 2.00394e-07
2.425 1.4382 0 264.296 1.94363e-07
2.425 1.4382 0 265.299 1.88522e-07
2.425 1.4382 0 266.301 1.82865e-07
2.425 1.4382 0 267.304 1.77385e-07
2.425 1.4382 0 268.306 1.72078e-07
2.425 1.4382 0 269.309 1.66936e-07
2.425 1.4382 0 270.311 1.61954e-07
2.425 1.4382 0 271.314 1.57128e-07
2.425 1.4382 0 272.316 1.52452e-07
2.425 1.4382 0 273.319 1.47921e-07
2.425 1.4382 0 274.321 1.4353e-07
2.425 1.4382 0 275.324 1.39274e-07
2.425 1.4382 0 276.326 1.3515e-07
2.425 1.4382 0 277.329 1.31153e-07
2.425 1.4382 0 278.331 1.27279e-07
2.425 1.4382 0 279.333 1.23524e-07
2.425 1.4382 0 280.336 1.19884e-07
2.425 1.4382 0 281.338 1.16355e-07
2.425 1.4382 0 282.341 1.12934e-07
2.425 1.4382 0 283.343 1.09617e-07
2.425 1.4382 0 284.346 1.06401e-07
2.425 1.4382 0 285.348 1.03282e-07
2.425 1.4382 0 286.351 1.00259e-07
2.425 1.4382 0 287.353 9.73264e-08
2.425 1.4382 0 288.356 9.4483e-08
2.425 1.4382 0 289.358 9.17253e-08
2.425 1.4382 0 290.361 8.90509e-08
2.425 1.4382 0 291.363 8.64569e-08
2.425 1.4382 0 292.366 8.3941e-08
2.425 1.4382 0 293.368 8.15006e-08
2.425 1.4382 0 294.37 7.91333e-08
2.425 1.4382 0 295.373 7.6837e-08
2.425 1.4382 0 296.375 7.46093e-08
2.425 1.4382 0 297.378 7.24481e-08
2.425 1.4382 0 298.38 7.03514e-08
2.425 1.4382 0 299.383 6.83171e-08
2.425 1.4382 0 300.385 6.63433e-08
2.425 1.4382 0 301.388 6.44282e-08
2.425 1.4382 0 302.39 6.257e-08
2.425 1.4382 0 303.393 6.07668e-08
2.425 1.4382 0 304.395 5.9017e-08
2.425 1.4382 0 305.398 5.73189e-08
2.425 1.4382 0 306.4 5.5671e-08
2.425 1.4382 0 307.403 5.40717e-08
2.425 1.4382 0 308.405 5.25195e-08
2.425 1.4382 0 309.408 5.10131e-08
2.425 1.4382 0 310.41 4.95509e-08
2.425 1.4382 0 311.412 4.81317e-08
2.425 1.4382 0 312.415 4.67541e-08
2.425 1.4382 0 313.417 4.54169e-08
2.425 1.4382 0 314.42 4.41189e-08
2.425 1.4382 0 315.422 4.28589e-08
2.425 1.4382 0 316.425 4.16356e-08
2.425 1.4382 0 317.427 4.04481e-08
2.425 1.4382 0 318.43 3.92953e-08
2.425 1.4382 0 319.432 3.8176e-08
2.425 1.4382 0 320.435 3.70893e-08
2.425 1.4382 0 321.437 3.60342e-08
2.425 1.4382 0 322.44 3.50098e-08
2.425 1.4382 0 323.442 3.40152e-08
2.425 1.4382 0 324.445 3.30493e-08
2.425 1.4382 0 325.447 3.21115e-08
2.425 1.4382 0 326.449 3.12009e-08
2.425 1.4382 0 327.452 3.03166e-08
2.425 1.4382 0 328.454 2.94578e-08
2.425 1.4382 0 329.457 2.86239e-08
2.425 1.4382 0 330.459 2.7814e-08
2.425 1.4382 0 331.462 2.70275e-08
2.425 1.4382 0 332.464 2.62637e-08
2.425 1.4382 0 333.467 2.55218e-08
2.425 1.4382 0 334.469 2.48013e-08
2.425 1.4382 0 335.472 2.41015e-08
2.425 1.4382 0 336.474 2.34219e-08
2.425 1.4382 0 337.477 2.27617e-08
2.425 1.4382 0 338.479 2.21205e-08
2.425 1.4382 0 339.482 2.14976e-08
2.425 1.4382 0 340.484 2.08926e-08
2.425 1.4382 0 341.487 2.03049e-08
2.425 1.4382 0 342.489 1.97341e-08
2.425 1.4382 0 343.491 1.91795e-08
2.425 1.4382 0 344.494 1.86408e-08
2.425 1.4382 0 345.496 1.81175e-08
2.425 1.4382 0 346.499 1.76091e-08
2.425 1.4382 0 347.501 1.71152e-08
2.425 1.4382 0 348.504 1.66354e-08
2.425 1.4382 0 349.506 1.61692e-08
2.425 1.4382 0 350.509 1.57163e-08
2.425 1.4382 0 351.511 1.52763e-08
2.425 1.4382 0 352.514 1.48488e-08
2.425 1.4382 0 353.516 1.44334e-08
2.425 1.4382 0 354.519 1.40298e-08
2.425 1.4382 0 355.521 1.36377e-08
2.425 1.4382 0 356.524 1.32567e-08
2.425 1.4382 0 357.526 1.28865e-08
2.425 1.4382 0 358.528 1.25268e-08
2.425 1.4382 0 359.531 1.21773e-08
2.425 1.4382 0 360.533 1.18376e-08
2.425 1.4382 0 361.536 1.15076e-08
2.425 1.4382 0 362.538 1.11869e-08
2.425 1.4382 0 363.541 1.08752e-08
2.425 1.4382 0 364.543 1.05724e-08
2.425 1.4382 0 365.546 1.02781e-08
2.425 1.4382 0 366.548 9.99205e-09
2.425 1.4382 0 367.551 9.7141e-09
2.425 1.4382 0 368.553 9.44399e-09
2.425 1.4382 0 369.556 9.18148e-09
2.425 1.4382 0 370.558 8.92637e-09
2.425 1.4382 0 371.561 8.67843e-09
2.425 1.4382 0 372.563 8.43746e-09
2.425 1.4382 0 373.566 8.20327e-09
2.425 1.4382 0 374.568 7.97565e-09
2.425 1.4382 0 375.57 7.75443e-09
2.425 1.4382 0 376.573 7.53941e-09
2.425 1.4382 0 377.575 7.33043e-09
2.425 1.4382 0 378.578 7.12731e-09
2.425 1.4382 0 379.58 6.92989e-09
2.425 1.4382 0 380.583 6.73799e-09
2.425 1.4382 0 381.585 6.55147e-09
2.425 1.4382 0 382.588 6.37017e-09
2.425 1.4382 0 383.59 6.19394e-09
2.425 1.4382 0 384.593 6.02265e-09
2.425 1.4382 0 385.595 5.85614e-09
2.425 1.4382 0 386.598 5.69429e-09
2.425 1.4382 0 387.6 5.53696e-09
2.425 1.4382 0 388.603 5.38402e-09
2.425 1.4382 0 389.605 5.23535e-09
2.425 1.4382 0 390.607 5.09083e-09
2.425 1.4382 0 391.61 4.95034e-09
2.425 1.4382 0 392.612 4.81376e-09
2.425 1.4382 0 393.615 4.681e-09
2.425 1.4382 0 394.617 4.55193e-09
2.425 1.4382 0 395.62 4.42646e-09
2.425 1.4382 0 396.622 4.30448e-09
2.425 1.4382 0 397.625 4.18589e-09
2.425 1.4382 0 398.627 4.07061e-09
2.425 1.4382 0 399.63 3.95853e-09
2.425 1.4382 0 400.632 3.84956e-09
2.425 1.4382 0 401.635 3.74363e-09
2.425 1.4382 0 402.637 3.64063e-09
2.425 1.4382 0 403.64 3.5405e-09
2.425 1.4382 0 404.642 3.44315e-09
2.425 1.4382 0 405.645 3.3485e-09
2.425 1.4382 0 406.647 3.25647e-09
2.425 1.4382 0 407.649 3.167e-09
2.425 1.4382 0 408.652 3.08001e-09
2.425 1.4382 0 409.654 2.99542e-09
2.425 1.4382 0 410.657 2.91319e-09
2.425 1.4382 0 411.659 2.83323e-09
2.425 1.4382 0 412.662 2.75548e-09
2.425 1.4382 0 413.664 2.67989e-09
2.425 1.4382 0 414.667 2.60638e-09
2.425 1.4382 0 415.669 2.53491e-09
2.425 1.4382 0 416.672 2.46542e-09
2.425 1.4382 0 417.674 2.39785e-09
2.425 1.4382 0 418.677 2.33215e-09
2.425 1.4382 0 419.679 2.26826e-09
2.425 1.4382 0 420.682 2.20613e-09
2.425 1.4382 0 421.684 2.14572e-09
2.425 1.4382 0 422.686 2.08698e-09
2.425 1.4382 0 423.689 2.02986e-09
2.425 1.4382 0 424.691 1.97432e-09
2.425 1.4382 0 425.694 1.92031e-09
2.425 1.4382 0 426.696 1.86778e-09
2.425 1.4382 0 427.699 1.81671e-09
2.425 1.4382 0 428.701 1.76704e-09
2.425 1.4382 0 429.704 1.71874e-09
2.425 1.4382 0 430.706 1.67177e-09
2.425 1.4382 0 431.709 1.6261e-09
2.425 1.4382 0 432.711 1.58168e-09
2.425 1.4382 0 433.714 1.53848e-09
2.425 1.4382 0 434.716 1.49648e-09
2.425 1.4382 0 435.719 1.45563e-09
2.425 1.4382 0 436.721 1.4159e-09
2.425 1.4382 0 437.724 1.37726e-09
2.425 1.4382 0 438.726 1.33969e-09
2.425 1.4382 0 439.728 1.30315e-09
2.425 1.4382 0 440.731 1.26761e-09
2.425 1.4382 0 441.733 1.23305e-09
2.425 1.4382 0 442.736 1.19943e-09
2.425 1.4382 0 443.738 1.16674e-09
2.425 1.4382 0 444.741 1.13495e-09
2.425 1.4382 0 445.743 1.10403e-09
2.425 1.4382 0 446.746 1.07396e-09
2.425 1.4382 0 447.748 1.04471e-09
2.425 1.4382 0 448.751 1.01627e-09
2.425 1.4382 0 449.753 9.88601e-10
2.425 1.4382 0 450.756 9.61694e-10
2.425 1.4382 0 451.758 9.35524e-10
2.425 1.4382 0 452.761 9.1007e-10
2.425 1.4382 0 453.763 8.85314e-10
2.425 1.4382 0 454.765 8.61236e-10
2.425 1.4382 0 455.768 8.37817e-10
2.425 1.4382 0 456.77 8.15038e-10
2.425 1.4382 0 457.773 7.92884e-10
2.425 1.4382 0 458.775 7.71335e-10
2.425 1.4382 0 459.778 7.50375e-10
2.425 1.4382 0 460.78 7.29989e-10
2.425 1.4382 0 461.783 7.1016e-10
2.425 1.4382 0 462.785 6.90873e-10
2.425 1.4382 0 463.788 6.72113e-10
2.425 1.4382 0 464.79 6.53866e-10
2.425 1.4382 0 465.793 6.36117e-10
2.425 1.4382 0 466.795 6.18853e-10
2.425 1.4382 0 467.798 6.0206e-10
2.425 1.4382 0 468.8 5.85726e-10
2.425 1.4382 0 469.803 5.69837e-10
2.425 1.4382 0 470.805 5.54382e-10
2.425 1.4382 0 471.807 5.39349e-10
2.425 1.4382 0 472.81 5.24726e-10
2.425 1.4382 0 473.812 5.10501e-10
2.425 1.4382 0 474.815 4.96665e-10
2.425 1.4382 0 475.817 4.83206e-10
2.425 1.4382 0 476.82 4.70113e-10
2.425 1.4382 0 477.822 4.57377e-10
2.425 1.4382 0 478.825 4.44989e-10
2.425 1.4382 0 479.827 4.32938e-10
2.425 1.4382 0 480.83 4.21215e-10
2.425 1.4382 0 481.832 4.09811e-10
2.425 1.4382 0 482.835 3.98717e-10
2.425 1.4382 0 483.837 3.87926e-10
2.425 1.4382 0 484.84 3.77428e-10
2.425 1.4382 0 485.842 3.67216e-10
2.425 1.4382 0 486.844 3.57282e-10
2.425 1.4382 0 487.847 3.47618e-10
2.425 1.4382 0 488.849 3.38217e-10
2.425 1.4382 0 489.852 3.29072e-10
2.425 1.4382 0 490.854 3.20175e-10
2.425 1.4382 0 491.857 3.1152e-10
2.425 1.4382 0 492.859 3.031e-10
2.425 1.4382 0 493.862 2.94909e-10
2.425 1.4382 0 494.864 2.8694e-10
2.425 1.4382 0 495.867 2.79188e-10
2.425 1.4382 0 496.869 2.71646e-10
2.425 1.4382 0 497.872 2.6431e-10
2.425 1.4382 0 498.874 2.57172e-10
2.425 1.4382 0 499.877 2.50228e-10
2.425 1.4382 0 500.879 2.43473e-10
2.425 1.4382 0 501.882 2.369e-10
2.425 1.4382 0 502.884 2.30507e-10
2.425 1.4382 0 503.886 2.24286e-10
2.425 1.4382 0 504.889 2.18235e-10
2.425 1.4382 0 505.891 2.12347e-10
2.425 1.4382 0 506.894 2.06619e-10
2.425 1.4382 0 507.896 2.01046e-10
2.425 1.4382 0 508.899 1.95625e-10
2.425 1.4382 0 509.901 1.9035e-10
2.425 1.4382 0 510.904 1.85218e-10
2.425 1.4382 0 511.906 1.80225e-10
2.425 1.4382 0 512.909 1.75368e-10
2.425 1.4382 0 513.911 1.70642e-10
2.425 1.4382 0 514.914 1.66044e-10
2.425 1.4382 0 515.916 1.6157e-10
2.425 1.4382 0 516.919 1.57218e-10
2.425 1.4382 0 517.921 1.52983e-10
2.425 1.4382 0 518.923 1.48863e-10
2.425 1.4382 0 519.926 1.44855e-10
2.425 1.4382 0 520.928 1.40954e-10
2.425 1.4382 0 521.931 1.3716e-10
2.425 1.4382 0 522.933 1.33468e-10
2.425 1.4382 0 523.936 1.29876e-10
2.425 1.4382 0 524.938 1.26381e-10
2.425 1.4382 0 525.941 1.2298e-10
2.425 1.4382 0 526.943 1.19671e-10
2.425 1.4382 0 527.946 1.16452e-10
2.425 1.4382 0 528.948 1.1332e-10
2.425 1.4382 0 529.951 1.10272e-10
2.425 1.4382 0 530.953 1.07307e-10
2.425 1.4382 0 531.956 1.04422e-10
2.425 1.4382 0 532.958 1.01615e-10
2.425 1.4382 0 533.961 9.88831e-11
2.425 1.4382 0 534.963 9.62253e-11
2.425 1.4382 0 535.965 9.36394e-11
2.425 1.4382 0 536.968 9.11232e-11
2.425 1.4382 0 537.97 8.86749e-11
2.425 1.4382 0 538.973 8.62927e-11
2.425 1.4382 0 539.975 8.39747e-11
2.425 1.4382 0 540.978 8.17193e-11
2.425 1.4382 0 541.98 7.95247e-11
2.425 1.4382 0 542.983 7.73893e-11
2.425 1.4382 0 543.985 7.53115e-11
2.425 1.4382 0 544.988 7.32897e-11
2.425 1.4382 0 545.99 7.13225e-11
2.425 1.4382 0 546.993 6.94082e-11
2.425 1.4382 0 547.995 6.75455e-11
2.425 1.4382 0 548.998 6.5733e-11
2.425 1.4382 0 550 6.39694e-11
