2.595 1.4382 0 150.015 9.73475e-06
2.595 1.4382 0 151.017 1.72715e-05
2.595 1.4382 0 152.02 1.7241e-05
2.595 1.4382 0 153.022 1.62963e-05
2.595 1.4382 0 154.025 1.53677e-05
2.595 1.4382 0 155.027 1.45058e-05
2.595 1.4382 0 156.03 1.37055e-05
2.595 1.4382 0 157.032 1.29605e-05
2.595 1.4382 0 158.035 1.22653e-05
2.595 1.4382 0 159.037 1.16156e-05
2.595 1.4382 0 160.04 1.10076e-05
2.595 1.4382 0 161.042 1.04381e-05
2.595 1.4382 0 162.045 9.90391e-06
2.595 1.4382 0 163.047 9.40253e-06
2.595 1.4382 0 164.05 8.93149e-06
2.595 1.4382 0 165.052 8.48862e-06
2.595 1.4382 0 166.054 8.07192e-06
2.595 1.4382 0 167.057 7.67955e-06
2.595 1.4382 0 168.059 7.30985e-06
2.595 1.4382 0 169.062 6.96126e-06
2.595 1.4382 0 170.064 6.63237e-06
2.595 1.4382 0 171.067 6.32188e-06
2.595 1.4382 0 172.069 6.02857e-06
2.595 1.4382 0 173.072 5.75133e-06
2.595 1.4382 0 174.074 5.48912e-06
2.595 1.4382 0 175.077 5.24099e-06
2.595 1.4382 0 176.079 5.00606e-06
2.595 1.4382 0 177.082 4.78349e-06
2.595 1.4382 0 178.084 4.57253e-06
2.595 1.4382 0 179.087 4.37247e-06
2.595 1.4382 0 180.089 4.18265e-06
2.595 1.4382 0 181.092 4.00245e-06
2.595 1.4382 0 182.094 3.83131e-06
2.595 1.4382 0 183.096 3.66868e-06
2.595 1.4382 0 184.099 3.51408e-06
2.595 1.4382 0 185.101 3.36704e-06
2.595 1.4382 0 186.104 3.22713e-06
2.595 1.4382 0 187.106 3.09395e-06
2.595 1.4382 0 188.109 2.96711e-06
2.595 1.4382 0 189.111 2.84626e-06
2.595 1.4382 0 190.114 2.73108e-06
2.595 1.4382 0 191.116 2.62126e-06
2.595 1.4382 0 192.119 2.5165e-06
2.595 1.4382 0 193.121 2.41653e-06
2.595 1.4382 0 194.124 2.3211e-06
2.595 1.4382 0 195.126 2.22996e-06
2.595 1.4382 0 196.129 2.14291e-06
2.595 1.4382 0 197.131 2.05971e-06
2.595 1.4382 0 198.133 1.98018e-06
2.595 1.4382 0 199.136 1.90412e-06
2.595 1.4382 0 200.138 1.83137e-06
2.595 1.4382 0 201.141 1.76175e-06
2.595 1.4382 0 202.143 1.69512e-06
2.595 1.4382 0 203.146 1.63131e-06
2.595 1.4382 0 204.148 1.57021e-06
2.595 1.4382 0 205.151 1.51166e-06
2.595 1.4382 0 206.153 1.45556e-06
2.595 1.4382 0 207.156 1.40178e-06
2.595 1.4382 0 208.158 1.35022e-06
2.595 1.4382 0 209.161 1.30076e-06
2.595 1.4382 0 210.163 1.25332e-06
2.595 1.4382 0 211.166 1.2078e-06
2.595 1.4382 0 212.168 1.1641e-06
2.595 1.4382 0 213.171 1.12215e-06
2.595 1.4382 0 214.173 1.08187e-06
2.595 1.4382 0 215.175 1.04319e-06
2.595 1.4382 0 216.178 1.00602e-06
2.595 1.4382 0 217.18 9.70309e-07
2.595 1.4382 0 218.183 9.35987e-07
2.595 1.4382 0 219.185 9.02993e-07
2.595 1.4382 0 220.188 8.71271e-07
2.595 1.4382 0 221.19 8.40765e-07
2.595 1.4382 0 222.193 8.11423e-07
2.595 1.4382 0 223.195 7.83195e-07
2.595 1.4382 0 224.198 7.56034e-07
2.595 1.4382 0 225.2 7.29895e-07
2.595 1.4382 0 226.203 7.04736e-07
2.595 1.4382 0 227.205 6.80514e-07
2.595 1.4382 0 228.208 6.57193e-07
2.595 1.4382 0 229.21 6.34734e-07
2.595 1.4382 0 230.212 6.13103e-07
2.595 1.4382 0 231.215 5.92265e-07
2.595 1.4382 0 232.217 5.72188e-07
2.595 1.4382 0 233.22 5.52842e-07
2.595 1.4382 0 234.222 5.34198e-07
2.595 1.4382 0 235.225 5.16228e-07
2.595 1.4382 0 236.227 4.98904e-07
2.595 1.4382 0 237.23 4.82202e-07
2.595 1.4382 0 238.232 4.66097e-07
2.595 1.4382 0 239.235 4.50565e-07
2.595 1.4382 0 240.237 4.35585e-07
2.595 1.4382 0 241.24 4.21135e-07
2.595 1.4382 0 242.242 4.07194e-07
2.595 1.4382 0 243.245 3.93744e-07
2.595 1.4382 0 244.247 3.80765e-07
2.595 1.4382 0 245.25 3.68239e-07
2.595 1.4382 0 246.252 3.5615e-07
2.595 1.4382 0 247.254 3.44481e-07
2.595 1.4382 0 248.257 3.33215e-07
2.595 1.4382 0 249.259 3.22339e-07
2.595 1.4382 0 250.262 3.11837e-07
2.595 1.4382 0 251.264 3.01696e-07
2.595 1.4382 0 252.267 2.91902e-07
2.595 1.4382 0 253.269 2.82443e-07
2.595 1.4382 0 254.272 2.73306e-07
2.595 1.4382 0 255.274 2.6448e-07
2.595 1.4382 0 256.277 2.55952e-07
2.595 1.4382 0 257.279 2.47714e-07
2.595 1.4382 0 258.282 2.39753e-07
2.595 1.4382 0 259.284 2.3206e-07
2.595 1.4382 0 260.287 2.24625e-07
2.595 1.4382 0 261.289 2.1744e-07
2.595 1.4382 0 262.291 2.10494e-07
2.595 1.4382 0 263.294 2.03781e-07
2.595 1.4382 0 264.296 1.9729e-07
2.595 1.4382 0 265.299 1.91016e-07
2.595 1.4382 0 266.301 1.84949e-07
2.595 1.4382 0 267.304 1.79083e-07
2.595 1.4382 0 268.306 1.73411e-07
2.595 1.4382 0 269.309 1.67925e-07
2.595 1.4382 0 270.311 1.6262e-07
2.595 1.4382 0 271.314 1.57489e-07
2.595 1.4382 0 272.316 1.52526e-07
2.595 1.4382 0 273.319 1.47726e-07
2.595 1.4382 0 274.321 1.43082e-07
2.595 1.4382 0 275.324 1.38589e-07
2.595 1.4382 0 276.326 1.34243e-07
2.595 1.4382 0 277.329 1.30038e-07
2.595 1.4382 0 278.331 1.25969e-07
2.595 1.4382 0 279.333 1.22032e-07
2.595 1.4382 0 280.336 1.18222e-07
2.595 1.4382 0 281.338 1.14534e-07
2.595 1.4382 0 282.341 1.10966e-07
2.595 1.4382 0 283.343 1.07512e-07
2.595 1.4382 0 284.346 1.0417e-07
2.595 1.4382 0 285.348 1.00934e-07
2.595 1.4382 0 286.351 9.78024e-08
2.595 1.4382 0 287.353 9.47706e-08
2.595 1.4382 0 288.356 9.18357e-08
2.595 1.4382 0 289.358 8.89943e-08
2.595 1.4382 0 290.361 8.62434e-08
2.595 1.4382 0 291.363 8.35799e-08
2.595 1.4382 0 292.366 8.1001e-08
2.595 1.4382 0 293.368 7.8504e-08
2.595 1.4382 0 294.37 7.6086e-08
2.595 1.4382 0 295.373 7.37445e-08
2.595 1.4382 0 296.375 7.1477e-08
2.595 1.4382 0 297.378 6.9281e-08
2.595 1.4382 0 298.38 6.71542e-08
2.595 1.4382 0 299.383 6.50944e-08
2.595 1.4382 0 300.385 6.30994e-08
2.595 1.4382 0 301.388 6.11671e-08
2.595 1.4382 0 302.39 5.92953e-08
2.595 1.4382 0 303.393 5.74822e-08
2.595 1.4382 0 304.395 5.57259e-08
2.595 1.4382 0 305.398 5.40245e-08
2.595 1.4382 0 306.4 5.23763e-08
2.595 1.4382 0 307.403 5.07795e-08
2.595 1.4382 0 308.405 4.92324e-08
2.595 1.4382 0 309.408 4.77336e-08
2.595 1.4382 0 310.41 4.62814e-08
2.595 1.4382 0 311.412 4.48743e-08
2.595 1.4382 0 312.415 4.35109e-08
2.595 1.4382 0 313.417 4.21898e-08
2.595 1.4382 0 314.42 4.09097e-08
2.595 1.4382 0 315.422 3.96692e-08
2.595 1.4382 0 316.425 3.84671e-08
2.595 1.4382 0 317.427 3.73021e-08
2.595 1.4382 0 318.43 3.61731e-08
2.595 1.4382 0 319.432 3.5079e-08
2.595 1.4382 0 320.435 3.40185e-08
2.595 1.4382 0 321.437 3.29908e-08
2.595 1.4382 0 322.44 3.19947e-08
2.595 1.4382 0 323.442 3.10292e-08
2.595 1.4382 0 324.445 3.00934e-08
2.595 1.4382 0 325.447 2.91863e-08
2.595 1.4382 0 326.449 2.8307e-08
2.595 1.4382 0 327.452 2.74547e-08
2.595 1.4382 0 328.454 2.66285e-08
2.595 1.4382 0 329.457 2.58276e-08
2.595 1.4382 0 330.459 2.50512e-08
2.595 1.4382 0 331.462 2.42986e-08
2.595 1.4382 0 332.464 2.35689e-08
2.595 1.4382 0 333.467 2.28615e-08
2.595 1.4382 0 334.469 2.21756e-08
2.595 1.4382 0 335.472 2.15107e-08
2.595 1.4382 0 336.474 2.0866e-08
2.595 1.4382 0 337.477 2.0241e-08
2.595 1.4382 0 338.479 1.96349e-08
2.595 1.4382 0 339.482 1.90473e-08
2.595 1.4382 0 340.484 1.84776e-08
2.595 1.4382 0 341.487 1.79251e-08
2.595 1.4382 0 342.489 1.73894e-08
2.595 1.4382 0 343.491 1.68699e-08
2.595 1.4382 0 344.494 1.63662e-08
2.595 1.4382 0 345.496 1.58777e-08
2.595 1.4382 0 346.499 1.54041e-08
2.595 1.4382 0 347.501 1.49447e-08
2.595 1.4382 0 348.504 1.44992e-08
2.595 1.4382 0 349.506 1.40672e-08
2.595 1.4382 0 350.509 1.36483e-08
2.595 1.4382 0 351.511 1.3242e-08
2.595 1.4382 0 352.514 1.28479e-08
2.595 1.4382 0 353.516 1.24657e-08
2.595 1.4382 0 354.519 1.20951e-08
2.595 1.4382 0 355.521 1.17356e-08
2.595 1.4382 0 356.524 1.13869e-08
2.595 1.4382 0 357.526 1.10487e-08
2.595 1.4382 0 358.528 1.07207e-08
2.595 1.4382 0 359.531 1.04025e-08
2.595 1.4382 0 360.533 1.00939e-08
2.595 1.4382 0 361.536 9.79456e-09
2.595 1.4382 0 362.538 9.5042e-09
2.595 1.4382 0 363.541 9.22255e-09
2.595 1.4382 0 364.543 8.94935e-09
2.595 1.4382 0 365.546 8.68433e-09
2.595 1.4382 0 366.548 8.42725e-09
2.595 1.4382 0 367.551 8.17787e-09
2.595 1.4382 0 368.553 7.93595e-09
2.595 1.4382 0 369.556 7.70126e-09
2.595 1.4382 0 370.558 7.4736e-09
2.595 1.4382 0 371.561 7.25273e-09
2.595 1.4382 0 372.563 7.03847e-09
2.595 1.4382 0 373.566 6.8306e-09
2.595 1.4382 0 374.568 6.62893e-09
2.595 1.4382 0 375.57 6.43329e-09
2.595 1.4382 0 376.573 6.24347e-09
2.595 1.4382 0 377.575 6.05932e-09
2.595 1.4382 0 378.578 5.88065e-09
2.595 1.4382 0 379.58 5.7073e-09
2.595 1.4382 0 380.583 5.53912e-09
2.595 1.4382 0 381.585 5.37594e-09
2.595 1.4382 0 382.588 5.21761e-09
2.595 1.4382 0 383.59 5.064e-09
2.595 1.4382 0 384.593 4.91495e-09
2.595 1.4382 0 385.595 4.77032e-09
2.595 1.4382 0 386.598 4.63e-09
2.595 1.4382 0 387.6 4.49384e-09
2.595 1.4382 0 388.603 4.36172e-09
2.595 1.4382 0 389.605 4.23353e-09
2.595 1.4382 0 390.607 4.10913e-09
2.595 1.4382 0 391.61 3.98843e-09
2.595 1.4382 0 392.612 3.8713e-09
2.595 1.4382 0 393.615 3.75764e-09
2.595 1.4382 0 394.617 3.64735e-09
2.595 1.4382 0 395.62 3.54032e-09
2.595 1.4382 0 396.622 3.43647e-09
2.595 1.4382 0 397.625 3.33568e-09
2.595 1.4382 0 398.627 3.23788e-09
2.595 1.4382 0 399.63 3.14297e-09
2.595 1.4382 0 400.632 3.05086e-09
2.595 1.4382 0 401.635 2.96148e-09
2.595 1.4382 0 402.637 2.87474e-09
2.595 1.4382 0 403.64 2.79055e-09
2.595 1.4382 0 404.642 2.70886e-09
2.595 1.4382 0 405.645 2.62957e-09
2.595 1.4382 0 406.647 2.55263e-09
2.595 1.4382 0 407.649 2.47795e-09
2.595 1.4382 0 408.652 2.40548e-09
2.595 1.4382 0 409.654 2.33514e-09
2.595 1.4382 0 410.657 2.26687e-09
2.595 1.4382 0 411.659 2.20062e-09
2.595 1.4382 0 412.662 2.13632e-09
2.595 1.4382 0 413.664 2.07391e-09
2.595 1.4382 0 414.667 2.01334e-09
2.595 1.4382 0 415.669 1.95455e-09
2.595 1.4382 0 416.672 1.89749e-09
2.595 1.4382 0 417.674 1.84211e-09
2.595 1.4382 0 418.677 1.78835e-09
2.595 1.4382 0 419.679 1.73618e-09
2.595 1.4382 0 420.682 1.68554e-09
2.595 1.4382 0 421.684 1.63638e-09
2.595 1.4382 0 422.686 1.58868e-09
2.595 1.4382 0 423.689 1.54237e-09
2.595 1.4382 0 424.691 1.49742e-09
2.595 1.4382 0 425.694 1.45379e-09
2.595 1.4382 0 426.696 1.41144e-09
2.595 1.4382 0 427.699 1.37033e-09
2.595 1.4382 0 428.701 1.33043e-09
2.595 1.4382 0 429.704 1.2917e-09
2.595 1.4382 0 430.706 1.2541e-09
2.595 1.4382 0 431.709 1.21761e-09
2.595 1.4382 0 432.711 1.18218e-09
2.595 1.4382 0 433.714 1.14779e-09
2.595 1.4382 0 434.716 1.11441e-09
2.595 1.4382 0 435.719 1.08201e-09
2.595 1.4382 0 436.721 1.05055e-09
2.595 1.4382 0 437.724 1.02001e-09
2.595 1.4382 0 438.726 9.90372e-10
2.595 1.4382 0 439.728 9.61597e-10
2.595 1.4382 0 440.731 9.33663e-10
2.595 1.4382 0 441.733 9.06545e-10
2.595 1.4382 0 442.736 8.8022e-10
2.595 1.4382 0 443.738 8.54665e-10
2.595 1.4382 0 444.741 8.29856e-10
2.595 1.4382 0 445.743 8.05771e-10
2.595 1.4382 0 446.746 7.8239e-10
2.595 1.4382 0 447.748 7.59691e-10
2.595 1.4382 0 448.751 7.37655e-10
2.595 1.4382 0 449.753 7.16262e-10
2.595 1.4382 0 450.756 6.95493e-10
2.595 1.4382 0 451.758 6.7533e-10
2.595 1.4382 0 452.761 6.55755e-10
2.595 1.4382 0 453.763 6.3675e-10
2.595 1.4382 0 454.765 6.183e-10
2.595 1.4382 0 455.768 6.00387e-10
2.595 1.4382 0 456.77 5.82997e-10
2.595 1.4382 0 457.773 5.66112e-10
2.595 1.4382 0 458.775 5.4972e-10
2.595 1.4382 0 459.778 5.33805e-10
2.595 1.4382 0 460.78 5.18353e-10
2.595 1.4382 0 461.783 5.03351e-10
2.595 1.4382 0 462.785 4.88786e-10
2.595 1.4382 0 463.788 4.74645e-10
2.595 1.4382 0 464.79 4.60914e-10
2.595 1.4382 0 465.793 4.47584e-10
2.595 1.4382 0 466.795 4.3464e-10
2.595 1.4382 0 467.798 4.22074e-10
2.595 1.4382 0 468.8 4.09872e-10
2.595 1.4382 0 469.803 3.98025e-10
2.595 1.4382 0 470.805 3.86523e-10
2.595 1.4382 0 471.807 3.75354e-10
2.595 1.4382 0 472.81 3.6451e-10
2.595 1.4382 0 473.812 3.53981e-10
2.595 1.4382 0 474.815 3.43758e-10
2.595 1.4382 0 475.817 3.33831e-10
2.595 1.4382 0 476.82 3.24193e-10
2.595 1.4382 0 477.822 3.14834e-10
2.595 1.4382 0 478.825 3.05747e-10
2.595 1.4382 0 479.827 2.96923e-10
2.595 1.4382 0 480.83 2.88355e-10
2.595 1.4382 0 481.832 2.80036e-10
2.595 1.4382 0 482.835 2.71958e-10
2.595 1.4382 0 483.837 2.64114e-10
2.595 1.4382 0 484.84 2.56498e-10
2.595 1.4382 0 485.842 2.49102e-10
2.595 1.4382 0 486.844 2.41921e-10
2.595 1.4382 0 487.847 2.34947e-10
2.595 1.4382 0 488.849 2.28176e-10
2.595 1.4382 0 489.852 2.216e-10
2.595 1.4382 0 490.854 2.15216e-10
2.595 1.4382 0 491.857 2.09015e-10
2.595 1.4382 0 492.859 2.02995e-10
2.595 1.4382 0 493.862 1.97148e-10
2.595 1.4382 0 494.864 1.91471e-10
2.595 1.4382 0 495.867 1.85958e-10
2.595 1.4382 0 496.869 1.80605e-10
2.595 1.4382 0 497.872 1.75406e-10
2.595 1.4382 0 498.874 1.70358e-10
2.595 1.4382 0 499.877 1.65455e-10
2.595 1.4382 0 500.879 1.60695e-10
2.595 1.4382 0 501.882 1.56072e-10
2.595 1.4382 0 502.884 1.51582e-10
2.595 1.4382 0 503.886 1.47223e-10
2.595 1.4382 0 504.889 1.42989e-10
2.595 1.4382 0 505.891 1.38877e-10
2.595 1.4382 0 506.894 1.34885e-10
2.595 1.4382 0 507.896 1.31007e-10
2.595 1.4382 0 508.899 1.27242e-10
2.595 1.4382 0 509.901 1.23585e-10
2.595 1.4382 0 510.904 1.20034e-10
2.595 1.4382 0 511.906 1.16585e-10
2.595 1.4382 0 512.909 1.13236e-10
2.595 1.4382 0 513.911 1.09983e-10
2.595 1.4382 0 514.914 1.06825e-10
2.595 1.4382 0 515.916 1.03757e-10
2.595 1.4382 0 516.919 1.00778e-10
2.595 1.4382 0 517.921 9.78846e-11
2.595 1.4382 0 518.923 9.50747e-11
2.595 1.4382 0 519.926 9.23458e-11
2.595 1.4382 0 520.928 8.96956e-11
2.595 1.4382 0 521.931 8.71218e-11
2.595 1.4382 0 522.933 8.46221e-11
2.595 1.4382 0 523.936 8.21945e-11
2.595 1.4382 0 524.938 7.98368e-11
2.595 1.4382 0 525.941 7.75469e-11
2.595 1.4382 0 526.943 7.53231e-11
2.595 1.4382 0 527.946 7.31632e-11
2.595 1.4382 0 528.948 7.10656e-11
2.595 1.4382 0 529.951 6.90283e-11
2.595 1.4382 0 530.953 6.70496e-11
2.595 1.4382 0 531.956 6.51279e-11
2.595 1.4382 0 532.958 6.32615e-11
2.595 1.4382 0 533.961 6.14488e-11
2.595 1.4382 0 534.963 5.96883e-11
2.595 1.4382 0 535.965 5.79784e-11
2.595 1.4382 0 536.968 5.63176e-11
2.595 1.4382 0 537.97 5.47046e-11
2.595 1.4382 0 538.973 5.3138e-11
2.595 1.4382 0 539.975 5.16165e-11
2.595 1.4382 0 540.978 5.01386e-11
2.595 1.4382 0 541.98 4.87033e-11
2.595 1.4382 0 542.983 4.73091e-11
2.595 1.4382 0 543.985 4.59551e-11
2.595 1.4382 0 544.988 4.46399e-11
2.595 1.4382 0 545.99 4.33626e-11
2.595 1.4382 0 546.993 4.21219e-11
2.595 1.4382 0 547.995 4.09168e-11
2.595 1.4382 0 548.998 3.97464e-11
2.595 1.4382 0 550 3.86095e-11
