0.21 1.4382 0 150.015 1.45573e-07
0.21 1.4382 0 151.017 2.37366e-07
0.21 1.4382 0 152.02 2.30674e-07
0.21 1.4382 0 153.022 2.10581e-07
0.21 1.4382 0 154.025 1.94119e-07
0.21 1.4382 0 155.027 1.81167e-07
0.21 1.4382 0 156.03 1.70629e-07
0.21 1.4382 0 157.032 1.6178e-07
0.21 1.4382 0 158.035 1.54169e-07
0.21 1.4382 0 159.037 1.47505e-07
0.21 1.4382 0 160.04 1.41587e-07
0.21 1.4382 0 161.042 1.36272e-07
0.21 1.4382 0 162.045 1.31457e-07
0.21 1.4382 0 163.047 1.2706e-07
0.21 1.4382 0 164.05 1.2302e-07
0.21 1.4382 0 165.052 1.19286e-07
0.21 1.4382 0 166.054 1.15821e-07
0.21 1.4382 0 167.057 1.1259e-07
0.21 1.4382 0 168.059 1.09567e-07
0.21 1.4382 0 169.062 1.0673e-07
0.21 1.4382 0 170.064 1.04058e-07
0.21 1.4382 0 171.067 1.01537e-07
0.21 1.4382 0 172.069 9.91514e-08
0.21 1.4382 0 173.072 9.68895e-08
0.21 1.4382 0 174.074 9.47405e-08
0.21 1.4382 0 175.077 9.26952e-08
0.21 1.4382 0 176.079 9.07453e-08
0.21 1.4382 0 177.082 8.88834e-08
0.21 1.4382 0 178.084 8.71031e-08
0.21 1.4382 0 179.087 8.53985e-08
0.21 1.4382 0 180.089 8.37644e-08
0.21 1.4382 0 181.092 8.2196e-08
0.21 1.4382 0 182.094 8.06891e-08
0.21 1.4382 0 183.096 7.92397e-08
0.21 1.4382 0 184.099 7.78444e-08
0.21 1.4382 0 185.101 7.64998e-08
0.21 1.4382 0 186.104 7.52031e-08
0.21 1.4382 0 187.106 7.39515e-08
0.21 1.4382 0 188.109 7.27424e-08
0.21 1.4382 0 189.111 7.15737e-08
0.21 1.4382 0 190.114 7.04431e-08
0.21 1.4382 0 191.116 6.93487e-08
0.21 1.4382 0 192.119 6.82886e-08
0.21 1.4382 0 193.121 6.72612e-08
0.21 1.4382 0 194.124 6.62649e-08
0.21 1.4382 0 195.126 6.52981e-08
0.21 1.4382 0 196.129 6.43595e-08
0.21 1.4382 0 197.131 6.34478e-08
0.21 1.4382 0 198.133 6.25619e-08
0.21 1.4382 0 199.136 6.17004e-08
0.21 1.4382 0 200.138 6.08625e-08
0.21 1.4382 0 201.141 6.0047e-08
0.21 1.4382 0 202.143 5.92531e-08
0.21 1.4382 0 203.146 5.84799e-08
0.21 1.4382 0 204.148 5.77265e-08
0.21 1.4382 0 205.151 5.6992e-08
0.21 1.4382 0 206.153 5.62759e-08
0.21 1.4382 0 207.156 5.55773e-08
0.21 1.4382 0 208.158 5.48956e-08
0.21 1.4382 0 209.161 5.42302e-08
0.21 1.4382 0 210.163 5.35804e-08
0.21 1.4382 0 211.166 5.29457e-08
0.21 1.4382 0 212.168 5.23255e-08
0.21 1.4382 0 213.171 5.17193e-08
0.21 1.4382 0 214.173 5.11266e-08
0.21 1.4382 0 215.175 5.0547e-08
0.21 1.4382 0 216.178 4.99799e-08
0.21 1.4382 0 217.18 4.94251e-08
0.21 1.4382 0 218.183 4.8882e-08
0.21 1.4382 0 219.185 4.83502e-08
0.21 1.4382 0 220.188 4.78295e-08
0.21 1.4382 0 221.19 4.73194e-08
0.21 1.4382 0 222.193 4.68196e-08
0.21 1.4382 0 223.195 4.63297e-08
0.21 1.4382 0 224.198 4.58496e-08
0.21 1.4382 0 225.2 4.53788e-08
0.21 1.4382 0 226.203 4.49171e-08
0.21 1.4382 0 227.205 4.44641e-08
0.21 1.4382 0 228.208 4.40197e-08
0.21 1.4382 0 229.21 4.35836e-08
0.21 1.4382 0 230.212 4.31555e-08
0.21 1.4382 0 231.215 4.27353e-08
0.21 1.4382 0 232.217 4.23226e-08
0.21 1.4382 0 233.22 4.19173e-08
0.21 1.4382 0 234.222 4.15191e-08
0.21 1.4382 0 235.225 4.11279e-08
0.21 1.4382 0 236.227 4.07435e-08
0.21 1.4382 0 237.23 4.03656e-08
0.21 1.4382 0 238.232 3.99941e-08
0.21 1.4382 0 239.235 3.96289e-08
0.21 1.4382 0 240.237 3.92697e-08
0.21 1.4382 0 241.24 3.89164e-08
0.21 1.4382 0 242.242 3.85689e-08
0.21 1.4382 0 243.245 3.82269e-08
0.21 1.4382 0 244.247 3.78904e-08
0.21 1.4382 0 245.25 3.75593e-08
0.21 1.4382 0 246.252 3.72333e-08
0.21 1.4382 0 247.254 3.69123e-08
0.21 1.4382 0 248.257 3.65963e-08
0.21 1.4382 0 249.259 3.62851e-08
0.21 1.4382 0 250.262 3.59785e-08
0.21 1.4382 0 251.264 3.56766e-08
0.21 1.4382 0 252.267 3.53791e-08
0.21 1.4382 0 253.269 3.50859e-08
0.21 1.4382 0 254.272 3.4797e-08
0.21 1.4382 0 255.274 3.45123e-08
0.21 1.4382 0 256.277 3.42316e-08
0.21 1.4382 0 257.279 3.39549e-08
0.21 1.4382 0 258.282 3.36821e-08
0.21 1.4382 0 259.284 3.3413e-08
0.21 1.4382 0 260.287 3.31476e-08
0.21 1.4382 0 261.289 3.28859e-08
0.21 1.4382 0 262.291 3.26277e-08
0.21 1.4382 0 263.294 3.2373e-08
0.21 1.4382 0 264.296 3.21216e-08
0.21 1.4382 0 265.299 3.18736e-08
0.21 1.4382 0 266.301 3.16288e-08
0.21 1.4382 0 267.304 3.13871e-08
0.21 1.4382 0 268.306 3.11486e-08
0.21 1.4382 0 269.309 3.09131e-08
0.21 1.4382 0 270.311 3.06806e-08
0.21 1.4382 0 271.314 3.04511e-08
0.21 1.4382 0 272.316 3.02243e-08
0.21 1.4382 0 273.319 3.00004e-08
0.21 1.4382 0 274.321 2.97792e-08
0.21 1.4382 0 275.324 2.95607e-08
0.21 1.4382 0 276.326 2.93449e-08
0.21 1.4382 0 277.329 2.91316e-08
0.21 1.4382 0 278.331 2.89209e-08
0.21 1.4382 0 279.333 2.87126e-08
0.21 1.4382 0 280.336 2.85068e-08
0.21 1.4382 0 281.338 2.83034e-08
0.21 1.4382 0 282.341 2.81023e-08
0.21 1.4382 0 283.343 2.79035e-08
0.21 1.4382 0 284.346 2.7707e-08
0.21 1.4382 0 285.348 2.75127e-08
0.21 1.4382 0 286.351 2.73206e-08
0.21 1.4382 0 287.353 2.71306e-08
0.21 1.4382 0 288.356 2.69427e-08
0.21 1.4382 0 289.358 2.67569e-08
0.21 1.4382 0 290.361 2.65731e-08
0.21 1.4382 0 291.363 2.63913e-08
0.21 1.4382 0 292.366 2.62115e-08
0.21 1.4382 0 293.368 2.60335e-08
0.21 1.4382 0 294.37 2.58575e-08
0.21 1.4382 0 295.373 2.56833e-08
0.21 1.4382 0 296.375 2.55109e-08
0.21 1.4382 0 297.378 2.53404e-08
0.21 1.4382 0 298.38 2.51716e-08
0.21 1.4382 0 299.383 2.50045e-08
0.21 1.4382 0 300.385 2.48391e-08
0.21 1.4382 0 301.388 2.46754e-08
0.21 1.4382 0 302.39 2.45134e-08
0.21 1.4382 0 303.393 2.4353e-08
0.21 1.4382 0 304.395 2.41941e-08
0.21 1.4382 0 305.398 2.40369e-08
0.21 1.4382 0 306.4 2.38812e-08
0.21 1.4382 0 307.403 2.3727e-08
0.21 1.4382 0 308.405 2.35743e-08
0.21 1.4382 0 309.408 2.34231e-08
0.21 1.4382 0 310.41 2.32734e-08
0.21 1.4382 0 311.412 2.31251e-08
0.21 1.4382 0 312.415 2.29782e-08
0.21 1.4382 0 313.417 2.28327e-08
0.21 1.4382 0 314.42 2.26885e-08
0.21 1.4382 0 315.422 2.25457e-08
0.21 1.4382 0 316.425 2.24042e-08
0.21 1.4382 0 317.427 2.22641e-08
0.21 1.4382 0 318.43 2.21252e-08
0.21 1.4382 0 319.432 2.19876e-08
0.21 1.4382 0 320.435 2.18512e-08
0.21 1.4382 0 321.437 2.17161e-08
0.21 1.4382 0 322.44 2.15822e-08
0.21 1.4382 0 323.442 2.14495e-08
0.21 1.4382 0 324.445 2.1318e-08
0.21 1.4382 0 325.447 2.11876e-08
0.21 1.4382 0 326.449 2.10584e-08
0.21 1.4382 0 327.452 2.09304e-08
0.21 1.4382 0 328.454 2.08034e-08
0.21 1.4382 0 329.457 2.06776e-08
0.21 1.4382 0 330.459 2.05529e-08
0.21 1.4382 0 331.462 2.04292e-08
0.21 1.4382 0 332.464 2.03066e-08
0.21 1.4382 0 333.467 2.0185e-08
0.21 1.4382 0 334.469 2.00645e-08
0.21 1.4382 0 335.472 1.9945e-08
0.21 1.4382 0 336.474 1.98265e-08
0.21 1.4382 0 337.477 1.9709e-08
0.21 1.4382 0 338.479 1.95925e-08
0.21 1.4382 0 339.482 1.94769e-08
0.21 1.4382 0 340.484 1.93623e-08
0.21 1.4382 0 341.487 1.92486e-08
0.21 1.4382 0 342.489 1.91359e-08
0.21 1.4382 0 343.491 1.90241e-08
0.21 1.4382 0 344.494 1.89133e-08
0.21 1.4382 0 345.496 1.88033e-08
0.21 1.4382 0 346.499 1.86942e-08
0.21 1.4382 0 347.501 1.85859e-08
0.21 1.4382 0 348.504 1.84786e-08
0.21 1.4382 0 349.506 1.83721e-08
0.21 1.4382 0 350.509 1.82665e-08
0.21 1.4382 0 351.511 1.81616e-08
0.21 1.4382 0 352.514 1.80577e-08
0.21 1.4382 0 353.516 1.79545e-08
0.21 1.4382 0 354.519 1.78521e-08
0.21 1.4382 0 355.521 1.77506e-08
0.21 1.4382 0 356.524 1.76498e-08
0.21 1.4382 0 357.526 1.75498e-08
0.21 1.4382 0 358.528 1.74506e-08
0.21 1.4382 0 359.531 1.73521e-08
0.21 1.4382 0 360.533 1.72545e-08
0.21 1.4382 0 361.536 1.71575e-08
0.21 1.4382 0 362.538 1.70613e-08
0.21 1.4382 0 363.541 1.69658e-08
0.21 1.4382 0 364.543 1.6871e-08
0.21 1.4382 0 365.546 1.6777e-08
0.21 1.4382 0 366.548 1.66836e-08
0.21 1.4382 0 367.551 1.6591e-08
0.21 1.4382 0 368.553 1.6499e-08
0.21 1.4382 0 369.556 1.64078e-08
0.21 1.4382 0 370.558 1.63172e-08
0.21 1.4382 0 371.561 1.62273e-08
0.21 1.4382 0 372.563 1.6138e-08
0.21 1.4382 0 373.566 1.60494e-08
0.21 1.4382 0 374.568 1.59614e-08
0.21 1.4382 0 375.57 1.58741e-08
0.21 1.4382 0 376.573 1.57874e-08
0.21 1.4382 0 377.575 1.57014e-08
0.21 1.4382 0 378.578 1.56159e-08
0.21 1.4382 0 379.58 1.55311e-08
0.21 1.4382 0 380.583 1.54469e-08
0.21 1.4382 0 381.585 1.53633e-08
0.21 1.4382 0 382.588 1.52803e-08
0.21 1.4382 0 383.59 1.51979e-08
0.21 1.4382 0 384.593 1.51161e-08
0.21 1.4382 0 385.595 1.50348e-08
0.21 1.4382 0 386.598 1.49541e-08
0.21 1.4382 0 387.6 1.4874e-08
0.21 1.4382 0 388.603 1.47945e-08
0.21 1.4382 0 389.605 1.47155e-08
0.21 1.4382 0 390.607 1.46371e-08
0.21 1.4382 0 391.61 1.45592e-08
0.21 1.4382 0 392.612 1.44818e-08
0.21 1.4382 0 393.615 1.4405e-08
0.21 1.4382 0 394.617 1.43287e-08
0.21 1.4382 0 395.62 1.4253e-08
0.21 1.4382 0 396.622 1.41777e-08
0.21 1.4382 0 397.625 1.4103e-08
0.21 1.4382 0 398.627 1.40288e-08
0.21 1.4382 0 399.63 1.39551e-08
0.21 1.4382 0 400.632 1.38819e-08
0.21 1.4382 0 401.635 1.38092e-08
0.21 1.4382 0 402.637 1.3737e-08
0.21 1.4382 0 403.64 1.36653e-08
0.21 1.4382 0 404.642 1.3594e-08
0.21 1.4382 0 405.645 1.35233e-08
0.21 1.4382 0 406.647 1.3453e-08
0.21 1.4382 0 407.649 1.33832e-08
0.21 1.4382 0 408.652 1.33138e-08
0.21 1.4382 0 409.654 1.3245e-08
0.21 1.4382 0 410.657 1.31765e-08
0.21 1.4382 0 411.659 1.31086e-08
0.21 1.4382 0 412.662 1.3041e-08
0.21 1.4382 0 413.664 1.2974e-08
0.21 1.4382 0 414.667 1.29073e-08
0.21 1.4382 0 415.669 1.28411e-08
0.21 1.4382 0 416.672 1.27754e-08
0.21 1.4382 0 417.674 1.271e-08
0.21 1.4382 0 418.677 1.26451e-08
0.21 1.4382 0 419.679 1.25806e-08
0.21 1.4382 0 420.682 1.25166e-08
0.21 1.4382 0 421.684 1.24529e-08
0.21 1.4382 0 422.686 1.23897e-08
0.21 1.4382 0 423.689 1.23269e-08
0.21 1.4382 0 424.691 1.22644e-08
0.21 1.4382 0 425.694 1.22024e-08
0.21 1.4382 0 426.696 1.21408e-08
0.21 1.4382 0 427.699 1.20796e-08
0.21 1.4382 0 428.701 1.20187e-08
0.21 1.4382 0 429.704 1.19583e-08
0.21 1.4382 0 430.706 1.18982e-08
0.21 1.4382 0 431.709 1.18385e-08
0.21 1.4382 0 432.711 1.17792e-08
0.21 1.4382 0 433.714 1.17203e-08
0.21 1.4382 0 434.716 1.16617e-08
0.21 1.4382 0 435.719 1.16035e-08
0.21 1.4382 0 436.721 1.15457e-08
0.21 1.4382 0 437.724 1.14883e-08
0.21 1.4382 0 438.726 1.14312e-08
0.21 1.4382 0 439.728 1.13744e-08
0.21 1.4382 0 440.731 1.1318e-08
0.21 1.4382 0 441.733 1.1262e-08
0.21 1.4382 0 442.736 1.12063e-08
0.21 1.4382 0 443.738 1.1151e-08
0.21 1.4382 0 444.741 1.1096e-08
0.21 1.4382 0 445.743 1.10413e-08
0.21 1.4382 0 446.746 1.0987e-08
0.21 1.4382 0 447.748 1.0933e-08
0.21 1.4382 0 448.751 1.08794e-08
0.21 1.4382 0 449.753 1.0826e-08
0.21 1.4382 0 450.756 1.0773e-08
0.21 1.4382 0 451.758 1.07204e-08
0.21 1.4382 0 452.761 1.0668e-08
0.21 1.4382 0 453.763 1.0616e-08
0.21 1.4382 0 454.765 1.05643e-08
0.21 1.4382 0 455.768 1.05129e-08
0.21 1.4382 0 456.77 1.04618e-08
0.21 1.4382 0 457.773 1.0411e-08
0.21 1.4382 0 458.775 1.03605e-08
0.21 1.4382 0 459.778 1.03104e-08
0.21 1.4382 0 460.78 1.02605e-08
0.21 1.4382 0 461.783 1.02109e-08
0.21 1.4382 0 462.785 1.01617e-08
0.21 1.4382 0 463.788 1.01127e-08
0.21 1.4382 0 464.79 1.0064e-08
0.21 1.4382 0 465.793 1.00156e-08
0.21 1.4382 0 466.795 9.96752e-09
0.21 1.4382 0 467.798 9.91971e-09
0.21 1.4382 0 468.8 9.87218e-09
0.21 1.4382 0 469.803 9.82494e-09
0.21 1.4382 0 470.805 9.77797e-09
0.21 1.4382 0 471.807 9.73128e-09
0.21 1.4382 0 472.81 9.68487e-09
0.21 1.4382 0 473.812 9.63873e-09
0.21 1.4382 0 474.815 9.59286e-09
0.21 1.4382 0 475.817 9.54727e-09
0.21 1.4382 0 476.82 9.50194e-09
0.21 1.4382 0 477.822 9.45688e-09
0.21 1.4382 0 478.825 9.41208e-09
0.21 1.4382 0 479.827 9.36754e-09
0.21 1.4382 0 480.83 9.32326e-09
0.21 1.4382 0 481.832 9.27924e-09
0.21 1.4382 0 482.835 9.23548e-09
0.21 1.4382 0 483.837 9.19197e-09
0.21 1.4382 0 484.84 9.14871e-09
0.21 1.4382 0 485.842 9.10571e-09
0.21 1.4382 0 486.844 9.06295e-09
0.21 1.4382 0 487.847 9.02044e-09
0.21 1.4382 0 488.849 8.97817e-09
0.21 1.4382 0 489.852 8.93615e-09
0.21 1.4382 0 490.854 8.89437e-09
0.21 1.4382 0 491.857 8.85283e-09
0.21 1.4382 0 492.859 8.81153e-09
0.21 1.4382 0 493.862 8.77046e-09
0.21 1.4382 0 494.864 8.72963e-09
0.21 1.4382 0 495.867 8.68903e-09
0.21 1.4382 0 496.869 8.64866e-09
0.21 1.4382 0 497.872 8.60853e-09
0.21 1.4382 0 498.874 8.56862e-09
0.21 1.4382 0 499.877 8.52893e-09
0.21 1.4382 0 500.879 8.48948e-09
0.21 1.4382 0 501.882 8.45024e-09
0.21 1.4382 0 502.884 8.41123e-09
0.21 1.4382 0 503.886 8.37244e-09
0.21 1.4382 0 504.889 8.33386e-09
0.21 1.4382 0 505.891 8.29551e-09
0.21 1.4382 0 506.894 8.25736e-09
0.21 1.4382 0 507.896 8.21944e-09
0.21 1.4382 0 508.899 8.18172e-09
0.21 1.4382 0 509.901 8.14422e-09
0.21 1.4382 0 510.904 8.10692e-09
0.21 1.4382 0 511.906 8.06984e-09
0.21 1.4382 0 512.909 8.03296e-09
0.21 1.4382 0 513.911 7.99629e-09
0.21 1.4382 0 514.914 7.95982e-09
0.21 1.4382 0 515.916 7.92355e-09
0.21 1.4382 0 516.919 7.88748e-09
0.21 1.4382 0 517.921 7.85162e-09
0.21 1.4382 0 518.923 7.81595e-09
0.21 1.4382 0 519.926 7.78048e-09
0.21 1.4382 0 520.928 7.7452e-09
0.21 1.4382 0 521.931 7.71012e-09
0.21 1.4382 0 522.933 7.67523e-09
0.21 1.4382 0 523.936 7.64054e-09
0.21 1.4382 0 524.938 7.60603e-09
0.21 1.4382 0 525.941 7.57171e-09
0.21 1.4382 0 526.943 7.53758e-09
0.21 1.4382 0 527.946 7.50364e-09
0.21 1.4382 0 528.948 7.46988e-09
0.21 1.4382 0 529.951 7.43631e-09
0.21 1.4382 0 530.953 7.40292e-09
0.21 1.4382 0 531.956 7.36971e-09
0.21 1.4382 0 532.958 7.33668e-09
0.21 1.4382 0 533.961 7.30383e-09
0.21 1.4382 0 534.963 7.27116e-09
0.21 1.4382 0 535.965 7.23867e-09
0.21 1.4382 0 536.968 7.20635e-09
0.21 1.4382 0 537.97 7.17421e-09
0.21 1.4382 0 538.973 7.14223e-09
0.21 1.4382 0 539.975 7.11044e-09
0.21 1.4382 0 540.978 7.07881e-09
0.21 1.4382 0 541.98 7.04735e-09
0.21 1.4382 0 542.983 7.01606e-09
0.21 1.4382 0 543.985 6.98494e-09
0.21 1.4382 0 544.988 6.95398e-09
0.21 1.4382 0 545.99 6.92319e-09
0.21 1.4382 0 546.993 6.89257e-09
0.21 1.4382 0 547.995 6.86211e-09
0.21 1.4382 0 548.998 6.83181e-09
0.21 1.4382 0 550 6.80167e-09
