1.695 1.4382 0 150.015 2.5779e-06
1.695 1.4382 0 151.017 4.63311e-06
1.695 1.4382 0 152.02 4.72695e-06
1.695 1.4382 0 153.022 4.57455e-06
1.695 1.4382 0 154.025 4.41761e-06
1.695 1.4382 0 155.027 4.2695e-06
1.695 1.4382 0 156.03 4.12934e-06
1.695 1.4382 0 157.032 3.99601e-06
1.695 1.4382 0 158.035 3.86872e-06
1.695 1.4382 0 159.037 3.74691e-06
1.695 1.4382 0 160.04 3.63013e-06
1.695 1.4382 0 161.042 3.51803e-06
1.695 1.4382 0 162.045 3.4103e-06
1.695 1.4382 0 163.047 3.3067e-06
1.695 1.4382 0 164.05 3.20698e-06
1.695 1.4382 0 165.052 3.11094e-06
1.695 1.4382 0 166.054 3.01841e-06
1.695 1.4382 0 167.057 2.92921e-06
1.695 1.4382 0 168.059 2.84318e-06
1.695 1.4382 0 169.062 2.76017e-06
1.695 1.4382 0 170.064 2.68006e-06
1.695 1.4382 0 171.067 2.60272e-06
1.695 1.4382 0 172.069 2.52803e-06
1.695 1.4382 0 173.072 2.45587e-06
1.695 1.4382 0 174.074 2.38614e-06
1.695 1.4382 0 175.077 2.31875e-06
1.695 1.4382 0 176.079 2.25359e-06
1.695 1.4382 0 177.082 2.19058e-06
1.695 1.4382 0 178.084 2.12963e-06
1.695 1.4382 0 179.087 2.07066e-06
1.695 1.4382 0 180.089 2.0136e-06
1.695 1.4382 0 181.092 1.95836e-06
1.695 1.4382 0 182.094 1.90489e-06
1.695 1.4382 0 183.096 1.85312e-06
1.695 1.4382 0 184.099 1.80297e-06
1.695 1.4382 0 185.101 1.75439e-06
1.695 1.4382 0 186.104 1.70733e-06
1.695 1.4382 0 187.106 1.66172e-06
1.695 1.4382 0 188.109 1.61752e-06
1.695 1.4382 0 189.111 1.57467e-06
1.695 1.4382 0 190.114 1.53312e-06
1.695 1.4382 0 191.116 1.49283e-06
1.695 1.4382 0 192.119 1.45375e-06
1.695 1.4382 0 193.121 1.41585e-06
1.695 1.4382 0 194.124 1.37907e-06
1.695 1.4382 0 195.126 1.34338e-06
1.695 1.4382 0 196.129 1.30875e-06
1.695 1.4382 0 197.131 1.27513e-06
1.695 1.4382 0 198.133 1.24249e-06
1.695 1.4382 0 199.136 1.2108e-06
1.695 1.4382 0 200.138 1.18003e-06
1.695 1.4382 0 201.141 1.15014e-06
1.695 1.4382 0 202.143 1.12111e-06
1.695 1.4382 0 203.146 1.0929e-06
1.695 1.4382 0 204.148 1.0655e-06
1.695 1.4382 0 205.151 1.03887e-06
1.695 1.4382 0 206.153 1.01298e-06
1.695 1.4382 0 207.156 9.87824e-07
1.695 1.4382 0 208.158 9.63365e-07
1.695 1.4382 0 209.161 9.39585e-07
1.695 1.4382 0 210.163 9.1646e-07
1.695 1.4382 0 211.166 8.93972e-07
1.695 1.4382 0 212.168 8.72099e-07
1.695 1.4382 0 213.171 8.50823e-07
1.695 1.4382 0 214.173 8.30124e-07
1.695 1.4382 0 215.175 8.09984e-07
1.695 1.4382 0 216.178 7.90387e-07
1.695 1.4382 0 217.18 7.71315e-07
1.695 1.4382 0 218.183 7.52753e-07
1.695 1.4382 0 219.185 7.34684e-07
1.695 1.4382 0 220.188 7.17095e-07
1.695 1.4382 0 221.19 6.9997e-07
1.695 1.4382 0 222.193 6.83296e-07
1.695 1.4382 0 223.195 6.67058e-07
1.695 1.4382 0 224.198 6.51245e-07
1.695 1.4382 0 225.2 6.35843e-07
1.695 1.4382 0 226.203 6.2084e-07
1.695 1.4382 0 227.205 6.06225e-07
1.695 1.4382 0 228.208 5.91986e-07
1.695 1.4382 0 229.21 5.78113e-07
1.695 1.4382 0 230.212 5.64595e-07
1.695 1.4382 0 231.215 5.51421e-07
1.695 1.4382 0 232.217 5.38581e-07
1.695 1.4382 0 233.22 5.26067e-07
1.695 1.4382 0 234.222 5.13869e-07
1.695 1.4382 0 235.225 5.01978e-07
1.695 1.4382 0 236.227 4.90385e-07
1.695 1.4382 0 237.23 4.79082e-07
1.695 1.4382 0 238.232 4.6806e-07
1.695 1.4382 0 239.235 4.57313e-07
1.695 1.4382 0 240.237 4.46832e-07
1.695 1.4382 0 241.24 4.36611e-07
1.695 1.4382 0 242.242 4.26641e-07
1.695 1.4382 0 243.245 4.16916e-07
1.695 1.4382 0 244.247 4.0743e-07
1.695 1.4382 0 245.25 3.98175e-07
1.695 1.4382 0 246.252 3.89146e-07
1.695 1.4382 0 247.254 3.80337e-07
1.695 1.4382 0 248.257 3.71741e-07
1.695 1.4382 0 249.259 3.63353e-07
1.695 1.4382 0 250.262 3.55168e-07
1.695 1.4382 0 251.264 3.47179e-07
1.695 1.4382 0 252.267 3.39383e-07
1.695 1.4382 0 253.269 3.31773e-07
1.695 1.4382 0 254.272 3.24345e-07
1.695 1.4382 0 255.274 3.17094e-07
1.695 1.4382 0 256.277 3.10015e-07
1.695 1.4382 0 257.279 3.03105e-07
1.695 1.4382 0 258.282 2.96358e-07
1.695 1.4382 0 259.284 2.8977e-07
1.695 1.4382 0 260.287 2.83338e-07
1.695 1.4382 0 261.289 2.77057e-07
1.695 1.4382 0 262.291 2.70923e-07
1.695 1.4382 0 263.294 2.64934e-07
1.695 1.4382 0 264.296 2.59084e-07
1.695 1.4382 0 265.299 2.53371e-07
1.695 1.4382 0 266.301 2.4779e-07
1.695 1.4382 0 267.304 2.4234e-07
1.695 1.4382 0 268.306 2.37015e-07
1.695 1.4382 0 269.309 2.31814e-07
1.695 1.4382 0 270.311 2.26734e-07
1.695 1.4382 0 271.314 2.2177e-07
1.695 1.4382 0 272.316 2.16921e-07
1.695 1.4382 0 273.319 2.12183e-07
1.695 1.4382 0 274.321 2.07554e-07
1.695 1.4382 0 275.324 2.03031e-07
1.695 1.4382 0 276.326 1.98611e-07
1.695 1.4382 0 277.329 1.94292e-07
1.695 1.4382 0 278.331 1.90072e-07
1.695 1.4382 0 279.333 1.85947e-07
1.695 1.4382 0 280.336 1.81916e-07
1.695 1.4382 0 281.338 1.77977e-07
1.695 1.4382 0 282.341 1.74127e-07
1.695 1.4382 0 283.343 1.70364e-07
1.695 1.4382 0 284.346 1.66685e-07
1.695 1.4382 0 285.348 1.6309e-07
1.695 1.4382 0 286.351 1.59576e-07
1.695 1.4382 0 287.353 1.5614e-07
1.695 1.4382 0 288.356 1.52782e-07
1.695 1.4382 0 289.358 1.49499e-07
1.695 1.4382 0 290.361 1.46289e-07
1.695 1.4382 0 291.363 1.43152e-07
1.695 1.4382 0 292.366 1.40084e-07
1.695 1.4382 0 293.368 1.37084e-07
1.695 1.4382 0 294.37 1.34152e-07
1.695 1.4382 0 295.373 1.31284e-07
1.695 1.4382 0 296.375 1.2848e-07
1.695 1.4382 0 297.378 1.25738e-07
1.695 1.4382 0 298.38 1.23057e-07
1.695 1.4382 0 299.383 1.20436e-07
1.695 1.4382 0 300.385 1.17872e-07
1.695 1.4382 0 301.388 1.15365e-07
1.695 1.4382 0 302.39 1.12913e-07
1.695 1.4382 0 303.393 1.10515e-07
1.695 1.4382 0 304.395 1.0817e-07
1.695 1.4382 0 305.398 1.05876e-07
1.695 1.4382 0 306.4 1.03633e-07
1.695 1.4382 0 307.403 1.01438e-07
1.695 1.4382 0 308.405 9.9292e-08
1.695 1.4382 0 309.408 9.71928e-08
1.695 1.4382 0 310.41 9.51393e-08
1.695 1.4382 0 311.412 9.31307e-08
1.695 1.4382 0 312.415 9.11659e-08
1.695 1.4382 0 313.417 8.92438e-08
1.695 1.4382 0 314.42 8.73636e-08
1.695 1.4382 0 315.422 8.55242e-08
1.695 1.4382 0 316.425 8.37247e-08
1.695 1.4382 0 317.427 8.19643e-08
1.695 1.4382 0 318.43 8.02421e-08
1.695 1.4382 0 319.432 7.85571e-08
1.695 1.4382 0 320.435 7.69085e-08
1.695 1.4382 0 321.437 7.52956e-08
1.695 1.4382 0 322.44 7.37175e-08
1.695 1.4382 0 323.442 7.21735e-08
1.695 1.4382 0 324.445 7.06627e-08
1.695 1.4382 0 325.447 6.91845e-08
1.695 1.4382 0 326.449 6.7738e-08
1.695 1.4382 0 327.452 6.63227e-08
1.695 1.4382 0 328.454 6.49377e-08
1.695 1.4382 0 329.457 6.35825e-08
1.695 1.4382 0 330.459 6.22563e-08
1.695 1.4382 0 331.462 6.09585e-08
1.695 1.4382 0 332.464 5.96885e-08
1.695 1.4382 0 333.467 5.84457e-08
1.695 1.4382 0 334.469 5.72294e-08
1.695 1.4382 0 335.472 5.60391e-08
1.695 1.4382 0 336.474 5.48742e-08
1.695 1.4382 0 337.477 5.37342e-08
1.695 1.4382 0 338.479 5.26184e-08
1.695 1.4382 0 339.482 5.15264e-08
1.695 1.4382 0 340.484 5.04576e-08
1.695 1.4382 0 341.487 4.94115e-08
1.695 1.4382 0 342.489 4.83877e-08
1.695 1.4382 0 343.491 4.73856e-08
1.695 1.4382 0 344.494 4.64047e-08
1.695 1.4382 0 345.496 4.54446e-08
1.695 1.4382 0 346.499 4.45049e-08
1.695 1.4382 0 347.501 4.35851e-08
1.695 1.4382 0 348.504 4.26847e-08
1.695 1.4382 0 349.506 4.18034e-08
1.695 1.4382 0 350.509 4.09406e-08
1.695 1.4382 0 351.511 4.00961e-08
1.695 1.4382 0 352.514 3.92694e-08
1.695 1.4382 0 353.516 3.84602e-08
1.695 1.4382 0 354.519 3.7668e-08
1.695 1.4382 0 355.521 3.68924e-08
1.695 1.4382 0 356.524 3.61332e-08
1.695 1.4382 0 357.526 3.539e-08
1.695 1.4382 0 358.528 3.46624e-08
1.695 1.4382 0 359.531 3.395e-08
1.695 1.4382 0 360.533 3.32526e-08
1.695 1.4382 0 361.536 3.25699e-08
1.695 1.4382 0 362.538 3.19014e-08
1.695 1.4382 0 363.541 3.1247e-08
1.695 1.4382 0 364.543 3.06063e-08
1.695 1.4382 0 365.546 2.99789e-08
1.695 1.4382 0 366.548 2.93647e-08
1.695 1.4382 0 367.551 2.87634e-08
1.695 1.4382 0 368.553 2.81746e-08
1.695 1.4382 0 369.556 2.75981e-08
1.695 1.4382 0 370.558 2.70336e-08
1.695 1.4382 0 371.561 2.64809e-08
1.695 1.4382 0 372.563 2.59398e-08
1.695 1.4382 0 373.566 2.54099e-08
1.695 1.4382 0 374.568 2.4891e-08
1.695 1.4382 0 375.57 2.4383e-08
1.695 1.4382 0 376.573 2.38855e-08
1.695 1.4382 0 377.575 2.33983e-08
1.695 1.4382 0 378.578 2.29213e-08
1.695 1.4382 0 379.58 2.24542e-08
1.695 1.4382 0 380.583 2.19968e-08
1.695 1.4382 0 381.585 2.15488e-08
1.695 1.4382 0 382.588 2.11102e-08
1.695 1.4382 0 383.59 2.06807e-08
1.695 1.4382 0 384.593 2.026e-08
1.695 1.4382 0 385.595 1.98481e-08
1.695 1.4382 0 386.598 1.94447e-08
1.695 1.4382 0 387.6 1.90496e-08
1.695 1.4382 0 388.603 1.86627e-08
1.695 1.4382 0 389.605 1.82838e-08
1.695 1.4382 0 390.607 1.79128e-08
1.695 1.4382 0 391.61 1.75494e-08
1.695 1.4382 0 392.612 1.71935e-08
1.695 1.4382 0 393.615 1.68449e-08
1.695 1.4382 0 394.617 1.65035e-08
1.695 1.4382 0 395.62 1.61692e-08
1.695 1.4382 0 396.622 1.58418e-08
1.695 1.4382 0 397.625 1.55211e-08
1.695 1.4382 0 398.627 1.5207e-08
1.695 1.4382 0 399.63 1.48993e-08
1.695 1.4382 0 400.632 1.4598e-08
1.695 1.4382 0 401.635 1.43029e-08
1.695 1.4382 0 402.637 1.40138e-08
1.695 1.4382 0 403.64 1.37307e-08
1.695 1.4382 0 404.642 1.34534e-08
1.695 1.4382 0 405.645 1.31818e-08
1.695 1.4382 0 406.647 1.29157e-08
1.695 1.4382 0 407.649 1.26552e-08
1.695 1.4382 0 408.652 1.23999e-08
1.695 1.4382 0 409.654 1.21499e-08
1.695 1.4382 0 410.657 1.1905e-08
1.695 1.4382 0 411.659 1.16651e-08
1.695 1.4382 0 412.662 1.14301e-08
1.695 1.4382 0 413.664 1.12e-08
1.695 1.4382 0 414.667 1.09745e-08
1.695 1.4382 0 415.669 1.07537e-08
1.695 1.4382 0 416.672 1.05373e-08
1.695 1.4382 0 417.674 1.03254e-08
1.695 1.4382 0 418.677 1.01178e-08
1.695 1.4382 0 419.679 9.91443e-09
1.695 1.4382 0 420.682 9.71522e-09
1.695 1.4382 0 421.684 9.52007e-09
1.695 1.4382 0 422.686 9.32889e-09
1.695 1.4382 0 423.689 9.14162e-09
1.695 1.4382 0 424.691 8.95815e-09
1.695 1.4382 0 425.694 8.77843e-09
1.695 1.4382 0 426.696 8.60236e-09
1.695 1.4382 0 427.699 8.42987e-09
1.695 1.4382 0 428.701 8.26089e-09
1.695 1.4382 0 429.704 8.09535e-09
1.695 1.4382 0 430.706 7.93317e-09
1.695 1.4382 0 431.709 7.77428e-09
1.695 1.4382 0 432.711 7.61863e-09
1.695 1.4382 0 433.714 7.46613e-09
1.695 1.4382 0 434.716 7.31673e-09
1.695 1.4382 0 435.719 7.17035e-09
1.695 1.4382 0 436.721 7.02695e-09
1.695 1.4382 0 437.724 6.88646e-09
1.695 1.4382 0 438.726 6.74881e-09
1.695 1.4382 0 439.728 6.61395e-09
1.695 1.4382 0 440.731 6.48182e-09
1.695 1.4382 0 441.733 6.35237e-09
1.695 1.4382 0 442.736 6.22553e-09
1.695 1.4382 0 443.738 6.10127e-09
1.695 1.4382 0 444.741 5.97951e-09
1.695 1.4382 0 445.743 5.86022e-09
1.695 1.4382 0 446.746 5.74334e-09
1.695 1.4382 0 447.748 5.62882e-09
1.695 1.4382 0 448.751 5.51662e-09
1.695 1.4382 0 449.753 5.40668e-09
1.695 1.4382 0 450.756 5.29896e-09
1.695 1.4382 0 451.758 5.19341e-09
1.695 1.4382 0 452.761 5.08999e-09
1.695 1.4382 0 453.763 4.98866e-09
1.695 1.4382 0 454.765 4.88937e-09
1.695 1.4382 0 455.768 4.79208e-09
1.695 1.4382 0 456.77 4.69676e-09
1.695 1.4382 0 457.773 4.60335e-09
1.695 1.4382 0 458.775 4.51182e-09
1.695 1.4382 0 459.778 4.42214e-09
1.695 1.4382 0 460.78 4.33426e-09
1.695 1.4382 0 461.783 4.24815e-09
1.695 1.4382 0 462.785 4.16377e-09
1.695 1.4382 0 463.788 4.08108e-09
1.695 1.4382 0 464.79 4.00006e-09
1.695 1.4382 0 465.793 3.92067e-09
1.695 1.4382 0 466.795 3.84287e-09
1.695 1.4382 0 467.798 3.76663e-09
1.695 1.4382 0 468.8 3.69193e-09
1.695 1.4382 0 469.803 3.61872e-09
1.695 1.4382 0 470.805 3.54698e-09
1.695 1.4382 0 471.807 3.47668e-09
1.695 1.4382 0 472.81 3.40779e-09
1.695 1.4382 0 473.812 3.34028e-09
1.695 1.4382 0 474.815 3.27413e-09
1.695 1.4382 0 475.817 3.2093e-09
1.695 1.4382 0 476.82 3.14577e-09
1.695 1.4382 0 477.822 3.08351e-09
1.695 1.4382 0 478.825 3.0225e-09
1.695 1.4382 0 479.827 2.9627e-09
1.695 1.4382 0 480.83 2.90411e-09
1.695 1.4382 0 481.832 2.84668e-09
1.695 1.4382 0 482.835 2.79041e-09
1.695 1.4382 0 483.837 2.73526e-09
1.695 1.4382 0 484.84 2.68121e-09
1.695 1.4382 0 485.842 2.62824e-09
1.695 1.4382 0 486.844 2.57633e-09
1.695 1.4382 0 487.847 2.52546e-09
1.695 1.4382 0 488.849 2.4756e-09
1.695 1.4382 0 489.852 2.42674e-09
1.695 1.4382 0 490.854 2.37885e-09
1.695 1.4382 0 491.857 2.33192e-09
1.695 1.4382 0 492.859 2.28592e-09
1.695 1.4382 0 493.862 2.24084e-09
1.695 1.4382 0 494.864 2.19666e-09
1.695 1.4382 0 495.867 2.15336e-09
1.695 1.4382 0 496.869 2.11092e-09
1.695 1.4382 0 497.872 2.06933e-09
1.695 1.4382 0 498.874 2.02857e-09
1.695 1.4382 0 499.877 1.98861e-09
1.695 1.4382 0 500.879 1.94945e-09
1.695 1.4382 0 501.882 1.91108e-09
1.695 1.4382 0 502.884 1.87346e-09
1.695 1.4382 0 503.886 1.83659e-09
1.695 1.4382 0 504.889 1.80046e-09
1.695 1.4382 0 505.891 1.76504e-09
1.695 1.4382 0 506.894 1.73033e-09
1.695 1.4382 0 507.896 1.69631e-09
1.695 1.4382 0 508.899 1.66296e-09
1.695 1.4382 0 509.901 1.63028e-09
1.695 1.4382 0 510.904 1.59824e-09
1.695 1.4382 0 511.906 1.56684e-09
1.695 1.4382 0 512.909 1.53607e-09
1.695 1.4382 0 513.911 1.5059e-09
1.695 1.4382 0 514.914 1.47633e-09
1.695 1.4382 0 515.916 1.44735e-09
1.695 1.4382 0 516.919 1.41895e-09
1.695 1.4382 0 517.921 1.3911e-09
1.695 1.4382 0 518.923 1.36381e-09
1.695 1.4382 0 519.926 1.33706e-09
1.695 1.4382 0 520.928 1.31084e-09
1.695 1.4382 0 521.931 1.28514e-09
1.695 1.4382 0 522.933 1.25994e-09
1.695 1.4382 0 523.936 1.23525e-09
1.695 1.4382 0 524.938 1.21104e-09
1.695 1.4382 0 525.941 1.18732e-09
1.695 1.4382 0 526.943 1.16406e-09
1.695 1.4382 0 527.946 1.14126e-09
1.695 1.4382 0 528.948 1.11891e-09
1.695 1.4382 0 529.951 1.09701e-09
1.695 1.4382 0 530.953 1.07553e-09
1.695 1.4382 0 531.956 1.05449e-09
1.695 1.4382 0 532.958 1.03385e-09
1.695 1.4382 0 533.961 1.01363e-09
1.695 1.4382 0 534.963 9.93803e-10
1.695 1.4382 0 535.965 9.74369e-10
1.695 1.4382 0 536.968 9.55318e-10
1.695 1.4382 0 537.97 9.36644e-10
1.695 1.4382 0 538.973 9.18337e-10
1.695 1.4382 0 539.975 9.00392e-10
1.695 1.4382 0 540.978 8.828e-10
1.695 1.4382 0 541.98 8.65556e-10
1.695 1.4382 0 542.983 8.48651e-10
1.695 1.4382 0 543.985 8.32079e-10
1.695 1.4382 0 544.988 8.15834e-10
1.695 1.4382 0 545.99 7.99909e-10
1.695 1.4382 0 546.993 7.84298e-10
1.695 1.4382 0 547.995 7.68994e-10
1.695 1.4382 0 548.998 7.53991e-10
1.695 1.4382 0 550 7.39283e-10
