2.815 1.4382 0 150.015 1.69366e-05
2.815 1.4382 0 151.017 2.9002e-05
2.815 1.4382 0 152.02 2.97754e-05
2.815 1.4382 0 153.022 2.81131e-05
2.815 1.4382 0 154.025 2.63137e-05
2.815 1.4382 0 155.027 2.46323e-05
2.815 1.4382 0 156.03 2.30809e-05
2.815 1.4382 0 157.032 2.16483e-05
2.815 1.4382 0 158.035 2.0323e-05
2.815 1.4382 0 159.037 1.90952e-05
2.815 1.4382 0 160.04 1.79562e-05
2.815 1.4382 0 161.042 1.68981e-05
2.815 1.4382 0 162.045 1.59143e-05
2.815 1.4382 0 163.047 1.49985e-05
2.815 1.4382 0 164.05 1.41452e-05
2.815 1.4382 0 165.052 1.33493e-05
2.815 1.4382 0 166.054 1.26065e-05
2.815 1.4382 0 167.057 1.19125e-05
2.815 1.4382 0 168.059 1.12636e-05
2.815 1.4382 0 169.062 1.06564e-05
2.815 1.4382 0 170.064 1.00878e-05
2.815 1.4382 0 171.067 9.55492e-06
2.815 1.4382 0 172.069 9.05513e-06
2.815 1.4382 0 173.072 8.58605e-06
2.815 1.4382 0 174.074 8.14549e-06
2.815 1.4382 0 175.077 7.73143e-06
2.815 1.4382 0 176.079 7.34202e-06
2.815 1.4382 0 177.082 6.97556e-06
2.815 1.4382 0 178.084 6.63046e-06
2.815 1.4382 0 179.087 6.30529e-06
2.815 1.4382 0 180.089 5.99871e-06
2.815 1.4382 0 181.092 5.70947e-06
2.815 1.4382 0 182.094 5.43645e-06
2.815 1.4382 0 183.096 5.17858e-06
2.815 1.4382 0 184.099 4.93489e-06
2.815 1.4382 0 185.101 4.70447e-06
2.815 1.4382 0 186.104 4.48649e-06
2.815 1.4382 0 187.106 4.28017e-06
2.815 1.4382 0 188.109 4.08478e-06
2.815 1.4382 0 189.111 3.89965e-06
2.815 1.4382 0 190.114 3.72416e-06
2.815 1.4382 0 191.116 3.55774e-06
2.815 1.4382 0 192.119 3.39982e-06
2.815 1.4382 0 193.121 3.24993e-06
2.815 1.4382 0 194.124 3.10757e-06
2.815 1.4382 0 195.126 2.97233e-06
2.815 1.4382 0 196.129 2.84378e-06
2.815 1.4382 0 197.131 2.72154e-06
2.815 1.4382 0 198.133 2.60527e-06
2.815 1.4382 0 199.136 2.49462e-06
2.815 1.4382 0 200.138 2.38928e-06
2.815 1.4382 0 201.141 2.28896e-06
2.815 1.4382 0 202.143 2.19338e-06
2.815 1.4382 0 203.146 2.1023e-06
2.815 1.4382 0 204.148 2.01546e-06
2.815 1.4382 0 205.151 1.93264e-06
2.815 1.4382 0 206.153 1.85364e-06
2.815 1.4382 0 207.156 1.77824e-06
2.815 1.4382 0 208.158 1.70626e-06
2.815 1.4382 0 209.161 1.63753e-06
2.815 1.4382 0 210.163 1.57187e-06
2.815 1.4382 0 211.166 1.50914e-06
2.815 1.4382 0 212.168 1.44919e-06
2.815 1.4382 0 213.171 1.39187e-06
2.815 1.4382 0 214.173 1.33705e-06
2.815 1.4382 0 215.175 1.28462e-06
2.815 1.4382 0 216.178 1.23445e-06
2.815 1.4382 0 217.18 1.18644e-06
2.815 1.4382 0 218.183 1.14048e-06
2.815 1.4382 0 219.185 1.09647e-06
2.815 1.4382 0 220.188 1.05433e-06
2.815 1.4382 0 221.19 1.01395e-06
2.815 1.4382 0 222.193 9.75262e-07
2.815 1.4382 0 223.195 9.38184e-07
2.815 1.4382 0 224.198 9.02642e-07
2.815 1.4382 0 225.2 8.68563e-07
2.815 1.4382 0 226.203 8.35883e-07
2.815 1.4382 0 227.205 8.04536e-07
2.815 1.4382 0 228.208 7.74462e-07
2.815 1.4382 0 229.21 7.45605e-07
2.815 1.4382 0 230.212 7.17909e-07
2.815 1.4382 0 231.215 6.91324e-07
2.815 1.4382 0 232.217 6.658e-07
2.815 1.4382 0 233.22 6.4129e-07
2.815 1.4382 0 234.222 6.1775e-07
2.815 1.4382 0 235.225 5.95139e-07
2.815 1.4382 0 236.227 5.73415e-07
2.815 1.4382 0 237.23 5.52541e-07
2.815 1.4382 0 238.232 5.32481e-07
2.815 1.4382 0 239.235 5.13199e-07
2.815 1.4382 0 240.237 4.94662e-07
2.815 1.4382 0 241.24 4.7684e-07
2.815 1.4382 0 242.242 4.59703e-07
2.815 1.4382 0 243.245 4.43221e-07
2.815 1.4382 0 244.247 4.27368e-07
2.815 1.4382 0 245.25 4.12117e-07
2.815 1.4382 0 246.252 3.97444e-07
2.815 1.4382 0 247.254 3.83325e-07
2.815 1.4382 0 248.257 3.69737e-07
2.815 1.4382 0 249.259 3.5666e-07
2.815 1.4382 0 250.262 3.44071e-07
2.815 1.4382 0 251.264 3.31952e-07
2.815 1.4382 0 252.267 3.20284e-07
2.815 1.4382 0 253.269 3.09048e-07
2.815 1.4382 0 254.272 2.98228e-07
2.815 1.4382 0 255.274 2.87807e-07
2.815 1.4382 0 256.277 2.77768e-07
2.815 1.4382 0 257.279 2.68098e-07
2.815 1.4382 0 258.282 2.58782e-07
2.815 1.4382 0 259.284 2.49805e-07
2.815 1.4382 0 260.287 2.41156e-07
2.815 1.4382 0 261.289 2.3282e-07
2.815 1.4382 0 262.291 2.24786e-07
2.815 1.4382 0 263.294 2.17042e-07
2.815 1.4382 0 264.296 2.09577e-07
2.815 1.4382 0 265.299 2.0238e-07
2.815 1.4382 0 266.301 1.95442e-07
2.815 1.4382 0 267.304 1.88752e-07
2.815 1.4382 0 268.306 1.82301e-07
2.815 1.4382 0 269.309 1.76079e-07
2.815 1.4382 0 270.311 1.70079e-07
2.815 1.4382 0 271.314 1.64292e-07
2.815 1.4382 0 272.316 1.5871e-07
2.815 1.4382 0 273.319 1.53325e-07
2.815 1.4382 0 274.321 1.4813e-07
2.815 1.4382 0 275.324 1.43117e-07
2.815 1.4382 0 276.326 1.38281e-07
2.815 1.4382 0 277.329 1.33615e-07
2.815 1.4382 0 278.331 1.29111e-07
2.815 1.4382 0 279.333 1.24765e-07
2.815 1.4382 0 280.336 1.20571e-07
2.815 1.4382 0 281.338 1.16523e-07
2.815 1.4382 0 282.341 1.12615e-07
2.815 1.4382 0 283.343 1.08843e-07
2.815 1.4382 0 284.346 1.05201e-07
2.815 1.4382 0 285.348 1.01686e-07
2.815 1.4382 0 286.351 9.82915e-08
2.815 1.4382 0 287.353 9.50143e-08
2.815 1.4382 0 288.356 9.18498e-08
2.815 1.4382 0 289.358 8.8794e-08
2.815 1.4382 0 290.361 8.58431e-08
2.815 1.4382 0 291.363 8.29932e-08
2.815 1.4382 0 292.366 8.02409e-08
2.815 1.4382 0 293.368 7.75825e-08
2.815 1.4382 0 294.37 7.50148e-08
2.815 1.4382 0 295.373 7.25345e-08
2.815 1.4382 0 296.375 7.01386e-08
2.815 1.4382 0 297.378 6.78241e-08
2.815 1.4382 0 298.38 6.55881e-08
2.815 1.4382 0 299.383 6.34278e-08
2.815 1.4382 0 300.385 6.13406e-08
2.815 1.4382 0 301.388 5.93239e-08
2.815 1.4382 0 302.39 5.73752e-08
2.815 1.4382 0 303.393 5.54923e-08
2.815 1.4382 0 304.395 5.36727e-08
2.815 1.4382 0 305.398 5.19143e-08
2.815 1.4382 0 306.4 5.02149e-08
2.815 1.4382 0 307.403 4.85725e-08
2.815 1.4382 0 308.405 4.69852e-08
2.815 1.4382 0 309.408 4.5451e-08
2.815 1.4382 0 310.41 4.3968e-08
2.815 1.4382 0 311.412 4.25346e-08
2.815 1.4382 0 312.415 4.1149e-08
2.815 1.4382 0 313.417 3.98095e-08
2.815 1.4382 0 314.42 3.85146e-08
2.815 1.4382 0 315.422 3.72628e-08
2.815 1.4382 0 316.425 3.60526e-08
2.815 1.4382 0 317.427 3.48825e-08
2.815 1.4382 0 318.43 3.37512e-08
2.815 1.4382 0 319.432 3.26573e-08
2.815 1.4382 0 320.435 3.15997e-08
2.815 1.4382 0 321.437 3.0577e-08
2.815 1.4382 0 322.44 2.95881e-08
2.815 1.4382 0 323.442 2.86318e-08
2.815 1.4382 0 324.445 2.7707e-08
2.815 1.4382 0 325.447 2.68126e-08
2.815 1.4382 0 326.449 2.59477e-08
2.815 1.4382 0 327.452 2.51113e-08
2.815 1.4382 0 328.454 2.43023e-08
2.815 1.4382 0 329.457 2.35198e-08
2.815 1.4382 0 330.459 2.2763e-08
2.815 1.4382 0 331.462 2.2031e-08
2.815 1.4382 0 332.464 2.1323e-08
2.815 1.4382 0 333.467 2.06381e-08
2.815 1.4382 0 334.469 1.99756e-08
2.815 1.4382 0 335.472 1.93347e-08
2.815 1.4382 0 336.474 1.87147e-08
2.815 1.4382 0 337.477 1.8115e-08
2.815 1.4382 0 338.479 1.75348e-08
2.815 1.4382 0 339.482 1.69735e-08
2.815 1.4382 0 340.484 1.64304e-08
2.815 1.4382 0 341.487 1.5905e-08
2.815 1.4382 0 342.489 1.53967e-08
2.815 1.4382 0 343.491 1.49049e-08
2.815 1.4382 0 344.494 1.4429e-08
2.815 1.4382 0 345.496 1.39685e-08
2.815 1.4382 0 346.499 1.3523e-08
2.815 1.4382 0 347.501 1.30919e-08
2.815 1.4382 0 348.504 1.26747e-08
2.815 1.4382 0 349.506 1.22711e-08
2.815 1.4382 0 350.509 1.18804e-08
2.815 1.4382 0 351.511 1.15024e-08
2.815 1.4382 0 352.514 1.11366e-08
2.815 1.4382 0 353.516 1.07826e-08
2.815 1.4382 0 354.519 1.044e-08
2.815 1.4382 0 355.521 1.01084e-08
2.815 1.4382 0 356.524 9.78748e-09
2.815 1.4382 0 357.526 9.4769e-09
2.815 1.4382 0 358.528 9.17631e-09
2.815 1.4382 0 359.531 8.88537e-09
2.815 1.4382 0 360.533 8.60378e-09
2.815 1.4382 0 361.536 8.33123e-09
2.815 1.4382 0 362.538 8.06742e-09
2.815 1.4382 0 363.541 7.81207e-09
2.815 1.4382 0 364.543 7.5649e-09
2.815 1.4382 0 365.546 7.32565e-09
2.815 1.4382 0 366.548 7.09405e-09
2.815 1.4382 0 367.551 6.86987e-09
2.815 1.4382 0 368.553 6.65285e-09
2.815 1.4382 0 369.556 6.44277e-09
2.815 1.4382 0 370.558 6.2394e-09
2.815 1.4382 0 371.561 6.04252e-09
2.815 1.4382 0 372.563 5.85193e-09
2.815 1.4382 0 373.566 5.66742e-09
2.815 1.4382 0 374.568 5.48878e-09
2.815 1.4382 0 375.57 5.31585e-09
2.815 1.4382 0 376.573 5.14841e-09
2.815 1.4382 0 377.575 4.98631e-09
2.815 1.4382 0 378.578 4.82937e-09
2.815 1.4382 0 379.58 4.67742e-09
2.815 1.4382 0 380.583 4.5303e-09
2.815 1.4382 0 381.585 4.38786e-09
2.815 1.4382 0 382.588 4.24994e-09
2.815 1.4382 0 383.59 4.1164e-09
2.815 1.4382 0 384.593 3.98709e-09
2.815 1.4382 0 385.595 3.86189e-09
2.815 1.4382 0 386.598 3.74066e-09
2.815 1.4382 0 387.6 3.62327e-09
2.815 1.4382 0 388.603 3.50961e-09
2.815 1.4382 0 389.605 3.39954e-09
2.815 1.4382 0 390.607 3.29295e-09
2.815 1.4382 0 391.61 3.18974e-09
2.815 1.4382 0 392.612 3.0898e-09
2.815 1.4382 0 393.615 2.99301e-09
2.815 1.4382 0 394.617 2.89928e-09
2.815 1.4382 0 395.62 2.80852e-09
2.815 1.4382 0 396.622 2.72062e-09
2.815 1.4382 0 397.625 2.6355e-09
2.815 1.4382 0 398.627 2.55306e-09
2.815 1.4382 0 399.63 2.47322e-09
2.815 1.4382 0 400.632 2.39591e-09
2.815 1.4382 0 401.635 2.32103e-09
2.815 1.4382 0 402.637 2.24851e-09
2.815 1.4382 0 403.64 2.17827e-09
2.815 1.4382 0 404.642 2.11025e-09
2.815 1.4382 0 405.645 2.04436e-09
2.815 1.4382 0 406.647 1.98055e-09
2.815 1.4382 0 407.649 1.91875e-09
2.815 1.4382 0 408.652 1.8589e-09
2.815 1.4382 0 409.654 1.80092e-09
2.815 1.4382 0 410.657 1.74477e-09
2.815 1.4382 0 411.659 1.69038e-09
2.815 1.4382 0 412.662 1.6377e-09
2.815 1.4382 0 413.664 1.58667e-09
2.815 1.4382 0 414.667 1.53725e-09
2.815 1.4382 0 415.669 1.48937e-09
2.815 1.4382 0 416.672 1.443e-09
2.815 1.4382 0 417.674 1.39809e-09
2.815 1.4382 0 418.677 1.35458e-09
2.815 1.4382 0 419.679 1.31243e-09
2.815 1.4382 0 420.682 1.27161e-09
2.815 1.4382 0 421.684 1.23206e-09
2.815 1.4382 0 422.686 1.19375e-09
2.815 1.4382 0 423.689 1.15664e-09
2.815 1.4382 0 424.691 1.1207e-09
2.815 1.4382 0 425.694 1.08588e-09
2.815 1.4382 0 426.696 1.05214e-09
2.815 1.4382 0 427.699 1.01947e-09
2.815 1.4382 0 428.701 9.87809e-10
2.815 1.4382 0 429.704 9.57142e-10
2.815 1.4382 0 430.706 9.27434e-10
2.815 1.4382 0 431.709 8.98653e-10
2.815 1.4382 0 432.711 8.70772e-10
2.815 1.4382 0 433.714 8.4376e-10
2.815 1.4382 0 434.716 8.17592e-10
2.815 1.4382 0 435.719 7.92241e-10
2.815 1.4382 0 436.721 7.67681e-10
2.815 1.4382 0 437.724 7.43886e-10
2.815 1.4382 0 438.726 7.20834e-10
2.815 1.4382 0 439.728 6.985e-10
2.815 1.4382 0 440.731 6.76862e-10
2.815 1.4382 0 441.733 6.55899e-10
2.815 1.4382 0 442.736 6.35589e-10
2.815 1.4382 0 443.738 6.15911e-10
2.815 1.4382 0 444.741 5.96846e-10
2.815 1.4382 0 445.743 5.78374e-10
2.815 1.4382 0 446.746 5.60478e-10
2.815 1.4382 0 447.748 5.43138e-10
2.815 1.4382 0 448.751 5.26338e-10
2.815 1.4382 0 449.753 5.1006e-10
2.815 1.4382 0 450.756 4.94289e-10
2.815 1.4382 0 451.758 4.79007e-10
2.815 1.4382 0 452.761 4.64201e-10
2.815 1.4382 0 453.763 4.49855e-10
2.815 1.4382 0 454.765 4.35955e-10
2.815 1.4382 0 455.768 4.22486e-10
2.815 1.4382 0 456.77 4.09436e-10
2.815 1.4382 0 457.773 3.96791e-10
2.815 1.4382 0 458.775 3.84538e-10
2.815 1.4382 0 459.778 3.72666e-10
2.815 1.4382 0 460.78 3.61162e-10
2.815 1.4382 0 461.783 3.50015e-10
2.815 1.4382 0 462.785 3.39214e-10
2.815 1.4382 0 463.788 3.28748e-10
2.815 1.4382 0 464.79 3.18606e-10
2.815 1.4382 0 465.793 3.08778e-10
2.815 1.4382 0 466.795 2.99256e-10
2.815 1.4382 0 467.798 2.90028e-10
2.815 1.4382 0 468.8 2.81086e-10
2.815 1.4382 0 469.803 2.72422e-10
2.815 1.4382 0 470.805 2.64025e-10
2.815 1.4382 0 471.807 2.55889e-10
2.815 1.4382 0 472.81 2.48004e-10
2.815 1.4382 0 473.812 2.40364e-10
2.815 1.4382 0 474.815 2.3296e-10
2.815 1.4382 0 475.817 2.25785e-10
2.815 1.4382 0 476.82 2.18832e-10
2.815 1.4382 0 477.822 2.12094e-10
2.815 1.4382 0 478.825 2.05565e-10
2.815 1.4382 0 479.827 1.99237e-10
2.815 1.4382 0 480.83 1.93105e-10
2.815 1.4382 0 481.832 1.87163e-10
2.815 1.4382 0 482.835 1.81404e-10
2.815 1.4382 0 483.837 1.75823e-10
2.815 1.4382 0 484.84 1.70415e-10
2.815 1.4382 0 485.842 1.65173e-10
2.815 1.4382 0 486.844 1.60094e-10
2.815 1.4382 0 487.847 1.55171e-10
2.815 1.4382 0 488.849 1.50401e-10
2.815 1.4382 0 489.852 1.45777e-10
2.815 1.4382 0 490.854 1.41297e-10
2.815 1.4382 0 491.857 1.36954e-10
2.815 1.4382 0 492.859 1.32746e-10
2.815 1.4382 0 493.862 1.28667e-10
2.815 1.4382 0 494.864 1.24715e-10
2.815 1.4382 0 495.867 1.20884e-10
2.815 1.4382 0 496.869 1.17171e-10
2.815 1.4382 0 497.872 1.13573e-10
2.815 1.4382 0 498.874 1.10086e-10
2.815 1.4382 0 499.877 1.06706e-10
2.815 1.4382 0 500.879 1.0343e-10
2.815 1.4382 0 501.882 1.00255e-10
2.815 1.4382 0 502.884 9.71785e-11
2.815 1.4382 0 503.886 9.41964e-11
2.815 1.4382 0 504.889 9.13061e-11
2.815 1.4382 0 505.891 8.85049e-11
2.815 1.4382 0 506.894 8.57899e-11
2.815 1.4382 0 507.896 8.31584e-11
2.815 1.4382 0 508.899 8.0608e-11
2.815 1.4382 0 509.901 7.81361e-11
2.815 1.4382 0 510.904 7.57403e-11
2.815 1.4382 0 511.906 7.34181e-11
2.815 1.4382 0 512.909 7.11675e-11
2.815 1.4382 0 513.911 6.8986e-11
2.815 1.4382 0 514.914 6.68717e-11
2.815 1.4382 0 515.916 6.48224e-11
2.815 1.4382 0 516.919 6.28361e-11
2.815 1.4382 0 517.921 6.09109e-11
2.815 1.4382 0 518.923 5.90448e-11
2.815 1.4382 0 519.926 5.72361e-11
2.815 1.4382 0 520.928 5.5483e-11
2.815 1.4382 0 521.931 5.37838e-11
2.815 1.4382 0 522.933 5.21368e-11
2.815 1.4382 0 523.936 5.05404e-11
2.815 1.4382 0 524.938 4.89931e-11
2.815 1.4382 0 525.941 4.74932e-11
2.815 1.4382 0 526.943 4.60395e-11
2.815 1.4382 0 527.946 4.46303e-11
2.815 1.4382 0 528.948 4.32645e-11
2.815 1.4382 0 529.951 4.19405e-11
2.815 1.4382 0 530.953 4.06573e-11
2.815 1.4382 0 531.956 3.94134e-11
2.815 1.4382 0 532.958 3.82076e-11
2.815 1.4382 0 533.961 3.70389e-11
2.815 1.4382 0 534.963 3.5906e-11
2.815 1.4382 0 535.965 3.48079e-11
2.815 1.4382 0 536.968 3.37435e-11
2.815 1.4382 0 537.97 3.27117e-11
2.815 1.4382 0 538.973 3.17116e-11
2.815 1.4382 0 539.975 3.07421e-11
2.815 1.4382 0 540.978 2.98024e-11
2.815 1.4382 0 541.98 2.88915e-11
2.815 1.4382 0 542.983 2.80085e-11
2.815 1.4382 0 543.985 2.71525e-11
2.815 1.4382 0 544.988 2.63228e-11
2.815 1.4382 0 545.99 2.55186e-11
2.815 1.4382 0 546.993 2.47389e-11
2.815 1.4382 0 547.995 2.39832e-11
2.815 1.4382 0 548.998 2.32506e-11
2.815 1.4382 0 550 2.25404e-11
