1.65 1.4382 0 150.015 2.98883e-06
1.65 1.4382 0 151.017 5.33185e-06
1.65 1.4382 0 152.02 5.36915e-06
1.65 1.4382 0 153.022 5.12139e-06
1.65 1.4382 0 154.025 4.87253e-06
1.65 1.4382 0 155.027 4.63855e-06
1.65 1.4382 0 156.03 4.41845e-06
1.65 1.4382 0 157.032 4.21081e-06
1.65 1.4382 0 158.035 4.01454e-06
1.65 1.4382 0 159.037 3.82878e-06
1.65 1.4382 0 160.04 3.65279e-06
1.65 1.4382 0 161.042 3.48596e-06
1.65 1.4382 0 162.045 3.32773e-06
1.65 1.4382 0 163.047 3.17758e-06
1.65 1.4382 0 164.05 3.03505e-06
1.65 1.4382 0 165.052 2.89972e-06
1.65 1.4382 0 166.054 2.77119e-06
1.65 1.4382 0 167.057 2.6491e-06
1.65 1.4382 0 168.059 2.53309e-06
1.65 1.4382 0 169.062 2.42285e-06
1.65 1.4382 0 170.064 2.31806e-06
1.65 1.4382 0 171.067 2.21845e-06
1.65 1.4382 0 172.069 2.12375e-06
1.65 1.4382 0 173.072 2.03369e-06
1.65 1.4382 0 174.074 1.94804e-06
1.65 1.4382 0 175.077 1.86657e-06
1.65 1.4382 0 176.079 1.78906e-06
1.65 1.4382 0 177.082 1.71532e-06
1.65 1.4382 0 178.084 1.64515e-06
1.65 1.4382 0 179.087 1.57836e-06
1.65 1.4382 0 180.089 1.51479e-06
1.65 1.4382 0 181.092 1.45426e-06
1.65 1.4382 0 182.094 1.39663e-06
1.65 1.4382 0 183.096 1.34175e-06
1.65 1.4382 0 184.099 1.28948e-06
1.65 1.4382 0 185.101 1.23969e-06
1.65 1.4382 0 186.104 1.19224e-06
1.65 1.4382 0 187.106 1.14703e-06
1.65 1.4382 0 188.109 1.10394e-06
1.65 1.4382 0 189.111 1.06286e-06
1.65 1.4382 0 190.114 1.02369e-06
1.65 1.4382 0 191.116 9.86339e-07
1.65 1.4382 0 192.119 9.50709e-07
1.65 1.4382 0 193.121 9.16717e-07
1.65 1.4382 0 194.124 8.84281e-07
1.65 1.4382 0 195.126 8.53321e-07
1.65 1.4382 0 196.129 8.23765e-07
1.65 1.4382 0 197.131 7.95542e-07
1.65 1.4382 0 198.133 7.68586e-07
1.65 1.4382 0 199.136 7.42833e-07
1.65 1.4382 0 200.138 7.18224e-07
1.65 1.4382 0 201.141 6.94702e-07
1.65 1.4382 0 202.143 6.72212e-07
1.65 1.4382 0 203.146 6.50704e-07
1.65 1.4382 0 204.148 6.30128e-07
1.65 1.4382 0 205.151 6.1044e-07
1.65 1.4382 0 206.153 5.91594e-07
1.65 1.4382 0 207.156 5.7355e-07
1.65 1.4382 0 208.158 5.56269e-07
1.65 1.4382 0 209.161 5.39711e-07
1.65 1.4382 0 210.163 5.23843e-07
1.65 1.4382 0 211.166 5.08631e-07
1.65 1.4382 0 212.168 4.94042e-07
1.65 1.4382 0 213.171 4.80046e-07
1.65 1.4382 0 214.173 4.66615e-07
1.65 1.4382 0 215.175 4.53721e-07
1.65 1.4382 0 216.178 4.41338e-07
1.65 1.4382 0 217.18 4.29441e-07
1.65 1.4382 0 218.183 4.18007e-07
1.65 1.4382 0 219.185 4.07015e-07
1.65 1.4382 0 220.188 3.96442e-07
1.65 1.4382 0 221.19 3.86269e-07
1.65 1.4382 0 222.193 3.76478e-07
1.65 1.4382 0 223.195 3.67049e-07
1.65 1.4382 0 224.198 3.57966e-07
1.65 1.4382 0 225.2 3.49213e-07
1.65 1.4382 0 226.203 3.40774e-07
1.65 1.4382 0 227.205 3.32634e-07
1.65 1.4382 0 228.208 3.24781e-07
1.65 1.4382 0 229.21 3.172e-07
1.65 1.4382 0 230.212 3.09879e-07
1.65 1.4382 0 231.215 3.02806e-07
1.65 1.4382 0 232.217 2.95971e-07
1.65 1.4382 0 233.22 2.89361e-07
1.65 1.4382 0 234.222 2.82968e-07
1.65 1.4382 0 235.225 2.76781e-07
1.65 1.4382 0 236.227 2.70791e-07
1.65 1.4382 0 237.23 2.6499e-07
1.65 1.4382 0 238.232 2.59369e-07
1.65 1.4382 0 239.235 2.5392e-07
1.65 1.4382 0 240.237 2.48637e-07
1.65 1.4382 0 241.24 2.43511e-07
1.65 1.4382 0 242.242 2.38537e-07
1.65 1.4382 0 243.245 2.33707e-07
1.65 1.4382 0 244.247 2.29016e-07
1.65 1.4382 0 245.25 2.24458e-07
1.65 1.4382 0 246.252 2.20027e-07
1.65 1.4382 0 247.254 2.15719e-07
1.65 1.4382 0 248.257 2.11528e-07
1.65 1.4382 0 249.259 2.07449e-07
1.65 1.4382 0 250.262 2.03478e-07
1.65 1.4382 0 251.264 1.99611e-07
1.65 1.4382 0 252.267 1.95844e-07
1.65 1.4382 0 253.269 1.92173e-07
1.65 1.4382 0 254.272 1.88593e-07
1.65 1.4382 0 255.274 1.85103e-07
1.65 1.4382 0 256.277 1.81698e-07
1.65 1.4382 0 257.279 1.78375e-07
1.65 1.4382 0 258.282 1.75131e-07
1.65 1.4382 0 259.284 1.71964e-07
1.65 1.4382 0 260.287 1.6887e-07
1.65 1.4382 0 261.289 1.65848e-07
1.65 1.4382 0 262.291 1.62894e-07
1.65 1.4382 0 263.294 1.60006e-07
1.65 1.4382 0 264.296 1.57181e-07
1.65 1.4382 0 265.299 1.54419e-07
1.65 1.4382 0 266.301 1.51717e-07
1.65 1.4382 0 267.304 1.49072e-07
1.65 1.4382 0 268.306 1.46483e-07
1.65 1.4382 0 269.309 1.43948e-07
1.65 1.4382 0 270.311 1.41466e-07
1.65 1.4382 0 271.314 1.39034e-07
1.65 1.4382 0 272.316 1.36652e-07
1.65 1.4382 0 273.319 1.34317e-07
1.65 1.4382 0 274.321 1.32029e-07
1.65 1.4382 0 275.324 1.29786e-07
1.65 1.4382 0 276.326 1.27586e-07
1.65 1.4382 0 277.329 1.25429e-07
1.65 1.4382 0 278.331 1.23314e-07
1.65 1.4382 0 279.333 1.21238e-07
1.65 1.4382 0 280.336 1.19201e-07
1.65 1.4382 0 281.338 1.17203e-07
1.65 1.4382 0 282.341 1.15241e-07
1.65 1.4382 0 283.343 1.13316e-07
1.65 1.4382 0 284.346 1.11426e-07
1.65 1.4382 0 285.348 1.0957e-07
1.65 1.4382 0 286.351 1.07747e-07
1.65 1.4382 0 287.353 1.05957e-07
1.65 1.4382 0 288.356 1.04199e-07
1.65 1.4382 0 289.358 1.02471e-07
1.65 1.4382 0 290.361 1.00775e-07
1.65 1.4382 0 291.363 9.91072e-08
1.65 1.4382 0 292.366 9.74689e-08
1.65 1.4382 0 293.368 9.58588e-08
1.65 1.4382 0 294.37 9.42765e-08
1.65 1.4382 0 295.373 9.27211e-08
1.65 1.4382 0 296.375 9.11923e-08
1.65 1.4382 0 297.378 8.96894e-08
1.65 1.4382 0 298.38 8.82118e-08
1.65 1.4382 0 299.383 8.67591e-08
1.65 1.4382 0 300.385 8.53307e-08
1.65 1.4382 0 301.388 8.39262e-08
1.65 1.4382 0 302.39 8.2545e-08
1.65 1.4382 0 303.393 8.11868e-08
1.65 1.4382 0 304.395 7.9851e-08
1.65 1.4382 0 305.398 7.85372e-08
1.65 1.4382 0 306.4 7.72451e-08
1.65 1.4382 0 307.403 7.59741e-08
1.65 1.4382 0 308.405 7.47239e-08
1.65 1.4382 0 309.408 7.34942e-08
1.65 1.4382 0 310.41 7.22845e-08
1.65 1.4382 0 311.412 7.10944e-08
1.65 1.4382 0 312.415 6.99237e-08
1.65 1.4382 0 313.417 6.8772e-08
1.65 1.4382 0 314.42 6.76389e-08
1.65 1.4382 0 315.422 6.65241e-08
1.65 1.4382 0 316.425 6.54273e-08
1.65 1.4382 0 317.427 6.43482e-08
1.65 1.4382 0 318.43 6.32865e-08
1.65 1.4382 0 319.432 6.22418e-08
1.65 1.4382 0 320.435 6.12139e-08
1.65 1.4382 0 321.437 6.02026e-08
1.65 1.4382 0 322.44 5.92074e-08
1.65 1.4382 0 323.442 5.82283e-08
1.65 1.4382 0 324.445 5.72648e-08
1.65 1.4382 0 325.447 5.63168e-08
1.65 1.4382 0 326.449 5.53839e-08
1.65 1.4382 0 327.452 5.4466e-08
1.65 1.4382 0 328.454 5.35628e-08
1.65 1.4382 0 329.457 5.26741e-08
1.65 1.4382 0 330.459 5.17996e-08
1.65 1.4382 0 331.462 5.09391e-08
1.65 1.4382 0 332.464 5.00923e-08
1.65 1.4382 0 333.467 4.92591e-08
1.65 1.4382 0 334.469 4.84393e-08
1.65 1.4382 0 335.472 4.76326e-08
1.65 1.4382 0 336.474 4.68388e-08
1.65 1.4382 0 337.477 4.60577e-08
1.65 1.4382 0 338.479 4.52891e-08
1.65 1.4382 0 339.482 4.45329e-08
1.65 1.4382 0 340.484 4.37888e-08
1.65 1.4382 0 341.487 4.30566e-08
1.65 1.4382 0 342.489 4.23362e-08
1.65 1.4382 0 343.491 4.16274e-08
1.65 1.4382 0 344.494 4.093e-08
1.65 1.4382 0 345.496 4.02438e-08
1.65 1.4382 0 346.499 3.95686e-08
1.65 1.4382 0 347.501 3.89043e-08
1.65 1.4382 0 348.504 3.82507e-08
1.65 1.4382 0 349.506 3.76076e-08
1.65 1.4382 0 350.509 3.69749e-08
1.65 1.4382 0 351.511 3.63524e-08
1.65 1.4382 0 352.514 3.574e-08
1.65 1.4382 0 353.516 3.51375e-08
1.65 1.4382 0 354.519 3.45447e-08
1.65 1.4382 0 355.521 3.39616e-08
1.65 1.4382 0 356.524 3.33879e-08
1.65 1.4382 0 357.526 3.28235e-08
1.65 1.4382 0 358.528 3.22682e-08
1.65 1.4382 0 359.531 3.1722e-08
1.65 1.4382 0 360.533 3.11847e-08
1.65 1.4382 0 361.536 3.06561e-08
1.65 1.4382 0 362.538 3.01361e-08
1.65 1.4382 0 363.541 2.96246e-08
1.65 1.4382 0 364.543 2.91214e-08
1.65 1.4382 0 365.546 2.86265e-08
1.65 1.4382 0 366.548 2.81396e-08
1.65 1.4382 0 367.551 2.76607e-08
1.65 1.4382 0 368.553 2.71897e-08
1.65 1.4382 0 369.556 2.67264e-08
1.65 1.4382 0 370.558 2.62706e-08
1.65 1.4382 0 371.561 2.58224e-08
1.65 1.4382 0 372.563 2.53815e-08
1.65 1.4382 0 373.566 2.49479e-08
1.65 1.4382 0 374.568 2.45214e-08
1.65 1.4382 0 375.57 2.4102e-08
1.65 1.4382 0 376.573 2.36894e-08
1.65 1.4382 0 377.575 2.32837e-08
1.65 1.4382 0 378.578 2.28847e-08
1.65 1.4382 0 379.58 2.24922e-08
1.65 1.4382 0 380.583 2.21063e-08
1.65 1.4382 0 381.585 2.17268e-08
1.65 1.4382 0 382.588 2.13535e-08
1.65 1.4382 0 383.59 2.09865e-08
1.65 1.4382 0 384.593 2.06255e-08
1.65 1.4382 0 385.595 2.02706e-08
1.65 1.4382 0 386.598 1.99215e-08
1.65 1.4382 0 387.6 1.95783e-08
1.65 1.4382 0 388.603 1.92408e-08
1.65 1.4382 0 389.605 1.89089e-08
1.65 1.4382 0 390.607 1.85826e-08
1.65 1.4382 0 391.61 1.82617e-08
1.65 1.4382 0 392.612 1.79462e-08
1.65 1.4382 0 393.615 1.76359e-08
1.65 1.4382 0 394.617 1.73309e-08
1.65 1.4382 0 395.62 1.7031e-08
1.65 1.4382 0 396.622 1.67361e-08
1.65 1.4382 0 397.625 1.64462e-08
1.65 1.4382 0 398.627 1.61611e-08
1.65 1.4382 0 399.63 1.58808e-08
1.65 1.4382 0 400.632 1.56053e-08
1.65 1.4382 0 401.635 1.53344e-08
1.65 1.4382 0 402.637 1.50681e-08
1.65 1.4382 0 403.64 1.48062e-08
1.65 1.4382 0 404.642 1.45488e-08
1.65 1.4382 0 405.645 1.42958e-08
1.65 1.4382 0 406.647 1.4047e-08
1.65 1.4382 0 407.649 1.38024e-08
1.65 1.4382 0 408.652 1.3562e-08
1.65 1.4382 0 409.654 1.33256e-08
1.65 1.4382 0 410.657 1.30933e-08
1.65 1.4382 0 411.659 1.28649e-08
1.65 1.4382 0 412.662 1.26404e-08
1.65 1.4382 0 413.664 1.24197e-08
1.65 1.4382 0 414.667 1.22028e-08
1.65 1.4382 0 415.669 1.19895e-08
1.65 1.4382 0 416.672 1.17799e-08
1.65 1.4382 0 417.674 1.15739e-08
1.65 1.4382 0 418.677 1.13714e-08
1.65 1.4382 0 419.679 1.11723e-08
1.65 1.4382 0 420.682 1.09766e-08
1.65 1.4382 0 421.684 1.07843e-08
1.65 1.4382 0 422.686 1.05953e-08
1.65 1.4382 0 423.689 1.04095e-08
1.65 1.4382 0 424.691 1.02269e-08
1.65 1.4382 0 425.694 1.00475e-08
1.65 1.4382 0 426.696 9.87109e-09
1.65 1.4382 0 427.699 9.69773e-09
1.65 1.4382 0 428.701 9.52735e-09
1.65 1.4382 0 429.704 9.3599e-09
1.65 1.4382 0 430.706 9.19533e-09
1.65 1.4382 0 431.709 9.03359e-09
1.65 1.4382 0 432.711 8.87464e-09
1.65 1.4382 0 433.714 8.71843e-09
1.65 1.4382 0 434.716 8.56491e-09
1.65 1.4382 0 435.719 8.41404e-09
1.65 1.4382 0 436.721 8.26578e-09
1.65 1.4382 0 437.724 8.12008e-09
1.65 1.4382 0 438.726 7.97689e-09
1.65 1.4382 0 439.728 7.83619e-09
1.65 1.4382 0 440.731 7.69791e-09
1.65 1.4382 0 441.733 7.56203e-09
1.65 1.4382 0 442.736 7.42851e-09
1.65 1.4382 0 443.738 7.2973e-09
1.65 1.4382 0 444.741 7.16836e-09
1.65 1.4382 0 445.743 7.04167e-09
1.65 1.4382 0 446.746 6.91717e-09
1.65 1.4382 0 447.748 6.79483e-09
1.65 1.4382 0 448.751 6.67462e-09
1.65 1.4382 0 449.753 6.5565e-09
1.65 1.4382 0 450.756 6.44044e-09
1.65 1.4382 0 451.758 6.3264e-09
1.65 1.4382 0 452.761 6.21434e-09
1.65 1.4382 0 453.763 6.10423e-09
1.65 1.4382 0 454.765 5.99604e-09
1.65 1.4382 0 455.768 5.88975e-09
1.65 1.4382 0 456.77 5.7853e-09
1.65 1.4382 0 457.773 5.68268e-09
1.65 1.4382 0 458.775 5.58185e-09
1.65 1.4382 0 459.778 5.48278e-09
1.65 1.4382 0 460.78 5.38545e-09
1.65 1.4382 0 461.783 5.28981e-09
1.65 1.4382 0 462.785 5.19585e-09
1.65 1.4382 0 463.788 5.10354e-09
1.65 1.4382 0 464.79 5.01284e-09
1.65 1.4382 0 465.793 4.92373e-09
1.65 1.4382 0 466.795 4.83618e-09
1.65 1.4382 0 467.798 4.75016e-09
1.65 1.4382 0 468.8 4.66566e-09
1.65 1.4382 0 469.803 4.58264e-09
1.65 1.4382 0 470.805 4.50107e-09
1.65 1.4382 0 471.807 4.42094e-09
1.65 1.4382 0 472.81 4.34222e-09
1.65 1.4382 0 473.812 4.26488e-09
1.65 1.4382 0 474.815 4.1889e-09
1.65 1.4382 0 475.817 4.11425e-09
1.65 1.4382 0 476.82 4.04092e-09
1.65 1.4382 0 477.822 3.96888e-09
1.65 1.4382 0 478.825 3.89811e-09
1.65 1.4382 0 479.827 3.82859e-09
1.65 1.4382 0 480.83 3.76029e-09
1.65 1.4382 0 481.832 3.6932e-09
1.65 1.4382 0 482.835 3.62728e-09
1.65 1.4382 0 483.837 3.56254e-09
1.65 1.4382 0 484.84 3.49893e-09
1.65 1.4382 0 485.842 3.43645e-09
1.65 1.4382 0 486.844 3.37507e-09
1.65 1.4382 0 487.847 3.31477e-09
1.65 1.4382 0 488.849 3.25554e-09
1.65 1.4382 0 489.852 3.19736e-09
1.65 1.4382 0 490.854 3.14021e-09
1.65 1.4382 0 491.857 3.08406e-09
1.65 1.4382 0 492.859 3.02891e-09
1.65 1.4382 0 493.862 2.97474e-09
1.65 1.4382 0 494.864 2.92153e-09
1.65 1.4382 0 495.867 2.86925e-09
1.65 1.4382 0 496.869 2.81791e-09
1.65 1.4382 0 497.872 2.76747e-09
1.65 1.4382 0 498.874 2.71793e-09
1.65 1.4382 0 499.877 2.66927e-09
1.65 1.4382 0 500.879 2.62147e-09
1.65 1.4382 0 501.882 2.57452e-09
1.65 1.4382 0 502.884 2.5284e-09
1.65 1.4382 0 503.886 2.4831e-09
1.65 1.4382 0 504.889 2.4386e-09
1.65 1.4382 0 505.891 2.3949e-09
1.65 1.4382 0 506.894 2.35197e-09
1.65 1.4382 0 507.896 2.3098e-09
1.65 1.4382 0 508.899 2.26839e-09
1.65 1.4382 0 509.901 2.22771e-09
1.65 1.4382 0 510.904 2.18775e-09
1.65 1.4382 0 511.906 2.14851e-09
1.65 1.4382 0 512.909 2.10996e-09
1.65 1.4382 0 513.911 2.0721e-09
1.65 1.4382 0 514.914 2.03491e-09
1.65 1.4382 0 515.916 1.99839e-09
1.65 1.4382 0 516.919 1.96252e-09
1.65 1.4382 0 517.921 1.92728e-09
1.65 1.4382 0 518.923 1.89267e-09
1.65 1.4382 0 519.926 1.85868e-09
1.65 1.4382 0 520.928 1.8253e-09
1.65 1.4382 0 521.931 1.79251e-09
1.65 1.4382 0 522.933 1.76031e-09
1.65 1.4382 0 523.936 1.72868e-09
1.65 1.4382 0 524.938 1.69761e-09
1.65 1.4382 0 525.941 1.6671e-09
1.65 1.4382 0 526.943 1.63714e-09
1.65 1.4382 0 527.946 1.60771e-09
1.65 1.4382 0 528.948 1.5788e-09
1.65 1.4382 0 529.951 1.55041e-09
1.65 1.4382 0 530.953 1.52253e-09
1.65 1.4382 0 531.956 1.49515e-09
1.65 1.4382 0 532.958 1.46825e-09
1.65 1.4382 0 533.961 1.44184e-09
1.65 1.4382 0 534.963 1.4159e-09
1.65 1.4382 0 535.965 1.39042e-09
1.65 1.4382 0 536.968 1.3654e-09
1.65 1.4382 0 537.97 1.34083e-09
1.65 1.4382 0 538.973 1.3167e-09
1.65 1.4382 0 539.975 1.29299e-09
1.65 1.4382 0 540.978 1.26972e-09
1.65 1.4382 0 541.98 1.24686e-09
1.65 1.4382 0 542.983 1.2244e-09
1.65 1.4382 0 543.985 1.20236e-09
1.65 1.4382 0 544.988 1.1807e-09
1.65 1.4382 0 545.99 1.15943e-09
1.65 1.4382 0 546.993 1.13855e-09
1.65 1.4382 0 547.995 1.11804e-09
1.65 1.4382 0 548.998 1.0979e-09
1.65 1.4382 0 550 1.07811e-09
