2.585 1.4382 0 150.015 1.06709e-05
2.585 1.4382 0 151.017 1.83326e-05
2.585 1.4382 0 152.02 1.89288e-05
2.585 1.4382 0 153.022 1.79837e-05
2.585 1.4382 0 154.025 1.69376e-05
2.585 1.4382 0 155.027 1.59524e-05
2.585 1.4382 0 156.03 1.50369e-05
2.585 1.4382 0 157.032 1.41858e-05
2.585 1.4382 0 158.035 1.3393e-05
2.585 1.4382 0 159.037 1.26536e-05
2.585 1.4382 0 160.04 1.19631e-05
2.585 1.4382 0 161.042 1.13175e-05
2.585 1.4382 0 162.045 1.07133e-05
2.585 1.4382 0 163.047 1.01474e-05
2.585 1.4382 0 164.05 9.61688e-06
2.585 1.4382 0 165.052 9.11915e-06
2.585 1.4382 0 166.054 8.65184e-06
2.585 1.4382 0 167.057 8.21278e-06
2.585 1.4382 0 168.059 7.79996e-06
2.585 1.4382 0 169.062 7.41157e-06
2.585 1.4382 0 170.064 7.04592e-06
2.585 1.4382 0 171.067 6.70145e-06
2.585 1.4382 0 172.069 6.37675e-06
2.585 1.4382 0 173.072 6.0705e-06
2.585 1.4382 0 174.074 5.78148e-06
2.585 1.4382 0 175.077 5.50855e-06
2.585 1.4382 0 176.079 5.25069e-06
2.585 1.4382 0 177.082 5.00693e-06
2.585 1.4382 0 178.084 4.77637e-06
2.585 1.4382 0 179.087 4.55819e-06
2.585 1.4382 0 180.089 4.35161e-06
2.585 1.4382 0 181.092 4.15592e-06
2.585 1.4382 0 182.094 3.97045e-06
2.585 1.4382 0 183.096 3.79459e-06
2.585 1.4382 0 184.099 3.62776e-06
2.585 1.4382 0 185.101 3.46942e-06
2.585 1.4382 0 186.104 3.31907e-06
2.585 1.4382 0 187.106 3.17624e-06
2.585 1.4382 0 188.109 3.04051e-06
2.585 1.4382 0 189.111 2.91146e-06
2.585 1.4382 0 190.114 2.78872e-06
2.585 1.4382 0 191.116 2.67192e-06
2.585 1.4382 0 192.119 2.56074e-06
2.585 1.4382 0 193.121 2.45486e-06
2.585 1.4382 0 194.124 2.35399e-06
2.585 1.4382 0 195.126 2.25787e-06
2.585 1.4382 0 196.129 2.16622e-06
2.585 1.4382 0 197.131 2.07882e-06
2.585 1.4382 0 198.133 1.99544e-06
2.585 1.4382 0 199.136 1.91587e-06
2.585 1.4382 0 200.138 1.83989e-06
2.585 1.4382 0 201.141 1.76734e-06
2.585 1.4382 0 202.143 1.69803e-06
2.585 1.4382 0 203.146 1.6318e-06
2.585 1.4382 0 204.148 1.56848e-06
2.585 1.4382 0 205.151 1.50794e-06
2.585 1.4382 0 206.153 1.45004e-06
2.585 1.4382 0 207.156 1.39464e-06
2.585 1.4382 0 208.158 1.34162e-06
2.585 1.4382 0 209.161 1.29086e-06
2.585 1.4382 0 210.163 1.24226e-06
2.585 1.4382 0 211.166 1.1957e-06
2.585 1.4382 0 212.168 1.1511e-06
2.585 1.4382 0 213.171 1.10836e-06
2.585 1.4382 0 214.173 1.06739e-06
2.585 1.4382 0 215.175 1.02811e-06
2.585 1.4382 0 216.178 9.90438e-07
2.585 1.4382 0 217.18 9.54301e-07
2.585 1.4382 0 218.183 9.19628e-07
2.585 1.4382 0 219.185 8.86352e-07
2.585 1.4382 0 220.188 8.5441e-07
2.585 1.4382 0 221.19 8.23742e-07
2.585 1.4382 0 222.193 7.94291e-07
2.585 1.4382 0 223.195 7.66002e-07
2.585 1.4382 0 224.198 7.38825e-07
2.585 1.4382 0 225.2 7.12709e-07
2.585 1.4382 0 226.203 6.87608e-07
2.585 1.4382 0 227.205 6.63479e-07
2.585 1.4382 0 228.208 6.40279e-07
2.585 1.4382 0 229.21 6.17969e-07
2.585 1.4382 0 230.212 5.9651e-07
2.585 1.4382 0 231.215 5.75866e-07
2.585 1.4382 0 232.217 5.56002e-07
2.585 1.4382 0 233.22 5.36886e-07
2.585 1.4382 0 234.222 5.18487e-07
2.585 1.4382 0 235.225 5.00774e-07
2.585 1.4382 0 236.227 4.8372e-07
2.585 1.4382 0 237.23 4.67297e-07
2.585 1.4382 0 238.232 4.51479e-07
2.585 1.4382 0 239.235 4.36241e-07
2.585 1.4382 0 240.237 4.21561e-07
2.585 1.4382 0 241.24 4.07415e-07
2.585 1.4382 0 242.242 3.93782e-07
2.585 1.4382 0 243.245 3.80642e-07
2.585 1.4382 0 244.247 3.67974e-07
2.585 1.4382 0 245.25 3.55762e-07
2.585 1.4382 0 246.252 3.43985e-07
2.585 1.4382 0 247.254 3.32628e-07
2.585 1.4382 0 248.257 3.21673e-07
2.585 1.4382 0 249.259 3.11106e-07
2.585 1.4382 0 250.262 3.00911e-07
2.585 1.4382 0 251.264 2.91074e-07
2.585 1.4382 0 252.267 2.81581e-07
2.585 1.4382 0 253.269 2.7242e-07
2.585 1.4382 0 254.272 2.63577e-07
2.585 1.4382 0 255.274 2.5504e-07
2.585 1.4382 0 256.277 2.46798e-07
2.585 1.4382 0 257.279 2.3884e-07
2.585 1.4382 0 258.282 2.31155e-07
2.585 1.4382 0 259.284 2.23733e-07
2.585 1.4382 0 260.287 2.16564e-07
2.585 1.4382 0 261.289 2.09639e-07
2.585 1.4382 0 262.291 2.02949e-07
2.585 1.4382 0 263.294 1.96486e-07
2.585 1.4382 0 264.296 1.9024e-07
2.585 1.4382 0 265.299 1.84205e-07
2.585 1.4382 0 266.301 1.78372e-07
2.585 1.4382 0 267.304 1.72734e-07
2.585 1.4382 0 268.306 1.67284e-07
2.585 1.4382 0 269.309 1.62016e-07
2.585 1.4382 0 270.311 1.56922e-07
2.585 1.4382 0 271.314 1.51997e-07
2.585 1.4382 0 272.316 1.47235e-07
2.585 1.4382 0 273.319 1.4263e-07
2.585 1.4382 0 274.321 1.38176e-07
2.585 1.4382 0 275.324 1.33869e-07
2.585 1.4382 0 276.326 1.29702e-07
2.585 1.4382 0 277.329 1.25671e-07
2.585 1.4382 0 278.331 1.21772e-07
2.585 1.4382 0 279.333 1.17999e-07
2.585 1.4382 0 280.336 1.14348e-07
2.585 1.4382 0 281.338 1.10816e-07
2.585 1.4382 0 282.341 1.07398e-07
2.585 1.4382 0 283.343 1.0409e-07
2.585 1.4382 0 284.346 1.00888e-07
2.585 1.4382 0 285.348 9.77887e-08
2.585 1.4382 0 286.351 9.47889e-08
2.585 1.4382 0 287.353 9.1885e-08
2.585 1.4382 0 288.356 8.90737e-08
2.585 1.4382 0 289.358 8.63519e-08
2.585 1.4382 0 290.361 8.37166e-08
2.585 1.4382 0 291.363 8.11649e-08
2.585 1.4382 0 292.366 7.8694e-08
2.585 1.4382 0 293.368 7.63012e-08
2.585 1.4382 0 294.37 7.39839e-08
2.585 1.4382 0 295.373 7.17396e-08
2.585 1.4382 0 296.375 6.95658e-08
2.585 1.4382 0 297.378 6.74603e-08
2.585 1.4382 0 298.38 6.54208e-08
2.585 1.4382 0 299.383 6.34451e-08
2.585 1.4382 0 300.385 6.15311e-08
2.585 1.4382 0 301.388 5.96768e-08
2.585 1.4382 0 302.39 5.78802e-08
2.585 1.4382 0 303.393 5.61395e-08
2.585 1.4382 0 304.395 5.44528e-08
2.585 1.4382 0 305.398 5.28185e-08
2.585 1.4382 0 306.4 5.12347e-08
2.585 1.4382 0 307.403 4.96999e-08
2.585 1.4382 0 308.405 4.82124e-08
2.585 1.4382 0 309.408 4.67708e-08
2.585 1.4382 0 310.41 4.53736e-08
2.585 1.4382 0 311.412 4.40194e-08
2.585 1.4382 0 312.415 4.27067e-08
2.585 1.4382 0 313.417 4.14342e-08
2.585 1.4382 0 314.42 4.02008e-08
2.585 1.4382 0 315.422 3.9005e-08
2.585 1.4382 0 316.425 3.78458e-08
2.585 1.4382 0 317.427 3.6722e-08
2.585 1.4382 0 318.43 3.56324e-08
2.585 1.4382 0 319.432 3.45759e-08
2.585 1.4382 0 320.435 3.35516e-08
2.585 1.4382 0 321.437 3.25584e-08
2.585 1.4382 0 322.44 3.15953e-08
2.585 1.4382 0 323.442 3.06613e-08
2.585 1.4382 0 324.445 2.97557e-08
2.585 1.4382 0 325.447 2.88774e-08
2.585 1.4382 0 326.449 2.80257e-08
2.585 1.4382 0 327.452 2.71996e-08
2.585 1.4382 0 328.454 2.63985e-08
2.585 1.4382 0 329.457 2.56215e-08
2.585 1.4382 0 330.459 2.48678e-08
2.585 1.4382 0 331.462 2.41368e-08
2.585 1.4382 0 332.464 2.34277e-08
2.585 1.4382 0 333.467 2.27399e-08
2.585 1.4382 0 334.469 2.20727e-08
2.585 1.4382 0 335.472 2.14255e-08
2.585 1.4382 0 336.474 2.07976e-08
2.585 1.4382 0 337.477 2.01885e-08
2.585 1.4382 0 338.479 1.95976e-08
2.585 1.4382 0 339.482 1.90243e-08
2.585 1.4382 0 340.484 1.84681e-08
2.585 1.4382 0 341.487 1.79285e-08
2.585 1.4382 0 342.489 1.74049e-08
2.585 1.4382 0 343.491 1.68969e-08
2.585 1.4382 0 344.494 1.6404e-08
2.585 1.4382 0 345.496 1.59257e-08
2.585 1.4382 0 346.499 1.54616e-08
2.585 1.4382 0 347.501 1.50113e-08
2.585 1.4382 0 348.504 1.45743e-08
2.585 1.4382 0 349.506 1.41502e-08
2.585 1.4382 0 350.509 1.37386e-08
2.585 1.4382 0 351.511 1.33393e-08
2.585 1.4382 0 352.514 1.29517e-08
2.585 1.4382 0 353.516 1.25756e-08
2.585 1.4382 0 354.519 1.22105e-08
2.585 1.4382 0 355.521 1.18562e-08
2.585 1.4382 0 356.524 1.15124e-08
2.585 1.4382 0 357.526 1.11786e-08
2.585 1.4382 0 358.528 1.08547e-08
2.585 1.4382 0 359.531 1.05403e-08
2.585 1.4382 0 360.533 1.02352e-08
2.585 1.4382 0 361.536 9.93897e-09
2.585 1.4382 0 362.538 9.65146e-09
2.585 1.4382 0 363.541 9.37238e-09
2.585 1.4382 0 364.543 9.10148e-09
2.585 1.4382 0 365.546 8.83851e-09
2.585 1.4382 0 366.548 8.58324e-09
2.585 1.4382 0 367.551 8.33544e-09
2.585 1.4382 0 368.553 8.09488e-09
2.585 1.4382 0 369.556 7.86135e-09
2.585 1.4382 0 370.558 7.63465e-09
2.585 1.4382 0 371.561 7.41456e-09
2.585 1.4382 0 372.563 7.20089e-09
2.585 1.4382 0 373.566 6.99346e-09
2.585 1.4382 0 374.568 6.79206e-09
2.585 1.4382 0 375.57 6.59654e-09
2.585 1.4382 0 376.573 6.40671e-09
2.585 1.4382 0 377.575 6.2224e-09
2.585 1.4382 0 378.578 6.04346e-09
2.585 1.4382 0 379.58 5.86972e-09
2.585 1.4382 0 380.583 5.70103e-09
2.585 1.4382 0 381.585 5.53723e-09
2.585 1.4382 0 382.588 5.3782e-09
2.585 1.4382 0 383.59 5.22378e-09
2.585 1.4382 0 384.593 5.07383e-09
2.585 1.4382 0 385.595 4.92824e-09
2.585 1.4382 0 386.598 4.78687e-09
2.585 1.4382 0 387.6 4.64959e-09
2.585 1.4382 0 388.603 4.51629e-09
2.585 1.4382 0 389.605 4.38684e-09
2.585 1.4382 0 390.607 4.26114e-09
2.585 1.4382 0 391.61 4.13908e-09
2.585 1.4382 0 392.612 4.02055e-09
2.585 1.4382 0 393.615 3.90544e-09
2.585 1.4382 0 394.617 3.79366e-09
2.585 1.4382 0 395.62 3.68511e-09
2.585 1.4382 0 396.622 3.57969e-09
2.585 1.4382 0 397.625 3.47731e-09
2.585 1.4382 0 398.627 3.37789e-09
2.585 1.4382 0 399.63 3.28133e-09
2.585 1.4382 0 400.632 3.18755e-09
2.585 1.4382 0 401.635 3.09648e-09
2.585 1.4382 0 402.637 3.00804e-09
2.585 1.4382 0 403.64 2.92214e-09
2.585 1.4382 0 404.642 2.83871e-09
2.585 1.4382 0 405.645 2.75768e-09
2.585 1.4382 0 406.647 2.67898e-09
2.585 1.4382 0 407.649 2.60255e-09
2.585 1.4382 0 408.652 2.52832e-09
2.585 1.4382 0 409.654 2.45622e-09
2.585 1.4382 0 410.657 2.38619e-09
2.585 1.4382 0 411.659 2.31817e-09
2.585 1.4382 0 412.662 2.2521e-09
2.585 1.4382 0 413.664 2.18793e-09
2.585 1.4382 0 414.667 2.12561e-09
2.585 1.4382 0 415.669 2.06507e-09
2.585 1.4382 0 416.672 2.00626e-09
2.585 1.4382 0 417.674 1.94915e-09
2.585 1.4382 0 418.677 1.89367e-09
2.585 1.4382 0 419.679 1.83978e-09
2.585 1.4382 0 420.682 1.78743e-09
2.585 1.4382 0 421.684 1.73658e-09
2.585 1.4382 0 422.686 1.68719e-09
2.585 1.4382 0 423.689 1.63922e-09
2.585 1.4382 0 424.691 1.59261e-09
2.585 1.4382 0 425.694 1.54734e-09
2.585 1.4382 0 426.696 1.50337e-09
2.585 1.4382 0 427.699 1.46065e-09
2.585 1.4382 0 428.701 1.41915e-09
2.585 1.4382 0 429.704 1.37884e-09
2.585 1.4382 0 430.706 1.33968e-09
2.585 1.4382 0 431.709 1.30164e-09
2.585 1.4382 0 432.711 1.26469e-09
2.585 1.4382 0 433.714 1.22879e-09
2.585 1.4382 0 434.716 1.19392e-09
2.585 1.4382 0 435.719 1.16004e-09
2.585 1.4382 0 436.721 1.12713e-09
2.585 1.4382 0 437.724 1.09516e-09
2.585 1.4382 0 438.726 1.0641e-09
2.585 1.4382 0 439.728 1.03392e-09
2.585 1.4382 0 440.731 1.00461e-09
2.585 1.4382 0 441.733 9.76131e-10
2.585 1.4382 0 442.736 9.48464e-10
2.585 1.4382 0 443.738 9.21585e-10
2.585 1.4382 0 444.741 8.95472e-10
2.585 1.4382 0 445.743 8.70103e-10
2.585 1.4382 0 446.746 8.45456e-10
2.585 1.4382 0 447.748 8.21511e-10
2.585 1.4382 0 448.751 7.98248e-10
2.585 1.4382 0 449.753 7.75646e-10
2.585 1.4382 0 450.756 7.53688e-10
2.585 1.4382 0 451.758 7.32354e-10
2.585 1.4382 0 452.761 7.11627e-10
2.585 1.4382 0 453.763 6.91489e-10
2.585 1.4382 0 454.765 6.71924e-10
2.585 1.4382 0 455.768 6.52916e-10
2.585 1.4382 0 456.77 6.34447e-10
2.585 1.4382 0 457.773 6.16503e-10
2.585 1.4382 0 458.775 5.99069e-10
2.585 1.4382 0 459.778 5.82131e-10
2.585 1.4382 0 460.78 5.65673e-10
2.585 1.4382 0 461.783 5.49683e-10
2.585 1.4382 0 462.785 5.34147e-10
2.585 1.4382 0 463.788 5.19051e-10
2.585 1.4382 0 464.79 5.04385e-10
2.585 1.4382 0 465.793 4.90134e-10
2.585 1.4382 0 466.795 4.76288e-10
2.585 1.4382 0 467.798 4.62835e-10
2.585 1.4382 0 468.8 4.49763e-10
2.585 1.4382 0 469.803 4.37062e-10
2.585 1.4382 0 470.805 4.24721e-10
2.585 1.4382 0 471.807 4.1273e-10
2.585 1.4382 0 472.81 4.01078e-10
2.585 1.4382 0 473.812 3.89757e-10
2.585 1.4382 0 474.815 3.78757e-10
2.585 1.4382 0 475.817 3.68069e-10
2.585 1.4382 0 476.82 3.57683e-10
2.585 1.4382 0 477.822 3.47592e-10
2.585 1.4382 0 478.825 3.37786e-10
2.585 1.4382 0 479.827 3.28258e-10
2.585 1.4382 0 480.83 3.19e-10
2.585 1.4382 0 481.832 3.10004e-10
2.585 1.4382 0 482.835 3.01262e-10
2.585 1.4382 0 483.837 2.92768e-10
2.585 1.4382 0 484.84 2.84515e-10
2.585 1.4382 0 485.842 2.76494e-10
2.585 1.4382 0 486.844 2.68701e-10
2.585 1.4382 0 487.847 2.61128e-10
2.585 1.4382 0 488.849 2.5377e-10
2.585 1.4382 0 489.852 2.46619e-10
2.585 1.4382 0 490.854 2.39671e-10
2.585 1.4382 0 491.857 2.32919e-10
2.585 1.4382 0 492.859 2.26358e-10
2.585 1.4382 0 493.862 2.19982e-10
2.585 1.4382 0 494.864 2.13787e-10
2.585 1.4382 0 495.867 2.07766e-10
2.585 1.4382 0 496.869 2.01916e-10
2.585 1.4382 0 497.872 1.96231e-10
2.585 1.4382 0 498.874 1.90707e-10
2.585 1.4382 0 499.877 1.85338e-10
2.585 1.4382 0 500.879 1.80121e-10
2.585 1.4382 0 501.882 1.75052e-10
2.585 1.4382 0 502.884 1.70126e-10
2.585 1.4382 0 503.886 1.65338e-10
2.585 1.4382 0 504.889 1.60686e-10
2.585 1.4382 0 505.891 1.56166e-10
2.585 1.4382 0 506.894 1.51772e-10
2.585 1.4382 0 507.896 1.47503e-10
2.585 1.4382 0 508.899 1.43354e-10
2.585 1.4382 0 509.901 1.39323e-10
2.585 1.4382 0 510.904 1.35405e-10
2.585 1.4382 0 511.906 1.31597e-10
2.585 1.4382 0 512.909 1.27897e-10
2.585 1.4382 0 513.911 1.24301e-10
2.585 1.4382 0 514.914 1.20807e-10
2.585 1.4382 0 515.916 1.17411e-10
2.585 1.4382 0 516.919 1.14111e-10
2.585 1.4382 0 517.921 1.10904e-10
2.585 1.4382 0 518.923 1.07787e-10
2.585 1.4382 0 519.926 1.04758e-10
2.585 1.4382 0 520.928 1.01815e-10
2.585 1.4382 0 521.931 9.8954e-11
2.585 1.4382 0 522.933 9.6174e-11
2.585 1.4382 0 523.936 9.34723e-11
2.585 1.4382 0 524.938 9.08468e-11
2.585 1.4382 0 525.941 8.82952e-11
2.585 1.4382 0 526.943 8.58154e-11
2.585 1.4382 0 527.946 8.34055e-11
2.585 1.4382 0 528.948 8.10634e-11
2.585 1.4382 0 529.951 7.87873e-11
2.585 1.4382 0 530.953 7.65752e-11
2.585 1.4382 0 531.956 7.44255e-11
2.585 1.4382 0 532.958 7.23362e-11
2.585 1.4382 0 533.961 7.03057e-11
2.585 1.4382 0 534.963 6.83324e-11
2.585 1.4382 0 535.965 6.64146e-11
2.585 1.4382 0 536.968 6.45508e-11
2.585 1.4382 0 537.97 6.27394e-11
2.585 1.4382 0 538.973 6.0979e-11
2.585 1.4382 0 539.975 5.92681e-11
2.585 1.4382 0 540.978 5.76053e-11
2.585 1.4382 0 541.98 5.59893e-11
2.585 1.4382 0 542.983 5.44187e-11
2.585 1.4382 0 543.985 5.28923e-11
2.585 1.4382 0 544.988 5.14088e-11
2.585 1.4382 0 545.99 4.9967e-11
2.585 1.4382 0 546.993 4.85658e-11
2.585 1.4382 0 547.995 4.72039e-11
2.585 1.4382 0 548.998 4.58803e-11
2.585 1.4382 0 550 4.45939e-11
