2.045 1.4382 0 150.015 6.15178e-06
2.045 1.4382 0 151.017 1.06375e-05
2.045 1.4382 0 152.02 1.11063e-05
2.045 1.4382 0 153.022 1.06778e-05
2.045 1.4382 0 154.025 1.01745e-05
2.045 1.4382 0 155.027 9.69126e-06
2.045 1.4382 0 156.03 9.23525e-06
2.045 1.4382 0 157.032 8.80487e-06
2.045 1.4382 0 158.035 8.39811e-06
2.045 1.4382 0 159.037 8.01323e-06
2.045 1.4382 0 160.04 7.64874e-06
2.045 1.4382 0 161.042 7.30331e-06
2.045 1.4382 0 162.045 6.97573e-06
2.045 1.4382 0 163.047 6.66493e-06
2.045 1.4382 0 164.05 6.3699e-06
2.045 1.4382 0 165.052 6.08973e-06
2.045 1.4382 0 166.054 5.82355e-06
2.045 1.4382 0 167.057 5.57059e-06
2.045 1.4382 0 168.059 5.3301e-06
2.045 1.4382 0 169.062 5.10138e-06
2.045 1.4382 0 170.064 4.88379e-06
2.045 1.4382 0 171.067 4.67672e-06
2.045 1.4382 0 172.069 4.4796e-06
2.045 1.4382 0 173.072 4.2919e-06
2.045 1.4382 0 174.074 4.11312e-06
2.045 1.4382 0 175.077 3.94278e-06
2.045 1.4382 0 176.079 3.78043e-06
2.045 1.4382 0 177.082 3.62566e-06
2.045 1.4382 0 178.084 3.47808e-06
2.045 1.4382 0 179.087 3.3373e-06
2.045 1.4382 0 180.089 3.20299e-06
2.045 1.4382 0 181.092 3.07481e-06
2.045 1.4382 0 182.094 2.95244e-06
2.045 1.4382 0 183.096 2.8356e-06
2.045 1.4382 0 184.099 2.724e-06
2.045 1.4382 0 185.101 2.61738e-06
2.045 1.4382 0 186.104 2.51549e-06
2.045 1.4382 0 187.106 2.4181e-06
2.045 1.4382 0 188.109 2.32499e-06
2.045 1.4382 0 189.111 2.23594e-06
2.045 1.4382 0 190.114 2.15076e-06
2.045 1.4382 0 191.116 2.06926e-06
2.045 1.4382 0 192.119 1.99126e-06
2.045 1.4382 0 193.121 1.91659e-06
2.045 1.4382 0 194.124 1.84509e-06
2.045 1.4382 0 195.126 1.77662e-06
2.045 1.4382 0 196.129 1.71102e-06
2.045 1.4382 0 197.131 1.64817e-06
2.045 1.4382 0 198.133 1.58793e-06
2.045 1.4382 0 199.136 1.53018e-06
2.045 1.4382 0 200.138 1.47481e-06
2.045 1.4382 0 201.141 1.4217e-06
2.045 1.4382 0 202.143 1.37076e-06
2.045 1.4382 0 203.146 1.32188e-06
2.045 1.4382 0 204.148 1.27497e-06
2.045 1.4382 0 205.151 1.22993e-06
2.045 1.4382 0 206.153 1.1867e-06
2.045 1.4382 0 207.156 1.14518e-06
2.045 1.4382 0 208.158 1.1053e-06
2.045 1.4382 0 209.161 1.06698e-06
2.045 1.4382 0 210.163 1.03016e-06
2.045 1.4382 0 211.166 9.94771e-07
2.045 1.4382 0 212.168 9.6075e-07
2.045 1.4382 0 213.171 9.28038e-07
2.045 1.4382 0 214.173 8.96579e-07
2.045 1.4382 0 215.175 8.66318e-07
2.045 1.4382 0 216.178 8.37204e-07
2.045 1.4382 0 217.18 8.09188e-07
2.045 1.4382 0 218.183 7.82223e-07
2.045 1.4382 0 219.185 7.56266e-07
2.045 1.4382 0 220.188 7.31274e-07
2.045 1.4382 0 221.19 7.07207e-07
2.045 1.4382 0 222.193 6.84026e-07
2.045 1.4382 0 223.195 6.61694e-07
2.045 1.4382 0 224.198 6.40177e-07
2.045 1.4382 0 225.2 6.19441e-07
2.045 1.4382 0 226.203 5.99455e-07
2.045 1.4382 0 227.205 5.80187e-07
2.045 1.4382 0 228.208 5.6161e-07
2.045 1.4382 0 229.21 5.43695e-07
2.045 1.4382 0 230.212 5.26416e-07
2.045 1.4382 0 231.215 5.09748e-07
2.045 1.4382 0 232.217 4.93666e-07
2.045 1.4382 0 233.22 4.78147e-07
2.045 1.4382 0 234.222 4.6317e-07
2.045 1.4382 0 235.225 4.48712e-07
2.045 1.4382 0 236.227 4.34755e-07
2.045 1.4382 0 237.23 4.21278e-07
2.045 1.4382 0 238.232 4.08264e-07
2.045 1.4382 0 239.235 3.95693e-07
2.045 1.4382 0 240.237 3.83551e-07
2.045 1.4382 0 241.24 3.71819e-07
2.045 1.4382 0 242.242 3.60484e-07
2.045 1.4382 0 243.245 3.49529e-07
2.045 1.4382 0 244.247 3.38941e-07
2.045 1.4382 0 245.25 3.28706e-07
2.045 1.4382 0 246.252 3.18811e-07
2.045 1.4382 0 247.254 3.09243e-07
2.045 1.4382 0 248.257 2.9999e-07
2.045 1.4382 0 249.259 2.91041e-07
2.045 1.4382 0 250.262 2.82385e-07
2.045 1.4382 0 251.264 2.74011e-07
2.045 1.4382 0 252.267 2.65909e-07
2.045 1.4382 0 253.269 2.58069e-07
2.045 1.4382 0 254.272 2.50481e-07
2.045 1.4382 0 255.274 2.43138e-07
2.045 1.4382 0 256.277 2.36029e-07
2.045 1.4382 0 257.279 2.29147e-07
2.045 1.4382 0 258.282 2.22484e-07
2.045 1.4382 0 259.284 2.16032e-07
2.045 1.4382 0 260.287 2.09783e-07
2.045 1.4382 0 261.289 2.03731e-07
2.045 1.4382 0 262.291 1.97869e-07
2.045 1.4382 0 263.294 1.9219e-07
2.045 1.4382 0 264.296 1.86688e-07
2.045 1.4382 0 265.299 1.81357e-07
2.045 1.4382 0 266.301 1.76191e-07
2.045 1.4382 0 267.304 1.71184e-07
2.045 1.4382 0 268.306 1.66332e-07
2.045 1.4382 0 269.309 1.61628e-07
2.045 1.4382 0 270.311 1.57068e-07
2.045 1.4382 0 271.314 1.52647e-07
2.045 1.4382 0 272.316 1.4836e-07
2.045 1.4382 0 273.319 1.44203e-07
2.045 1.4382 0 274.321 1.40172e-07
2.045 1.4382 0 275.324 1.36262e-07
2.045 1.4382 0 276.326 1.32469e-07
2.045 1.4382 0 277.329 1.28791e-07
2.045 1.4382 0 278.331 1.25222e-07
2.045 1.4382 0 279.333 1.21759e-07
2.045 1.4382 0 280.336 1.18399e-07
2.045 1.4382 0 281.338 1.15139e-07
2.045 1.4382 0 282.341 1.11975e-07
2.045 1.4382 0 283.343 1.08904e-07
2.045 1.4382 0 284.346 1.05923e-07
2.045 1.4382 0 285.348 1.0303e-07
2.045 1.4382 0 286.351 1.00221e-07
2.045 1.4382 0 287.353 9.74945e-08
2.045 1.4382 0 288.356 9.4847e-08
2.045 1.4382 0 289.358 9.22763e-08
2.045 1.4382 0 290.361 8.978e-08
2.045 1.4382 0 291.363 8.73558e-08
2.045 1.4382 0 292.366 8.50013e-08
2.045 1.4382 0 293.368 8.27145e-08
2.045 1.4382 0 294.37 8.04932e-08
2.045 1.4382 0 295.373 7.83354e-08
2.045 1.4382 0 296.375 7.62392e-08
2.045 1.4382 0 297.378 7.42026e-08
2.045 1.4382 0 298.38 7.22238e-08
2.045 1.4382 0 299.383 7.03011e-08
2.045 1.4382 0 300.385 6.84327e-08
2.045 1.4382 0 301.388 6.6617e-08
2.045 1.4382 0 302.39 6.48524e-08
2.045 1.4382 0 303.393 6.31374e-08
2.045 1.4382 0 304.395 6.14704e-08
2.045 1.4382 0 305.398 5.985e-08
2.045 1.4382 0 306.4 5.82748e-08
2.045 1.4382 0 307.403 5.67435e-08
2.045 1.4382 0 308.405 5.52547e-08
2.045 1.4382 0 309.408 5.38072e-08
2.045 1.4382 0 310.41 5.23997e-08
2.045 1.4382 0 311.412 5.10312e-08
2.045 1.4382 0 312.415 4.97003e-08
2.045 1.4382 0 313.417 4.8406e-08
2.045 1.4382 0 314.42 4.71473e-08
2.045 1.4382 0 315.422 4.59231e-08
2.045 1.4382 0 316.425 4.47323e-08
2.045 1.4382 0 317.427 4.35741e-08
2.045 1.4382 0 318.43 4.24474e-08
2.045 1.4382 0 319.432 4.13513e-08
2.045 1.4382 0 320.435 4.0285e-08
2.045 1.4382 0 321.437 3.92476e-08
2.045 1.4382 0 322.44 3.82382e-08
2.045 1.4382 0 323.442 3.72561e-08
2.045 1.4382 0 324.445 3.63005e-08
2.045 1.4382 0 325.447 3.53706e-08
2.045 1.4382 0 326.449 3.44657e-08
2.045 1.4382 0 327.452 3.3585e-08
2.045 1.4382 0 328.454 3.27279e-08
2.045 1.4382 0 329.457 3.18937e-08
2.045 1.4382 0 330.459 3.10818e-08
2.045 1.4382 0 331.462 3.02915e-08
2.045 1.4382 0 332.464 2.95222e-08
2.045 1.4382 0 333.467 2.87733e-08
2.045 1.4382 0 334.469 2.80443e-08
2.045 1.4382 0 335.472 2.73346e-08
2.045 1.4382 0 336.474 2.66436e-08
2.045 1.4382 0 337.477 2.59709e-08
2.045 1.4382 0 338.479 2.53159e-08
2.045 1.4382 0 339.482 2.46781e-08
2.045 1.4382 0 340.484 2.40571e-08
2.045 1.4382 0 341.487 2.34524e-08
2.045 1.4382 0 342.489 2.28635e-08
2.045 1.4382 0 343.491 2.229e-08
2.045 1.4382 0 344.494 2.17314e-08
2.045 1.4382 0 345.496 2.11875e-08
2.045 1.4382 0 346.499 2.06577e-08
2.045 1.4382 0 347.501 2.01417e-08
2.045 1.4382 0 348.504 1.96391e-08
2.045 1.4382 0 349.506 1.91495e-08
2.045 1.4382 0 350.509 1.86726e-08
2.045 1.4382 0 351.511 1.8208e-08
2.045 1.4382 0 352.514 1.77555e-08
2.045 1.4382 0 353.516 1.73146e-08
2.045 1.4382 0 354.519 1.6885e-08
2.045 1.4382 0 355.521 1.64665e-08
2.045 1.4382 0 356.524 1.60588e-08
2.045 1.4382 0 357.526 1.56615e-08
2.045 1.4382 0 358.528 1.52745e-08
2.045 1.4382 0 359.531 1.48973e-08
2.045 1.4382 0 360.533 1.45298e-08
2.045 1.4382 0 361.536 1.41716e-08
2.045 1.4382 0 362.538 1.38226e-08
2.045 1.4382 0 363.541 1.34825e-08
2.045 1.4382 0 364.543 1.3151e-08
2.045 1.4382 0 365.546 1.2828e-08
2.045 1.4382 0 366.548 1.25131e-08
2.045 1.4382 0 367.551 1.22063e-08
2.045 1.4382 0 368.553 1.19072e-08
2.045 1.4382 0 369.556 1.16157e-08
2.045 1.4382 0 370.558 1.13315e-08
2.045 1.4382 0 371.561 1.10546e-08
2.045 1.4382 0 372.563 1.07846e-08
2.045 1.4382 0 373.566 1.05214e-08
2.045 1.4382 0 374.568 1.02648e-08
2.045 1.4382 0 375.57 1.00147e-08
2.045 1.4382 0 376.573 9.77088e-09
2.045 1.4382 0 377.575 9.53316e-09
2.045 1.4382 0 378.578 9.3014e-09
2.045 1.4382 0 379.58 9.07544e-09
2.045 1.4382 0 380.583 8.85514e-09
2.045 1.4382 0 381.585 8.64033e-09
2.045 1.4382 0 382.588 8.43089e-09
2.045 1.4382 0 383.59 8.22667e-09
2.045 1.4382 0 384.593 8.02754e-09
2.045 1.4382 0 385.595 7.83337e-09
2.045 1.4382 0 386.598 7.64402e-09
2.045 1.4382 0 387.6 7.45938e-09
2.045 1.4382 0 388.603 7.27932e-09
2.045 1.4382 0 389.605 7.10372e-09
2.045 1.4382 0 390.607 6.93247e-09
2.045 1.4382 0 391.61 6.76546e-09
2.045 1.4382 0 392.612 6.60258e-09
2.045 1.4382 0 393.615 6.44373e-09
2.045 1.4382 0 394.617 6.2888e-09
2.045 1.4382 0 395.62 6.13768e-09
2.045 1.4382 0 396.622 5.99029e-09
2.045 1.4382 0 397.625 5.84653e-09
2.045 1.4382 0 398.627 5.70631e-09
2.045 1.4382 0 399.63 5.56953e-09
2.045 1.4382 0 400.632 5.43612e-09
2.045 1.4382 0 401.635 5.30597e-09
2.045 1.4382 0 402.637 5.17902e-09
2.045 1.4382 0 403.64 5.05518e-09
2.045 1.4382 0 404.642 4.93437e-09
2.045 1.4382 0 405.645 4.81651e-09
2.045 1.4382 0 406.647 4.70153e-09
2.045 1.4382 0 407.649 4.58937e-09
2.045 1.4382 0 408.652 4.47994e-09
2.045 1.4382 0 409.654 4.37318e-09
2.045 1.4382 0 410.657 4.26902e-09
2.045 1.4382 0 411.659 4.16739e-09
2.045 1.4382 0 412.662 4.06824e-09
2.045 1.4382 0 413.664 3.9715e-09
2.045 1.4382 0 414.667 3.87711e-09
2.045 1.4382 0 415.669 3.78501e-09
2.045 1.4382 0 416.672 3.69515e-09
2.045 1.4382 0 417.674 3.60746e-09
2.045 1.4382 0 418.677 3.5219e-09
2.045 1.4382 0 419.679 3.43841e-09
2.045 1.4382 0 420.682 3.35694e-09
2.045 1.4382 0 421.684 3.27744e-09
2.045 1.4382 0 422.686 3.19986e-09
2.045 1.4382 0 423.689 3.12416e-09
2.045 1.4382 0 424.691 3.05028e-09
2.045 1.4382 0 425.694 2.97818e-09
2.045 1.4382 0 426.696 2.90782e-09
2.045 1.4382 0 427.699 2.83915e-09
2.045 1.4382 0 428.701 2.77214e-09
2.045 1.4382 0 429.704 2.70674e-09
2.045 1.4382 0 430.706 2.64291e-09
2.045 1.4382 0 431.709 2.58061e-09
2.045 1.4382 0 432.711 2.51981e-09
2.045 1.4382 0 433.714 2.46047e-09
2.045 1.4382 0 434.716 2.40255e-09
2.045 1.4382 0 435.719 2.34602e-09
2.045 1.4382 0 436.721 2.29084e-09
2.045 1.4382 0 437.724 2.23699e-09
2.045 1.4382 0 438.726 2.18442e-09
2.045 1.4382 0 439.728 2.13311e-09
2.045 1.4382 0 440.731 2.08302e-09
2.045 1.4382 0 441.733 2.03414e-09
2.045 1.4382 0 442.736 1.98641e-09
2.045 1.4382 0 443.738 1.93983e-09
2.045 1.4382 0 444.741 1.89436e-09
2.045 1.4382 0 445.743 1.84997e-09
2.045 1.4382 0 446.746 1.80664e-09
2.045 1.4382 0 447.748 1.76434e-09
2.045 1.4382 0 448.751 1.72305e-09
2.045 1.4382 0 449.753 1.68273e-09
2.045 1.4382 0 450.756 1.64338e-09
2.045 1.4382 0 451.758 1.60496e-09
2.045 1.4382 0 452.761 1.56745e-09
2.045 1.4382 0 453.763 1.53084e-09
2.045 1.4382 0 454.765 1.49509e-09
2.045 1.4382 0 455.768 1.46019e-09
2.045 1.4382 0 456.77 1.42612e-09
2.045 1.4382 0 457.773 1.39285e-09
2.045 1.4382 0 458.775 1.36037e-09
2.045 1.4382 0 459.778 1.32866e-09
2.045 1.4382 0 460.78 1.2977e-09
2.045 1.4382 0 461.783 1.26747e-09
2.045 1.4382 0 462.785 1.23796e-09
2.045 1.4382 0 463.788 1.20914e-09
2.045 1.4382 0 464.79 1.181e-09
2.045 1.4382 0 465.793 1.15353e-09
2.045 1.4382 0 466.795 1.12671e-09
2.045 1.4382 0 467.798 1.10051e-09
2.045 1.4382 0 468.8 1.07494e-09
2.045 1.4382 0 469.803 1.04996e-09
2.045 1.4382 0 470.805 1.02558e-09
2.045 1.4382 0 471.807 1.00177e-09
2.045 1.4382 0 472.81 9.78518e-10
2.045 1.4382 0 473.812 9.55814e-10
2.045 1.4382 0 474.815 9.33644e-10
2.045 1.4382 0 475.817 9.11994e-10
2.045 1.4382 0 476.82 8.90853e-10
2.045 1.4382 0 477.822 8.70208e-10
2.045 1.4382 0 478.825 8.50048e-10
2.045 1.4382 0 479.827 8.30361e-10
2.045 1.4382 0 480.83 8.11135e-10
2.045 1.4382 0 481.832 7.9236e-10
2.045 1.4382 0 482.835 7.74025e-10
2.045 1.4382 0 483.837 7.56119e-10
2.045 1.4382 0 484.84 7.38632e-10
2.045 1.4382 0 485.842 7.21555e-10
2.045 1.4382 0 486.844 7.04877e-10
2.045 1.4382 0 487.847 6.88589e-10
2.045 1.4382 0 488.849 6.72682e-10
2.045 1.4382 0 489.852 6.57147e-10
2.045 1.4382 0 490.854 6.41975e-10
2.045 1.4382 0 491.857 6.27157e-10
2.045 1.4382 0 492.859 6.12685e-10
2.045 1.4382 0 493.862 5.9855e-10
2.045 1.4382 0 494.864 5.84745e-10
2.045 1.4382 0 495.867 5.71263e-10
2.045 1.4382 0 496.869 5.58094e-10
2.045 1.4382 0 497.872 5.45232e-10
2.045 1.4382 0 498.874 5.3267e-10
2.045 1.4382 0 499.877 5.20401e-10
2.045 1.4382 0 500.879 5.08417e-10
2.045 1.4382 0 501.882 4.96712e-10
2.045 1.4382 0 502.884 4.85279e-10
2.045 1.4382 0 503.886 4.74112e-10
2.045 1.4382 0 504.889 4.63205e-10
2.045 1.4382 0 505.891 4.52551e-10
2.045 1.4382 0 506.894 4.42145e-10
2.045 1.4382 0 507.896 4.31981e-10
2.045 1.4382 0 508.899 4.22052e-10
2.045 1.4382 0 509.901 4.12354e-10
2.045 1.4382 0 510.904 4.02881e-10
2.045 1.4382 0 511.906 3.93628e-10
2.045 1.4382 0 512.909 3.84589e-10
2.045 1.4382 0 513.911 3.7576e-10
2.045 1.4382 0 514.914 3.67136e-10
2.045 1.4382 0 515.916 3.58711e-10
2.045 1.4382 0 516.919 3.50482e-10
2.045 1.4382 0 517.921 3.42443e-10
2.045 1.4382 0 518.923 3.3459e-10
2.045 1.4382 0 519.926 3.26919e-10
2.045 1.4382 0 520.928 3.19426e-10
2.045 1.4382 0 521.931 3.12106e-10
2.045 1.4382 0 522.933 3.04955e-10
2.045 1.4382 0 523.936 2.97969e-10
2.045 1.4382 0 524.938 2.91145e-10
2.045 1.4382 0 525.941 2.84478e-10
2.045 1.4382 0 526.943 2.77966e-10
2.045 1.4382 0 527.946 2.71604e-10
2.045 1.4382 0 528.948 2.65388e-10
2.045 1.4382 0 529.951 2.59317e-10
2.045 1.4382 0 530.953 2.53385e-10
2.045 1.4382 0 531.956 2.4759e-10
2.045 1.4382 0 532.958 2.41929e-10
2.045 1.4382 0 533.961 2.36398e-10
2.045 1.4382 0 534.963 2.30995e-10
2.045 1.4382 0 535.965 2.25716e-10
2.045 1.4382 0 536.968 2.20559e-10
2.045 1.4382 0 537.97 2.15521e-10
2.045 1.4382 0 538.973 2.10599e-10
2.045 1.4382 0 539.975 2.0579e-10
2.045 1.4382 0 540.978 2.01092e-10
2.045 1.4382 0 541.98 1.96502e-10
2.045 1.4382 0 542.983 1.92017e-10
2.045 1.4382 0 543.985 1.87636e-10
2.045 1.4382 0 544.988 1.83355e-10
2.045 1.4382 0 545.99 1.79173e-10
2.045 1.4382 0 546.993 1.75087e-10
2.045 1.4382 0 547.995 1.71095e-10
2.045 1.4382 0 548.998 1.67194e-10
2.045 1.4382 0 550 1.63383e-10
