0.97 1.4382 0 150.015 4.57116e-06
0.97 1.4382 0 151.017 8.32399e-06
0.97 1.4382 0 152.02 8.65627e-06
0.97 1.4382 0 153.022 8.53313e-06
0.97 1.4382 0 154.025 8.38575e-06
0.97 1.4382 0 155.027 8.24213e-06
0.97 1.4382 0 156.03 8.10295e-06
0.97 1.4382 0 157.032 7.96758e-06
0.97 1.4382 0 158.035 7.83557e-06
0.97 1.4382 0 159.037 7.7066e-06
0.97 1.4382 0 160.04 7.58045e-06
0.97 1.4382 0 161.042 7.45693e-06
0.97 1.4382 0 162.045 7.33592e-06
0.97 1.4382 0 163.047 7.2173e-06
0.97 1.4382 0 164.05 7.10096e-06
0.97 1.4382 0 165.052 6.98684e-06
0.97 1.4382 0 166.054 6.87485e-06
0.97 1.4382 0 167.057 6.76493e-06
0.97 1.4382 0 168.059 6.65701e-06
0.97 1.4382 0 169.062 6.55105e-06
0.97 1.4382 0 170.064 6.44699e-06
0.97 1.4382 0 171.067 6.34478e-06
0.97 1.4382 0 172.069 6.24438e-06
0.97 1.4382 0 173.072 6.14575e-06
0.97 1.4382 0 174.074 6.04884e-06
0.97 1.4382 0 175.077 5.95362e-06
0.97 1.4382 0 176.079 5.86005e-06
0.97 1.4382 0 177.082 5.7681e-06
0.97 1.4382 0 178.084 5.67773e-06
0.97 1.4382 0 179.087 5.58891e-06
0.97 1.4382 0 180.089 5.5016e-06
0.97 1.4382 0 181.092 5.41578e-06
0.97 1.4382 0 182.094 5.33142e-06
0.97 1.4382 0 183.096 5.24849e-06
0.97 1.4382 0 184.099 5.16695e-06
0.97 1.4382 0 185.101 5.08679e-06
0.97 1.4382 0 186.104 5.00798e-06
0.97 1.4382 0 187.106 4.93049e-06
0.97 1.4382 0 188.109 4.8543e-06
0.97 1.4382 0 189.111 4.77938e-06
0.97 1.4382 0 190.114 4.7057e-06
0.97 1.4382 0 191.116 4.63325e-06
0.97 1.4382 0 192.119 4.56201e-06
0.97 1.4382 0 193.121 4.49194e-06
0.97 1.4382 0 194.124 4.42304e-06
0.97 1.4382 0 195.126 4.35527e-06
0.97 1.4382 0 196.129 4.28862e-06
0.97 1.4382 0 197.131 4.22306e-06
0.97 1.4382 0 198.133 4.15859e-06
0.97 1.4382 0 199.136 4.09517e-06
0.97 1.4382 0 200.138 4.03278e-06
0.97 1.4382 0 201.141 3.97142e-06
0.97 1.4382 0 202.143 3.91106e-06
0.97 1.4382 0 203.146 3.85169e-06
0.97 1.4382 0 204.148 3.79328e-06
0.97 1.4382 0 205.151 3.73582e-06
0.97 1.4382 0 206.153 3.6793e-06
0.97 1.4382 0 207.156 3.62369e-06
0.97 1.4382 0 208.158 3.56898e-06
0.97 1.4382 0 209.161 3.51516e-06
0.97 1.4382 0 210.163 3.4622e-06
0.97 1.4382 0 211.166 3.4101e-06
0.97 1.4382 0 212.168 3.35884e-06
0.97 1.4382 0 213.171 3.3084e-06
0.97 1.4382 0 214.173 3.25877e-06
0.97 1.4382 0 215.175 3.20994e-06
0.97 1.4382 0 216.178 3.16189e-06
0.97 1.4382 0 217.18 3.11461e-06
0.97 1.4382 0 218.183 3.06809e-06
0.97 1.4382 0 219.185 3.02231e-06
0.97 1.4382 0 220.188 2.97726e-06
0.97 1.4382 0 221.19 2.93292e-06
0.97 1.4382 0 222.193 2.88929e-06
0.97 1.4382 0 223.195 2.84636e-06
0.97 1.4382 0 224.198 2.8041e-06
0.97 1.4382 0 225.2 2.76252e-06
0.97 1.4382 0 226.203 2.72159e-06
0.97 1.4382 0 227.205 2.68131e-06
0.97 1.4382 0 228.208 2.64167e-06
0.97 1.4382 0 229.21 2.60265e-06
0.97 1.4382 0 230.212 2.56425e-06
0.97 1.4382 0 231.215 2.52645e-06
0.97 1.4382 0 232.217 2.48925e-06
0.97 1.4382 0 233.22 2.45263e-06
0.97 1.4382 0 234.222 2.41658e-06
0.97 1.4382 0 235.225 2.3811e-06
0.97 1.4382 0 236.227 2.34617e-06
0.97 1.4382 0 237.23 2.31179e-06
0.97 1.4382 0 238.232 2.27795e-06
0.97 1.4382 0 239.235 2.24464e-06
0.97 1.4382 0 240.237 2.21184e-06
0.97 1.4382 0 241.24 2.17955e-06
0.97 1.4382 0 242.242 2.14777e-06
0.97 1.4382 0 243.245 2.11648e-06
0.97 1.4382 0 244.247 2.08567e-06
0.97 1.4382 0 245.25 2.05535e-06
0.97 1.4382 0 246.252 2.02549e-06
0.97 1.4382 0 247.254 1.99609e-06
0.97 1.4382 0 248.257 1.96715e-06
0.97 1.4382 0 249.259 1.93865e-06
0.97 1.4382 0 250.262 1.91059e-06
0.97 1.4382 0 251.264 1.88297e-06
0.97 1.4382 0 252.267 1.85577e-06
0.97 1.4382 0 253.269 1.82899e-06
0.97 1.4382 0 254.272 1.80261e-06
0.97 1.4382 0 255.274 1.77665e-06
0.97 1.4382 0 256.277 1.75108e-06
0.97 1.4382 0 257.279 1.7259e-06
0.97 1.4382 0 258.282 1.7011e-06
0.97 1.4382 0 259.284 1.67669e-06
0.97 1.4382 0 260.287 1.65264e-06
0.97 1.4382 0 261.289 1.62897e-06
0.97 1.4382 0 262.291 1.60565e-06
0.97 1.4382 0 263.294 1.58269e-06
0.97 1.4382 0 264.296 1.56007e-06
0.97 1.4382 0 265.299 1.5378e-06
0.97 1.4382 0 266.301 1.51587e-06
0.97 1.4382 0 267.304 1.49427e-06
0.97 1.4382 0 268.306 1.47299e-06
0.97 1.4382 0 269.309 1.45204e-06
0.97 1.4382 0 270.311 1.4314e-06
0.97 1.4382 0 271.314 1.41107e-06
0.97 1.4382 0 272.316 1.39105e-06
0.97 1.4382 0 273.319 1.37133e-06
0.97 1.4382 0 274.321 1.35191e-06
0.97 1.4382 0 275.324 1.33278e-06
0.97 1.4382 0 276.326 1.31394e-06
0.97 1.4382 0 277.329 1.29537e-06
0.97 1.4382 0 278.331 1.27709e-06
0.97 1.4382 0 279.333 1.25908e-06
0.97 1.4382 0 280.336 1.24134e-06
0.97 1.4382 0 281.338 1.22386e-06
0.97 1.4382 0 282.341 1.20664e-06
0.97 1.4382 0 283.343 1.18969e-06
0.97 1.4382 0 284.346 1.17298e-06
0.97 1.4382 0 285.348 1.15652e-06
0.97 1.4382 0 286.351 1.1403e-06
0.97 1.4382 0 287.353 1.12433e-06
0.97 1.4382 0 288.356 1.10859e-06
0.97 1.4382 0 289.358 1.09309e-06
0.97 1.4382 0 290.361 1.07781e-06
0.97 1.4382 0 291.363 1.06276e-06
0.97 1.4382 0 292.366 1.04794e-06
0.97 1.4382 0 293.368 1.03333e-06
0.97 1.4382 0 294.37 1.01894e-06
0.97 1.4382 0 295.373 1.00475e-06
0.97 1.4382 0 296.375 9.90782e-07
0.97 1.4382 0 297.378 9.77015e-07
0.97 1.4382 0 298.38 9.6345e-07
0.97 1.4382 0 299.383 9.50083e-07
0.97 1.4382 0 300.385 9.36913e-07
0.97 1.4382 0 301.388 9.23935e-07
0.97 1.4382 0 302.39 9.11148e-07
0.97 1.4382 0 303.393 8.98547e-07
0.97 1.4382 0 304.395 8.8613e-07
0.97 1.4382 0 305.398 8.73894e-07
0.97 1.4382 0 306.4 8.61836e-07
0.97 1.4382 0 307.403 8.49954e-07
0.97 1.4382 0 308.405 8.38245e-07
0.97 1.4382 0 309.408 8.26706e-07
0.97 1.4382 0 310.41 8.15334e-07
0.97 1.4382 0 311.412 8.04127e-07
0.97 1.4382 0 312.415 7.93083e-07
0.97 1.4382 0 313.417 7.82199e-07
0.97 1.4382 0 314.42 7.71472e-07
0.97 1.4382 0 315.422 7.609e-07
0.97 1.4382 0 316.425 7.50481e-07
0.97 1.4382 0 317.427 7.40212e-07
0.97 1.4382 0 318.43 7.30091e-07
0.97 1.4382 0 319.432 7.20115e-07
0.97 1.4382 0 320.435 7.10284e-07
0.97 1.4382 0 321.437 7.00593e-07
0.97 1.4382 0 322.44 6.91042e-07
0.97 1.4382 0 323.442 6.81628e-07
0.97 1.4382 0 324.445 6.72349e-07
0.97 1.4382 0 325.447 6.63202e-07
0.97 1.4382 0 326.449 6.54187e-07
0.97 1.4382 0 327.452 6.45301e-07
0.97 1.4382 0 328.454 6.36541e-07
0.97 1.4382 0 329.457 6.27907e-07
0.97 1.4382 0 330.459 6.19395e-07
0.97 1.4382 0 331.462 6.11005e-07
0.97 1.4382 0 332.464 6.02735e-07
0.97 1.4382 0 333.467 5.94582e-07
0.97 1.4382 0 334.469 5.86545e-07
0.97 1.4382 0 335.472 5.78622e-07
0.97 1.4382 0 336.474 5.70812e-07
0.97 1.4382 0 337.477 5.63112e-07
0.97 1.4382 0 338.479 5.55521e-07
0.97 1.4382 0 339.482 5.48038e-07
0.97 1.4382 0 340.484 5.40661e-07
0.97 1.4382 0 341.487 5.33388e-07
0.97 1.4382 0 342.489 5.26217e-07
0.97 1.4382 0 343.491 5.19148e-07
0.97 1.4382 0 344.494 5.12179e-07
0.97 1.4382 0 345.496 5.05307e-07
0.97 1.4382 0 346.499 4.98532e-07
0.97 1.4382 0 347.501 4.91853e-07
0.97 1.4382 0 348.504 4.85267e-07
0.97 1.4382 0 349.506 4.78774e-07
0.97 1.4382 0 350.509 4.72372e-07
0.97 1.4382 0 351.511 4.6606e-07
0.97 1.4382 0 352.514 4.59836e-07
0.97 1.4382 0 353.516 4.53699e-07
0.97 1.4382 0 354.519 4.47648e-07
0.97 1.4382 0 355.521 4.41682e-07
0.97 1.4382 0 356.524 4.35799e-07
0.97 1.4382 0 357.526 4.29998e-07
0.97 1.4382 0 358.528 4.24277e-07
0.97 1.4382 0 359.531 4.18637e-07
0.97 1.4382 0 360.533 4.13075e-07
0.97 1.4382 0 361.536 4.0759e-07
0.97 1.4382 0 362.538 4.02182e-07
0.97 1.4382 0 363.541 3.96848e-07
0.97 1.4382 0 364.543 3.91589e-07
0.97 1.4382 0 365.546 3.86402e-07
0.97 1.4382 0 366.548 3.81288e-07
0.97 1.4382 0 367.551 3.76244e-07
0.97 1.4382 0 368.553 3.7127e-07
0.97 1.4382 0 369.556 3.66365e-07
0.97 1.4382 0 370.558 3.61527e-07
0.97 1.4382 0 371.561 3.56757e-07
0.97 1.4382 0 372.563 3.52052e-07
0.97 1.4382 0 373.566 3.47412e-07
0.97 1.4382 0 374.568 3.42836e-07
0.97 1.4382 0 375.57 3.38322e-07
0.97 1.4382 0 376.573 3.33871e-07
0.97 1.4382 0 377.575 3.29481e-07
0.97 1.4382 0 378.578 3.25151e-07
0.97 1.4382 0 379.58 3.20881e-07
0.97 1.4382 0 380.583 3.16669e-07
0.97 1.4382 0 381.585 3.12515e-07
0.97 1.4382 0 382.588 3.08418e-07
0.97 1.4382 0 383.59 3.04377e-07
0.97 1.4382 0 384.593 3.00391e-07
0.97 1.4382 0 385.595 2.9646e-07
0.97 1.4382 0 386.598 2.92582e-07
0.97 1.4382 0 387.6 2.88757e-07
0.97 1.4382 0 388.603 2.84985e-07
0.97 1.4382 0 389.605 2.81263e-07
0.97 1.4382 0 390.607 2.77593e-07
0.97 1.4382 0 391.61 2.73972e-07
0.97 1.4382 0 392.612 2.70401e-07
0.97 1.4382 0 393.615 2.66878e-07
0.97 1.4382 0 394.617 2.63403e-07
0.97 1.4382 0 395.62 2.59975e-07
0.97 1.4382 0 396.622 2.56593e-07
0.97 1.4382 0 397.625 2.53258e-07
0.97 1.4382 0 398.627 2.49967e-07
0.97 1.4382 0 399.63 2.46721e-07
0.97 1.4382 0 400.632 2.43519e-07
0.97 1.4382 0 401.635 2.40361e-07
0.97 1.4382 0 402.637 2.37244e-07
0.97 1.4382 0 403.64 2.3417e-07
0.97 1.4382 0 404.642 2.31138e-07
0.97 1.4382 0 405.645 2.28146e-07
0.97 1.4382 0 406.647 2.25194e-07
0.97 1.4382 0 407.649 2.22283e-07
0.97 1.4382 0 408.652 2.1941e-07
0.97 1.4382 0 409.654 2.16576e-07
0.97 1.4382 0 410.657 2.1378e-07
0.97 1.4382 0 411.659 2.11022e-07
0.97 1.4382 0 412.662 2.08301e-07
0.97 1.4382 0 413.664 2.05616e-07
0.97 1.4382 0 414.667 2.02967e-07
0.97 1.4382 0 415.669 2.00353e-07
0.97 1.4382 0 416.672 1.97775e-07
0.97 1.4382 0 417.674 1.95231e-07
0.97 1.4382 0 418.677 1.92721e-07
0.97 1.4382 0 419.679 1.90245e-07
0.97 1.4382 0 420.682 1.87801e-07
0.97 1.4382 0 421.684 1.8539e-07
0.97 1.4382 0 422.686 1.83012e-07
0.97 1.4382 0 423.689 1.80665e-07
0.97 1.4382 0 424.691 1.78349e-07
0.97 1.4382 0 425.694 1.76064e-07
0.97 1.4382 0 426.696 1.7381e-07
0.97 1.4382 0 427.699 1.71585e-07
0.97 1.4382 0 428.701 1.6939e-07
0.97 1.4382 0 429.704 1.67224e-07
0.97 1.4382 0 430.706 1.65087e-07
0.97 1.4382 0 431.709 1.62978e-07
0.97 1.4382 0 432.711 1.60897e-07
0.97 1.4382 0 433.714 1.58844e-07
0.97 1.4382 0 434.716 1.56818e-07
0.97 1.4382 0 435.719 1.54819e-07
0.97 1.4382 0 436.721 1.52846e-07
0.97 1.4382 0 437.724 1.50899e-07
0.97 1.4382 0 438.726 1.48978e-07
0.97 1.4382 0 439.728 1.47082e-07
0.97 1.4382 0 440.731 1.45211e-07
0.97 1.4382 0 441.733 1.43365e-07
0.97 1.4382 0 442.736 1.41543e-07
0.97 1.4382 0 443.738 1.39745e-07
0.97 1.4382 0 444.741 1.37971e-07
0.97 1.4382 0 445.743 1.3622e-07
0.97 1.4382 0 446.746 1.34493e-07
0.97 1.4382 0 447.748 1.32787e-07
0.97 1.4382 0 448.751 1.31105e-07
0.97 1.4382 0 449.753 1.29444e-07
0.97 1.4382 0 450.756 1.27805e-07
0.97 1.4382 0 451.758 1.26188e-07
0.97 1.4382 0 452.761 1.24592e-07
0.97 1.4382 0 453.763 1.23016e-07
0.97 1.4382 0 454.765 1.21461e-07
0.97 1.4382 0 455.768 1.19927e-07
0.97 1.4382 0 456.77 1.18413e-07
0.97 1.4382 0 457.773 1.16918e-07
0.97 1.4382 0 458.775 1.15443e-07
0.97 1.4382 0 459.778 1.13987e-07
0.97 1.4382 0 460.78 1.12551e-07
0.97 1.4382 0 461.783 1.11132e-07
0.97 1.4382 0 462.785 1.09733e-07
0.97 1.4382 0 463.788 1.08351e-07
0.97 1.4382 0 464.79 1.06988e-07
0.97 1.4382 0 465.793 1.05642e-07
0.97 1.4382 0 466.795 1.04314e-07
0.97 1.4382 0 467.798 1.03003e-07
0.97 1.4382 0 468.8 1.01709e-07
0.97 1.4382 0 469.803 1.00432e-07
0.97 1.4382 0 470.805 9.91717e-08
0.97 1.4382 0 471.807 9.79275e-08
0.97 1.4382 0 472.81 9.66995e-08
0.97 1.4382 0 473.812 9.54873e-08
0.97 1.4382 0 474.815 9.42908e-08
0.97 1.4382 0 475.817 9.31098e-08
0.97 1.4382 0 476.82 9.19441e-08
0.97 1.4382 0 477.822 9.07934e-08
0.97 1.4382 0 478.825 8.96576e-08
0.97 1.4382 0 479.827 8.85365e-08
0.97 1.4382 0 480.83 8.74299e-08
0.97 1.4382 0 481.832 8.63375e-08
0.97 1.4382 0 482.835 8.52592e-08
0.97 1.4382 0 483.837 8.41948e-08
0.97 1.4382 0 484.84 8.31441e-08
0.97 1.4382 0 485.842 8.21069e-08
0.97 1.4382 0 486.844 8.10831e-08
0.97 1.4382 0 487.847 8.00724e-08
0.97 1.4382 0 488.849 7.90748e-08
0.97 1.4382 0 489.852 7.80899e-08
0.97 1.4382 0 490.854 7.71177e-08
0.97 1.4382 0 491.857 7.6158e-08
0.97 1.4382 0 492.859 7.52106e-08
0.97 1.4382 0 493.862 7.42754e-08
0.97 1.4382 0 494.864 7.33521e-08
0.97 1.4382 0 495.867 7.24407e-08
0.97 1.4382 0 496.869 7.15409e-08
0.97 1.4382 0 497.872 7.06526e-08
0.97 1.4382 0 498.874 6.97757e-08
0.97 1.4382 0 499.877 6.89101e-08
0.97 1.4382 0 500.879 6.80555e-08
0.97 1.4382 0 501.882 6.72118e-08
0.97 1.4382 0 502.884 6.63788e-08
0.97 1.4382 0 503.886 6.55566e-08
0.97 1.4382 0 504.889 6.47448e-08
0.97 1.4382 0 505.891 6.39433e-08
0.97 1.4382 0 506.894 6.31521e-08
0.97 1.4382 0 507.896 6.23709e-08
0.97 1.4382 0 508.899 6.15997e-08
0.97 1.4382 0 509.901 6.08383e-08
0.97 1.4382 0 510.904 6.00866e-08
0.97 1.4382 0 511.906 5.93445e-08
0.97 1.4382 0 512.909 5.86118e-08
0.97 1.4382 0 513.911 5.78884e-08
0.97 1.4382 0 514.914 5.71742e-08
0.97 1.4382 0 515.916 5.6469e-08
0.97 1.4382 0 516.919 5.57728e-08
0.97 1.4382 0 517.921 5.50854e-08
0.97 1.4382 0 518.923 5.44068e-08
0.97 1.4382 0 519.926 5.37367e-08
0.97 1.4382 0 520.928 5.30751e-08
0.97 1.4382 0 521.931 5.24219e-08
0.97 1.4382 0 522.933 5.1777e-08
0.97 1.4382 0 523.936 5.11402e-08
0.97 1.4382 0 524.938 5.05115e-08
0.97 1.4382 0 525.941 4.98907e-08
0.97 1.4382 0 526.943 4.92778e-08
0.97 1.4382 0 527.946 4.86726e-08
0.97 1.4382 0 528.948 4.80751e-08
0.97 1.4382 0 529.951 4.7485e-08
0.97 1.4382 0 530.953 4.69025e-08
0.97 1.4382 0 531.956 4.63272e-08
0.97 1.4382 0 532.958 4.57593e-08
0.97 1.4382 0 533.961 4.51984e-08
0.97 1.4382 0 534.963 4.46447e-08
0.97 1.4382 0 535.965 4.40979e-08
0.97 1.4382 0 536.968 4.35579e-08
0.97 1.4382 0 537.97 4.30248e-08
0.97 1.4382 0 538.973 4.24984e-08
0.97 1.4382 0 539.975 4.19786e-08
0.97 1.4382 0 540.978 4.14653e-08
0.97 1.4382 0 541.98 4.09584e-08
0.97 1.4382 0 542.983 4.0458e-08
0.97 1.4382 0 543.985 3.99638e-08
0.97 1.4382 0 544.988 3.94757e-08
0.97 1.4382 0 545.99 3.89939e-08
0.97 1.4382 0 546.993 3.8518e-08
0.97 1.4382 0 547.995 3.80481e-08
0.97 1.4382 0 548.998 3.75841e-08
0.97 1.4382 0 550 3.71259e-08
