0.49 1.4382 0 150.015 3.45845e-07
0.49 1.4382 0 151.017 5.91908e-07
0.49 1.4382 0 152.02 6.15321e-07
0.49 1.4382 0 153.022 5.95618e-07
0.49 1.4382 0 154.025 5.75868e-07
0.49 1.4382 0 155.027 5.59223e-07
0.49 1.4382 0 156.03 5.44965e-07
0.49 1.4382 0 157.032 5.32421e-07
0.49 1.4382 0 158.035 5.21148e-07
0.49 1.4382 0 159.037 5.10859e-07
0.49 1.4382 0 160.04 5.01356e-07
0.49 1.4382 0 161.042 4.92497e-07
0.49 1.4382 0 162.045 4.84177e-07
0.49 1.4382 0 163.047 4.76316e-07
0.49 1.4382 0 164.05 4.68851e-07
0.49 1.4382 0 165.052 4.61734e-07
0.49 1.4382 0 166.054 4.54924e-07
0.49 1.4382 0 167.057 4.48388e-07
0.49 1.4382 0 168.059 4.42098e-07
0.49 1.4382 0 169.062 4.36032e-07
0.49 1.4382 0 170.064 4.3017e-07
0.49 1.4382 0 171.067 4.24495e-07
0.49 1.4382 0 172.069 4.18991e-07
0.49 1.4382 0 173.072 4.13648e-07
0.49 1.4382 0 174.074 4.08452e-07
0.49 1.4382 0 175.077 4.03396e-07
0.49 1.4382 0 176.079 3.98468e-07
0.49 1.4382 0 177.082 3.93663e-07
0.49 1.4382 0 178.084 3.88972e-07
0.49 1.4382 0 179.087 3.8439e-07
0.49 1.4382 0 180.089 3.7991e-07
0.49 1.4382 0 181.092 3.75528e-07
0.49 1.4382 0 182.094 3.71239e-07
0.49 1.4382 0 183.096 3.67038e-07
0.49 1.4382 0 184.099 3.62921e-07
0.49 1.4382 0 185.101 3.58886e-07
0.49 1.4382 0 186.104 3.54927e-07
0.49 1.4382 0 187.106 3.51042e-07
0.49 1.4382 0 188.109 3.47229e-07
0.49 1.4382 0 189.111 3.43484e-07
0.49 1.4382 0 190.114 3.39805e-07
0.49 1.4382 0 191.116 3.3619e-07
0.49 1.4382 0 192.119 3.32636e-07
0.49 1.4382 0 193.121 3.29141e-07
0.49 1.4382 0 194.124 3.25704e-07
0.49 1.4382 0 195.126 3.22322e-07
0.49 1.4382 0 196.129 3.18994e-07
0.49 1.4382 0 197.131 3.15718e-07
0.49 1.4382 0 198.133 3.12493e-07
0.49 1.4382 0 199.136 3.09317e-07
0.49 1.4382 0 200.138 3.06188e-07
0.49 1.4382 0 201.141 3.03106e-07
0.49 1.4382 0 202.143 3.00069e-07
0.49 1.4382 0 203.146 2.97076e-07
0.49 1.4382 0 204.148 2.94125e-07
0.49 1.4382 0 205.151 2.91217e-07
0.49 1.4382 0 206.153 2.88349e-07
0.49 1.4382 0 207.156 2.8552e-07
0.49 1.4382 0 208.158 2.82731e-07
0.49 1.4382 0 209.161 2.79979e-07
0.49 1.4382 0 210.163 2.77264e-07
0.49 1.4382 0 211.166 2.74585e-07
0.49 1.4382 0 212.168 2.71942e-07
0.49 1.4382 0 213.171 2.69333e-07
0.49 1.4382 0 214.173 2.66758e-07
0.49 1.4382 0 215.175 2.64216e-07
0.49 1.4382 0 216.178 2.61706e-07
0.49 1.4382 0 217.18 2.59228e-07
0.49 1.4382 0 218.183 2.56781e-07
0.49 1.4382 0 219.185 2.54364e-07
0.49 1.4382 0 220.188 2.51977e-07
0.49 1.4382 0 221.19 2.4962e-07
0.49 1.4382 0 222.193 2.47291e-07
0.49 1.4382 0 223.195 2.4499e-07
0.49 1.4382 0 224.198 2.42717e-07
0.49 1.4382 0 225.2 2.40471e-07
0.49 1.4382 0 226.203 2.38252e-07
0.49 1.4382 0 227.205 2.36058e-07
0.49 1.4382 0 228.208 2.33891e-07
0.49 1.4382 0 229.21 2.31748e-07
0.49 1.4382 0 230.212 2.29631e-07
0.49 1.4382 0 231.215 2.27538e-07
0.49 1.4382 0 232.217 2.25469e-07
0.49 1.4382 0 233.22 2.23423e-07
0.49 1.4382 0 234.222 2.214e-07
0.49 1.4382 0 235.225 2.19401e-07
0.49 1.4382 0 236.227 2.17423e-07
0.49 1.4382 0 237.23 2.15468e-07
0.49 1.4382 0 238.232 2.13535e-07
0.49 1.4382 0 239.235 2.11622e-07
0.49 1.4382 0 240.237 2.09731e-07
0.49 1.4382 0 241.24 2.07861e-07
0.49 1.4382 0 242.242 2.06011e-07
0.49 1.4382 0 243.245 2.0418e-07
0.49 1.4382 0 244.247 2.0237e-07
0.49 1.4382 0 245.25 2.00579e-07
0.49 1.4382 0 246.252 1.98808e-07
0.49 1.4382 0 247.254 1.97055e-07
0.49 1.4382 0 248.257 1.95321e-07
0.49 1.4382 0 249.259 1.93605e-07
0.49 1.4382 0 250.262 1.91908e-07
0.49 1.4382 0 251.264 1.90228e-07
0.49 1.4382 0 252.267 1.88566e-07
0.49 1.4382 0 253.269 1.86921e-07
0.49 1.4382 0 254.272 1.85293e-07
0.49 1.4382 0 255.274 1.83682e-07
0.49 1.4382 0 256.277 1.82088e-07
0.49 1.4382 0 257.279 1.8051e-07
0.49 1.4382 0 258.282 1.78948e-07
0.49 1.4382 0 259.284 1.77402e-07
0.49 1.4382 0 260.287 1.75872e-07
0.49 1.4382 0 261.289 1.74358e-07
0.49 1.4382 0 262.291 1.72859e-07
0.49 1.4382 0 263.294 1.71375e-07
0.49 1.4382 0 264.296 1.69906e-07
0.49 1.4382 0 265.299 1.68451e-07
0.49 1.4382 0 266.301 1.67012e-07
0.49 1.4382 0 267.304 1.65586e-07
0.49 1.4382 0 268.306 1.64175e-07
0.49 1.4382 0 269.309 1.62778e-07
0.49 1.4382 0 270.311 1.61395e-07
0.49 1.4382 0 271.314 1.60025e-07
0.49 1.4382 0 272.316 1.58669e-07
0.49 1.4382 0 273.319 1.57326e-07
0.49 1.4382 0 274.321 1.55996e-07
0.49 1.4382 0 275.324 1.54679e-07
0.49 1.4382 0 276.326 1.53375e-07
0.49 1.4382 0 277.329 1.52084e-07
0.49 1.4382 0 278.331 1.50805e-07
0.49 1.4382 0 279.333 1.49539e-07
0.49 1.4382 0 280.336 1.48285e-07
0.49 1.4382 0 281.338 1.47043e-07
0.49 1.4382 0 282.341 1.45813e-07
0.49 1.4382 0 283.343 1.44595e-07
0.49 1.4382 0 284.346 1.43388e-07
0.49 1.4382 0 285.348 1.42193e-07
0.49 1.4382 0 286.351 1.41009e-07
0.49 1.4382 0 287.353 1.39837e-07
0.49 1.4382 0 288.356 1.38675e-07
0.49 1.4382 0 289.358 1.37525e-07
0.49 1.4382 0 290.361 1.36386e-07
0.49 1.4382 0 291.363 1.35257e-07
0.49 1.4382 0 292.366 1.34139e-07
0.49 1.4382 0 293.368 1.33031e-07
0.49 1.4382 0 294.37 1.31934e-07
0.49 1.4382 0 295.373 1.30847e-07
0.49 1.4382 0 296.375 1.2977e-07
0.49 1.4382 0 297.378 1.28703e-07
0.49 1.4382 0 298.38 1.27647e-07
0.49 1.4382 0 299.383 1.266e-07
0.49 1.4382 0 300.385 1.25562e-07
0.49 1.4382 0 301.388 1.24535e-07
0.49 1.4382 0 302.39 1.23516e-07
0.49 1.4382 0 303.393 1.22508e-07
0.49 1.4382 0 304.395 1.21508e-07
0.49 1.4382 0 305.398 1.20518e-07
0.49 1.4382 0 306.4 1.19536e-07
0.49 1.4382 0 307.403 1.18564e-07
0.49 1.4382 0 308.405 1.17601e-07
0.49 1.4382 0 309.408 1.16646e-07
0.49 1.4382 0 310.41 1.157e-07
0.49 1.4382 0 311.412 1.14763e-07
0.49 1.4382 0 312.415 1.13834e-07
0.49 1.4382 0 313.417 1.12914e-07
0.49 1.4382 0 314.42 1.12002e-07
0.49 1.4382 0 315.422 1.11098e-07
0.49 1.4382 0 316.425 1.10203e-07
0.49 1.4382 0 317.427 1.09315e-07
0.49 1.4382 0 318.43 1.08436e-07
0.49 1.4382 0 319.432 1.07564e-07
0.49 1.4382 0 320.435 1.067e-07
0.49 1.4382 0 321.437 1.05844e-07
0.49 1.4382 0 322.44 1.04996e-07
0.49 1.4382 0 323.442 1.04155e-07
0.49 1.4382 0 324.445 1.03322e-07
0.49 1.4382 0 325.447 1.02496e-07
0.49 1.4382 0 326.449 1.01678e-07
0.49 1.4382 0 327.452 1.00866e-07
0.49 1.4382 0 328.454 1.00062e-07
0.49 1.4382 0 329.457 9.92654e-08
0.49 1.4382 0 330.459 9.84756e-08
0.49 1.4382 0 331.462 9.76927e-08
0.49 1.4382 0 332.464 9.69168e-08
0.49 1.4382 0 333.467 9.61477e-08
0.49 1.4382 0 334.469 9.53854e-08
0.49 1.4382 0 335.472 9.46298e-08
0.49 1.4382 0 336.474 9.38808e-08
0.49 1.4382 0 337.477 9.31384e-08
0.49 1.4382 0 338.479 9.24025e-08
0.49 1.4382 0 339.482 9.16731e-08
0.49 1.4382 0 340.484 9.095e-08
0.49 1.4382 0 341.487 9.02332e-08
0.49 1.4382 0 342.489 8.95227e-08
0.49 1.4382 0 343.491 8.88184e-08
0.49 1.4382 0 344.494 8.81202e-08
0.49 1.4382 0 345.496 8.7428e-08
0.49 1.4382 0 346.499 8.67419e-08
0.49 1.4382 0 347.501 8.60617e-08
0.49 1.4382 0 348.504 8.53874e-08
0.49 1.4382 0 349.506 8.47189e-08
0.49 1.4382 0 350.509 8.40563e-08
0.49 1.4382 0 351.511 8.33993e-08
0.49 1.4382 0 352.514 8.2748e-08
0.49 1.4382 0 353.516 8.21023e-08
0.49 1.4382 0 354.519 8.14621e-08
0.49 1.4382 0 355.521 8.08275e-08
0.49 1.4382 0 356.524 8.01982e-08
0.49 1.4382 0 357.526 7.95744e-08
0.49 1.4382 0 358.528 7.89559e-08
0.49 1.4382 0 359.531 7.83427e-08
0.49 1.4382 0 360.533 7.77348e-08
0.49 1.4382 0 361.536 7.7132e-08
0.49 1.4382 0 362.538 7.65344e-08
0.49 1.4382 0 363.541 7.59419e-08
0.49 1.4382 0 364.543 7.53544e-08
0.49 1.4382 0 365.546 7.47718e-08
0.49 1.4382 0 366.548 7.41943e-08
0.49 1.4382 0 367.551 7.36216e-08
0.49 1.4382 0 368.553 7.30538e-08
0.49 1.4382 0 369.556 7.24908e-08
0.49 1.4382 0 370.558 7.19325e-08
0.49 1.4382 0 371.561 7.1379e-08
0.49 1.4382 0 372.563 7.08301e-08
0.49 1.4382 0 373.566 7.02858e-08
0.49 1.4382 0 374.568 6.97462e-08
0.49 1.4382 0 375.57 6.9211e-08
0.49 1.4382 0 376.573 6.86804e-08
0.49 1.4382 0 377.575 6.81542e-08
0.49 1.4382 0 378.578 6.76324e-08
0.49 1.4382 0 379.58 6.7115e-08
0.49 1.4382 0 380.583 6.66019e-08
0.49 1.4382 0 381.585 6.60932e-08
0.49 1.4382 0 382.588 6.55886e-08
0.49 1.4382 0 383.59 6.50883e-08
0.49 1.4382 0 384.593 6.45921e-08
0.49 1.4382 0 385.595 6.41001e-08
0.49 1.4382 0 386.598 6.36122e-08
0.49 1.4382 0 387.6 6.31283e-08
0.49 1.4382 0 388.603 6.26484e-08
0.49 1.4382 0 389.605 6.21726e-08
0.49 1.4382 0 390.607 6.17006e-08
0.49 1.4382 0 391.61 6.12326e-08
0.49 1.4382 0 392.612 6.07684e-08
0.49 1.4382 0 393.615 6.03081e-08
0.49 1.4382 0 394.617 5.98516e-08
0.49 1.4382 0 395.62 5.93989e-08
0.49 1.4382 0 396.622 5.89498e-08
0.49 1.4382 0 397.625 5.85045e-08
0.49 1.4382 0 398.627 5.80629e-08
0.49 1.4382 0 399.63 5.76248e-08
0.49 1.4382 0 400.632 5.71904e-08
0.49 1.4382 0 401.635 5.67595e-08
0.49 1.4382 0 402.637 5.63322e-08
0.49 1.4382 0 403.64 5.59084e-08
0.49 1.4382 0 404.642 5.5488e-08
0.49 1.4382 0 405.645 5.50711e-08
0.49 1.4382 0 406.647 5.46576e-08
0.49 1.4382 0 407.649 5.42474e-08
0.49 1.4382 0 408.652 5.38406e-08
0.49 1.4382 0 409.654 5.34371e-08
0.49 1.4382 0 410.657 5.30369e-08
0.49 1.4382 0 411.659 5.264e-08
0.49 1.4382 0 412.662 5.22463e-08
0.49 1.4382 0 413.664 5.18557e-08
0.49 1.4382 0 414.667 5.14684e-08
0.49 1.4382 0 415.669 5.10842e-08
0.49 1.4382 0 416.672 5.07031e-08
0.49 1.4382 0 417.674 5.03251e-08
0.49 1.4382 0 418.677 4.99501e-08
0.49 1.4382 0 419.679 4.95782e-08
0.49 1.4382 0 420.682 4.92092e-08
0.49 1.4382 0 421.684 4.88433e-08
0.49 1.4382 0 422.686 4.84803e-08
0.49 1.4382 0 423.689 4.81202e-08
0.49 1.4382 0 424.691 4.7763e-08
0.49 1.4382 0 425.694 4.74087e-08
0.49 1.4382 0 426.696 4.70572e-08
0.49 1.4382 0 427.699 4.67086e-08
0.49 1.4382 0 428.701 4.63627e-08
0.49 1.4382 0 429.704 4.60197e-08
0.49 1.4382 0 430.706 4.56793e-08
0.49 1.4382 0 431.709 4.53417e-08
0.49 1.4382 0 432.711 4.50068e-08
0.49 1.4382 0 433.714 4.46746e-08
0.49 1.4382 0 434.716 4.4345e-08
0.49 1.4382 0 435.719 4.40181e-08
0.49 1.4382 0 436.721 4.36937e-08
0.49 1.4382 0 437.724 4.3372e-08
0.49 1.4382 0 438.726 4.30528e-08
0.49 1.4382 0 439.728 4.27361e-08
0.49 1.4382 0 440.731 4.24219e-08
0.49 1.4382 0 441.733 4.21103e-08
0.49 1.4382 0 442.736 4.18011e-08
0.49 1.4382 0 443.738 4.14944e-08
0.49 1.4382 0 444.741 4.11901e-08
0.49 1.4382 0 445.743 4.08882e-08
0.49 1.4382 0 446.746 4.05887e-08
0.49 1.4382 0 447.748 4.02915e-08
0.49 1.4382 0 448.751 3.99967e-08
0.49 1.4382 0 449.753 3.97043e-08
0.49 1.4382 0 450.756 3.94141e-08
0.49 1.4382 0 451.758 3.91262e-08
0.49 1.4382 0 452.761 3.88406e-08
0.49 1.4382 0 453.763 3.85573e-08
0.49 1.4382 0 454.765 3.82761e-08
0.49 1.4382 0 455.768 3.79972e-08
0.49 1.4382 0 456.77 3.77205e-08
0.49 1.4382 0 457.773 3.74459e-08
0.49 1.4382 0 458.775 3.71735e-08
0.49 1.4382 0 459.778 3.69032e-08
0.49 1.4382 0 460.78 3.66351e-08
0.49 1.4382 0 461.783 3.6369e-08
0.49 1.4382 0 462.785 3.6105e-08
0.49 1.4382 0 463.788 3.58431e-08
0.49 1.4382 0 464.79 3.55832e-08
0.49 1.4382 0 465.793 3.53253e-08
0.49 1.4382 0 466.795 3.50695e-08
0.49 1.4382 0 467.798 3.48156e-08
0.49 1.4382 0 468.8 3.45638e-08
0.49 1.4382 0 469.803 3.43138e-08
0.49 1.4382 0 470.805 3.40659e-08
0.49 1.4382 0 471.807 3.38198e-08
0.49 1.4382 0 472.81 3.35757e-08
0.49 1.4382 0 473.812 3.33334e-08
0.49 1.4382 0 474.815 3.3093e-08
0.49 1.4382 0 475.817 3.28545e-08
0.49 1.4382 0 476.82 3.26179e-08
0.49 1.4382 0 477.822 3.2383e-08
0.49 1.4382 0 478.825 3.215e-08
0.49 1.4382 0 479.827 3.19188e-08
0.49 1.4382 0 480.83 3.16894e-08
0.49 1.4382 0 481.832 3.14617e-08
0.49 1.4382 0 482.835 3.12358e-08
0.49 1.4382 0 483.837 3.10116e-08
0.49 1.4382 0 484.84 3.07892e-08
0.49 1.4382 0 485.842 3.05684e-08
0.49 1.4382 0 486.844 3.03494e-08
0.49 1.4382 0 487.847 3.0132e-08
0.49 1.4382 0 488.849 2.99163e-08
0.49 1.4382 0 489.852 2.97023e-08
0.49 1.4382 0 490.854 2.94899e-08
0.49 1.4382 0 491.857 2.92792e-08
0.49 1.4382 0 492.859 2.907e-08
0.49 1.4382 0 493.862 2.88624e-08
0.49 1.4382 0 494.864 2.86565e-08
0.49 1.4382 0 495.867 2.84521e-08
0.49 1.4382 0 496.869 2.82493e-08
0.49 1.4382 0 497.872 2.8048e-08
0.49 1.4382 0 498.874 2.78482e-08
0.49 1.4382 0 499.877 2.765e-08
0.49 1.4382 0 500.879 2.74533e-08
0.49 1.4382 0 501.882 2.72581e-08
0.49 1.4382 0 502.884 2.70643e-08
0.49 1.4382 0 503.886 2.68721e-08
0.49 1.4382 0 504.889 2.66812e-08
0.49 1.4382 0 505.891 2.64919e-08
0.49 1.4382 0 506.894 2.6304e-08
0.49 1.4382 0 507.896 2.61175e-08
0.49 1.4382 0 508.899 2.59324e-08
0.49 1.4382 0 509.901 2.57487e-08
0.49 1.4382 0 510.904 2.55664e-08
0.49 1.4382 0 511.906 2.53855e-08
0.49 1.4382 0 512.909 2.5206e-08
0.49 1.4382 0 513.911 2.50278e-08
0.49 1.4382 0 514.914 2.48509e-08
0.49 1.4382 0 515.916 2.46754e-08
0.49 1.4382 0 516.919 2.45012e-08
0.49 1.4382 0 517.921 2.43284e-08
0.49 1.4382 0 518.923 2.41568e-08
0.49 1.4382 0 519.926 2.39865e-08
0.49 1.4382 0 520.928 2.38175e-08
0.49 1.4382 0 521.931 2.36498e-08
0.49 1.4382 0 522.933 2.34833e-08
0.49 1.4382 0 523.936 2.33181e-08
0.49 1.4382 0 524.938 2.31541e-08
0.49 1.4382 0 525.941 2.29914e-08
0.49 1.4382 0 526.943 2.28298e-08
0.49 1.4382 0 527.946 2.26695e-08
0.49 1.4382 0 528.948 2.25104e-08
0.49 1.4382 0 529.951 2.23524e-08
0.49 1.4382 0 530.953 2.21957e-08
0.49 1.4382 0 531.956 2.20401e-08
0.49 1.4382 0 532.958 2.18857e-08
0.49 1.4382 0 533.961 2.17324e-08
0.49 1.4382 0 534.963 2.15803e-08
0.49 1.4382 0 535.965 2.14293e-08
0.49 1.4382 0 536.968 2.12794e-08
0.49 1.4382 0 537.97 2.11307e-08
0.49 1.4382 0 538.973 2.0983e-08
0.49 1.4382 0 539.975 2.08365e-08
0.49 1.4382 0 540.978 2.0691e-08
0.49 1.4382 0 541.98 2.05466e-08
0.49 1.4382 0 542.983 2.04033e-08
0.49 1.4382 0 543.985 2.02611e-08
0.49 1.4382 0 544.988 2.01199e-08
0.49 1.4382 0 545.99 1.99798e-08
0.49 1.4382 0 546.993 1.98407e-08
0.49 1.4382 0 547.995 1.97026e-08
0.49 1.4382 0 548.998 1.95655e-08
0.49 1.4382 0 550 1.94295e-08
