0.315 1.4382 0 150.015 4.06316e-07
0.315 1.4382 0 151.017 6.99253e-07
0.315 1.4382 0 152.02 7.33069e-07
0.315 1.4382 0 153.022 7.15113e-07
0.315 1.4382 0 154.025 6.9608e-07
0.315 1.4382 0 155.027 6.80048e-07
0.315 1.4382 0 156.03 6.66393e-07
0.315 1.4382 0 157.032 6.54441e-07
0.315 1.4382 0 158.035 6.43748e-07
0.315 1.4382 0 159.037 6.34024e-07
0.315 1.4382 0 160.04 6.25069e-07
0.315 1.4382 0 161.042 6.1674e-07
0.315 1.4382 0 162.045 6.08932e-07
0.315 1.4382 0 163.047 6.01565e-07
0.315 1.4382 0 164.05 5.94576e-07
0.315 1.4382 0 165.052 5.87916e-07
0.315 1.4382 0 166.054 5.81545e-07
0.315 1.4382 0 167.057 5.75431e-07
0.315 1.4382 0 168.059 5.69545e-07
0.315 1.4382 0 169.062 5.63865e-07
0.315 1.4382 0 170.064 5.58373e-07
0.315 1.4382 0 171.067 5.5305e-07
0.315 1.4382 0 172.069 5.47884e-07
0.315 1.4382 0 173.072 5.42861e-07
0.315 1.4382 0 174.074 5.37971e-07
0.315 1.4382 0 175.077 5.33204e-07
0.315 1.4382 0 176.079 5.28552e-07
0.315 1.4382 0 177.082 5.24007e-07
0.315 1.4382 0 178.084 5.19563e-07
0.315 1.4382 0 179.087 5.15213e-07
0.315 1.4382 0 180.089 5.10953e-07
0.315 1.4382 0 181.092 5.06776e-07
0.315 1.4382 0 182.094 5.0268e-07
0.315 1.4382 0 183.096 4.98659e-07
0.315 1.4382 0 184.099 4.9471e-07
0.315 1.4382 0 185.101 4.90829e-07
0.315 1.4382 0 186.104 4.87014e-07
0.315 1.4382 0 187.106 4.83262e-07
0.315 1.4382 0 188.109 4.79569e-07
0.315 1.4382 0 189.111 4.75934e-07
0.315 1.4382 0 190.114 4.72354e-07
0.315 1.4382 0 191.116 4.68827e-07
0.315 1.4382 0 192.119 4.65352e-07
0.315 1.4382 0 193.121 4.61925e-07
0.315 1.4382 0 194.124 4.58546e-07
0.315 1.4382 0 195.126 4.55213e-07
0.315 1.4382 0 196.129 4.51924e-07
0.315 1.4382 0 197.131 4.48678e-07
0.315 1.4382 0 198.133 4.45473e-07
0.315 1.4382 0 199.136 4.42309e-07
0.315 1.4382 0 200.138 4.39184e-07
0.315 1.4382 0 201.141 4.36097e-07
0.315 1.4382 0 202.143 4.33047e-07
0.315 1.4382 0 203.146 4.30033e-07
0.315 1.4382 0 204.148 4.27054e-07
0.315 1.4382 0 205.151 4.24108e-07
0.315 1.4382 0 206.153 4.21196e-07
0.315 1.4382 0 207.156 4.18317e-07
0.315 1.4382 0 208.158 4.15468e-07
0.315 1.4382 0 209.161 4.12651e-07
0.315 1.4382 0 210.163 4.09864e-07
0.315 1.4382 0 211.166 4.07106e-07
0.315 1.4382 0 212.168 4.04377e-07
0.315 1.4382 0 213.171 4.01675e-07
0.315 1.4382 0 214.173 3.99002e-07
0.315 1.4382 0 215.175 3.96355e-07
0.315 1.4382 0 216.178 3.93735e-07
0.315 1.4382 0 217.18 3.9114e-07
0.315 1.4382 0 218.183 3.88571e-07
0.315 1.4382 0 219.185 3.86027e-07
0.315 1.4382 0 220.188 3.83507e-07
0.315 1.4382 0 221.19 3.81011e-07
0.315 1.4382 0 222.193 3.78538e-07
0.315 1.4382 0 223.195 3.76088e-07
0.315 1.4382 0 224.198 3.73661e-07
0.315 1.4382 0 225.2 3.71256e-07
0.315 1.4382 0 226.203 3.68874e-07
0.315 1.4382 0 227.205 3.66512e-07
0.315 1.4382 0 228.208 3.64172e-07
0.315 1.4382 0 229.21 3.61852e-07
0.315 1.4382 0 230.212 3.59553e-07
0.315 1.4382 0 231.215 3.57274e-07
0.315 1.4382 0 232.217 3.55015e-07
0.315 1.4382 0 233.22 3.52775e-07
0.315 1.4382 0 234.222 3.50555e-07
0.315 1.4382 0 235.225 3.48353e-07
0.315 1.4382 0 236.227 3.4617e-07
0.315 1.4382 0 237.23 3.44005e-07
0.315 1.4382 0 238.232 3.41859e-07
0.315 1.4382 0 239.235 3.3973e-07
0.315 1.4382 0 240.237 3.37619e-07
0.315 1.4382 0 241.24 3.35525e-07
0.315 1.4382 0 242.242 3.33448e-07
0.315 1.4382 0 243.245 3.31388e-07
0.315 1.4382 0 244.247 3.29345e-07
0.315 1.4382 0 245.25 3.27318e-07
0.315 1.4382 0 246.252 3.25308e-07
0.315 1.4382 0 247.254 3.23313e-07
0.315 1.4382 0 248.257 3.21334e-07
0.315 1.4382 0 249.259 3.19371e-07
0.315 1.4382 0 250.262 3.17424e-07
0.315 1.4382 0 251.264 3.15491e-07
0.315 1.4382 0 252.267 3.13573e-07
0.315 1.4382 0 253.269 3.11671e-07
0.315 1.4382 0 254.272 3.09783e-07
0.315 1.4382 0 255.274 3.07909e-07
0.315 1.4382 0 256.277 3.0605e-07
0.315 1.4382 0 257.279 3.04205e-07
0.315 1.4382 0 258.282 3.02374e-07
0.315 1.4382 0 259.284 3.00557e-07
0.315 1.4382 0 260.287 2.98753e-07
0.315 1.4382 0 261.289 2.96963e-07
0.315 1.4382 0 262.291 2.95187e-07
0.315 1.4382 0 263.294 2.93424e-07
0.315 1.4382 0 264.296 2.91673e-07
0.315 1.4382 0 265.299 2.89936e-07
0.315 1.4382 0 266.301 2.88211e-07
0.315 1.4382 0 267.304 2.865e-07
0.315 1.4382 0 268.306 2.848e-07
0.315 1.4382 0 269.309 2.83113e-07
0.315 1.4382 0 270.311 2.81439e-07
0.315 1.4382 0 271.314 2.79776e-07
0.315 1.4382 0 272.316 2.78126e-07
0.315 1.4382 0 273.319 2.76487e-07
0.315 1.4382 0 274.321 2.7486e-07
0.315 1.4382 0 275.324 2.73245e-07
0.315 1.4382 0 276.326 2.71642e-07
0.315 1.4382 0 277.329 2.7005e-07
0.315 1.4382 0 278.331 2.68469e-07
0.315 1.4382 0 279.333 2.66899e-07
0.315 1.4382 0 280.336 2.65341e-07
0.315 1.4382 0 281.338 2.63793e-07
0.315 1.4382 0 282.341 2.62257e-07
0.315 1.4382 0 283.343 2.60731e-07
0.315 1.4382 0 284.346 2.59216e-07
0.315 1.4382 0 285.348 2.57711e-07
0.315 1.4382 0 286.351 2.56217e-07
0.315 1.4382 0 287.353 2.54733e-07
0.315 1.4382 0 288.356 2.5326e-07
0.315 1.4382 0 289.358 2.51797e-07
0.315 1.4382 0 290.361 2.50343e-07
0.315 1.4382 0 291.363 2.489e-07
0.315 1.4382 0 292.366 2.47467e-07
0.315 1.4382 0 293.368 2.46044e-07
0.315 1.4382 0 294.37 2.4463e-07
0.315 1.4382 0 295.373 2.43226e-07
0.315 1.4382 0 296.375 2.41832e-07
0.315 1.4382 0 297.378 2.40447e-07
0.315 1.4382 0 298.38 2.39072e-07
0.315 1.4382 0 299.383 2.37705e-07
0.315 1.4382 0 300.385 2.36348e-07
0.315 1.4382 0 301.388 2.35001e-07
0.315 1.4382 0 302.39 2.33662e-07
0.315 1.4382 0 303.393 2.32332e-07
0.315 1.4382 0 304.395 2.31011e-07
0.315 1.4382 0 305.398 2.29699e-07
0.315 1.4382 0 306.4 2.28396e-07
0.315 1.4382 0 307.403 2.27102e-07
0.315 1.4382 0 308.405 2.25816e-07
0.315 1.4382 0 309.408 2.24539e-07
0.315 1.4382 0 310.41 2.2327e-07
0.315 1.4382 0 311.412 2.22009e-07
0.315 1.4382 0 312.415 2.20757e-07
0.315 1.4382 0 313.417 2.19514e-07
0.315 1.4382 0 314.42 2.18278e-07
0.315 1.4382 0 315.422 2.1705e-07
0.315 1.4382 0 316.425 2.15831e-07
0.315 1.4382 0 317.427 2.1462e-07
0.315 1.4382 0 318.43 2.13416e-07
0.315 1.4382 0 319.432 2.12221e-07
0.315 1.4382 0 320.435 2.11033e-07
0.315 1.4382 0 321.437 2.09853e-07
0.315 1.4382 0 322.44 2.0868e-07
0.315 1.4382 0 323.442 2.07516e-07
0.315 1.4382 0 324.445 2.06359e-07
0.315 1.4382 0 325.447 2.05209e-07
0.315 1.4382 0 326.449 2.04067e-07
0.315 1.4382 0 327.452 2.02932e-07
0.315 1.4382 0 328.454 2.01804e-07
0.315 1.4382 0 329.457 2.00684e-07
0.315 1.4382 0 330.459 1.99571e-07
0.315 1.4382 0 331.462 1.98465e-07
0.315 1.4382 0 332.464 1.97366e-07
0.315 1.4382 0 333.467 1.96274e-07
0.315 1.4382 0 334.469 1.9519e-07
0.315 1.4382 0 335.472 1.94112e-07
0.315 1.4382 0 336.474 1.93041e-07
0.315 1.4382 0 337.477 1.91977e-07
0.315 1.4382 0 338.479 1.90919e-07
0.315 1.4382 0 339.482 1.89869e-07
0.315 1.4382 0 340.484 1.88825e-07
0.315 1.4382 0 341.487 1.87787e-07
0.315 1.4382 0 342.489 1.86756e-07
0.315 1.4382 0 343.491 1.85732e-07
0.315 1.4382 0 344.494 1.84714e-07
0.315 1.4382 0 345.496 1.83703e-07
0.315 1.4382 0 346.499 1.82698e-07
0.315 1.4382 0 347.501 1.81699e-07
0.315 1.4382 0 348.504 1.80707e-07
0.315 1.4382 0 349.506 1.7972e-07
0.315 1.4382 0 350.509 1.7874e-07
0.315 1.4382 0 351.511 1.77767e-07
0.315 1.4382 0 352.514 1.76799e-07
0.315 1.4382 0 353.516 1.75837e-07
0.315 1.4382 0 354.519 1.74881e-07
0.315 1.4382 0 355.521 1.73932e-07
0.315 1.4382 0 356.524 1.72988e-07
0.315 1.4382 0 357.526 1.7205e-07
0.315 1.4382 0 358.528 1.71117e-07
0.315 1.4382 0 359.531 1.70191e-07
0.315 1.4382 0 360.533 1.6927e-07
0.315 1.4382 0 361.536 1.68355e-07
0.315 1.4382 0 362.538 1.67446e-07
0.315 1.4382 0 363.541 1.66542e-07
0.315 1.4382 0 364.543 1.65644e-07
0.315 1.4382 0 365.546 1.64752e-07
0.315 1.4382 0 366.548 1.63865e-07
0.315 1.4382 0 367.551 1.62983e-07
0.315 1.4382 0 368.553 1.62107e-07
0.315 1.4382 0 369.556 1.61236e-07
0.315 1.4382 0 370.558 1.6037e-07
0.315 1.4382 0 371.561 1.5951e-07
0.315 1.4382 0 372.563 1.58655e-07
0.315 1.4382 0 373.566 1.57805e-07
0.315 1.4382 0 374.568 1.56961e-07
0.315 1.4382 0 375.57 1.56121e-07
0.315 1.4382 0 376.573 1.55287e-07
0.315 1.4382 0 377.575 1.54458e-07
0.315 1.4382 0 378.578 1.53634e-07
0.315 1.4382 0 379.58 1.52814e-07
0.315 1.4382 0 380.583 1.52e-07
0.315 1.4382 0 381.585 1.51191e-07
0.315 1.4382 0 382.588 1.50386e-07
0.315 1.4382 0 383.59 1.49587e-07
0.315 1.4382 0 384.593 1.48792e-07
0.315 1.4382 0 385.595 1.48002e-07
0.315 1.4382 0 386.598 1.47217e-07
0.315 1.4382 0 387.6 1.46437e-07
0.315 1.4382 0 388.603 1.45661e-07
0.315 1.4382 0 389.605 1.4489e-07
0.315 1.4382 0 390.607 1.44123e-07
0.315 1.4382 0 391.61 1.43361e-07
0.315 1.4382 0 392.612 1.42604e-07
0.315 1.4382 0 393.615 1.41851e-07
0.315 1.4382 0 394.617 1.41103e-07
0.315 1.4382 0 395.62 1.40359e-07
0.315 1.4382 0 396.622 1.3962e-07
0.315 1.4382 0 397.625 1.38885e-07
0.315 1.4382 0 398.627 1.38154e-07
0.315 1.4382 0 399.63 1.37428e-07
0.315 1.4382 0 400.632 1.36706e-07
0.315 1.4382 0 401.635 1.35989e-07
0.315 1.4382 0 402.637 1.35275e-07
0.315 1.4382 0 403.64 1.34566e-07
0.315 1.4382 0 404.642 1.33861e-07
0.315 1.4382 0 405.645 1.33161e-07
0.315 1.4382 0 406.647 1.32464e-07
0.315 1.4382 0 407.649 1.31771e-07
0.315 1.4382 0 408.652 1.31083e-07
0.315 1.4382 0 409.654 1.30399e-07
0.315 1.4382 0 410.657 1.29718e-07
0.315 1.4382 0 411.659 1.29042e-07
0.315 1.4382 0 412.662 1.2837e-07
0.315 1.4382 0 413.664 1.27701e-07
0.315 1.4382 0 414.667 1.27037e-07
0.315 1.4382 0 415.669 1.26376e-07
0.315 1.4382 0 416.672 1.25719e-07
0.315 1.4382 0 417.674 1.25066e-07
0.315 1.4382 0 418.677 1.24417e-07
0.315 1.4382 0 419.679 1.23772e-07
0.315 1.4382 0 420.682 1.23131e-07
0.315 1.4382 0 421.684 1.22493e-07
0.315 1.4382 0 422.686 1.21859e-07
0.315 1.4382 0 423.689 1.21228e-07
0.315 1.4382 0 424.691 1.20602e-07
0.315 1.4382 0 425.694 1.19979e-07
0.315 1.4382 0 426.696 1.19359e-07
0.315 1.4382 0 427.699 1.18743e-07
0.315 1.4382 0 428.701 1.18131e-07
0.315 1.4382 0 429.704 1.17522e-07
0.315 1.4382 0 430.706 1.16917e-07
0.315 1.4382 0 431.709 1.16316e-07
0.315 1.4382 0 432.711 1.15717e-07
0.315 1.4382 0 433.714 1.15123e-07
0.315 1.4382 0 434.716 1.14531e-07
0.315 1.4382 0 435.719 1.13943e-07
0.315 1.4382 0 436.721 1.13359e-07
0.315 1.4382 0 437.724 1.12777e-07
0.315 1.4382 0 438.726 1.122e-07
0.315 1.4382 0 439.728 1.11625e-07
0.315 1.4382 0 440.731 1.11054e-07
0.315 1.4382 0 441.733 1.10486e-07
0.315 1.4382 0 442.736 1.09921e-07
0.315 1.4382 0 443.738 1.0936e-07
0.315 1.4382 0 444.741 1.08801e-07
0.315 1.4382 0 445.743 1.08246e-07
0.315 1.4382 0 446.746 1.07694e-07
0.315 1.4382 0 447.748 1.07146e-07
0.315 1.4382 0 448.751 1.066e-07
0.315 1.4382 0 449.753 1.06057e-07
0.315 1.4382 0 450.756 1.05518e-07
0.315 1.4382 0 451.758 1.04982e-07
0.315 1.4382 0 452.761 1.04448e-07
0.315 1.4382 0 453.763 1.03918e-07
0.315 1.4382 0 454.765 1.03391e-07
0.315 1.4382 0 455.768 1.02866e-07
0.315 1.4382 0 456.77 1.02345e-07
0.315 1.4382 0 457.773 1.01827e-07
0.315 1.4382 0 458.775 1.01311e-07
0.315 1.4382 0 459.778 1.00799e-07
0.315 1.4382 0 460.78 1.00289e-07
0.315 1.4382 0 461.783 9.97821e-08
0.315 1.4382 0 462.785 9.92782e-08
0.315 1.4382 0 463.788 9.87771e-08
0.315 1.4382 0 464.79 9.82788e-08
0.315 1.4382 0 465.793 9.77833e-08
0.315 1.4382 0 466.795 9.72907e-08
0.315 1.4382 0 467.798 9.68007e-08
0.315 1.4382 0 468.8 9.63136e-08
0.315 1.4382 0 469.803 9.58291e-08
0.315 1.4382 0 470.805 9.53474e-08
0.315 1.4382 0 471.807 9.48683e-08
0.315 1.4382 0 472.81 9.4392e-08
0.315 1.4382 0 473.812 9.39183e-08
0.315 1.4382 0 474.815 9.34472e-08
0.315 1.4382 0 475.817 9.29788e-08
0.315 1.4382 0 476.82 9.2513e-08
0.315 1.4382 0 477.822 9.20498e-08
0.315 1.4382 0 478.825 9.15891e-08
0.315 1.4382 0 479.827 9.11311e-08
0.315 1.4382 0 480.83 9.06755e-08
0.315 1.4382 0 481.832 9.02225e-08
0.315 1.4382 0 482.835 8.9772e-08
0.315 1.4382 0 483.837 8.93241e-08
0.315 1.4382 0 484.84 8.88786e-08
0.315 1.4382 0 485.842 8.84355e-08
0.315 1.4382 0 486.844 8.79949e-08
0.315 1.4382 0 487.847 8.75568e-08
0.315 1.4382 0 488.849 8.7121e-08
0.315 1.4382 0 489.852 8.66877e-08
0.315 1.4382 0 490.854 8.62568e-08
0.315 1.4382 0 491.857 8.58282e-08
0.315 1.4382 0 492.859 8.5402e-08
0.315 1.4382 0 493.862 8.49782e-08
0.315 1.4382 0 494.864 8.45566e-08
0.315 1.4382 0 495.867 8.41374e-08
0.315 1.4382 0 496.869 8.37205e-08
0.315 1.4382 0 497.872 8.33059e-08
0.315 1.4382 0 498.874 8.28936e-08
0.315 1.4382 0 499.877 8.24835e-08
0.315 1.4382 0 500.879 8.20757e-08
0.315 1.4382 0 501.882 8.167e-08
0.315 1.4382 0 502.884 8.12667e-08
0.315 1.4382 0 503.886 8.08655e-08
0.315 1.4382 0 504.889 8.04665e-08
0.315 1.4382 0 505.891 8.00697e-08
0.315 1.4382 0 506.894 7.9675e-08
0.315 1.4382 0 507.896 7.92825e-08
0.315 1.4382 0 508.899 7.88922e-08
0.315 1.4382 0 509.901 7.85039e-08
0.315 1.4382 0 510.904 7.81178e-08
0.315 1.4382 0 511.906 7.77338e-08
0.315 1.4382 0 512.909 7.73518e-08
0.315 1.4382 0 513.911 7.6972e-08
0.315 1.4382 0 514.914 7.65942e-08
0.315 1.4382 0 515.916 7.62184e-08
0.315 1.4382 0 516.919 7.58447e-08
0.315 1.4382 0 517.921 7.5473e-08
0.315 1.4382 0 518.923 7.51033e-08
0.315 1.4382 0 519.926 7.47356e-08
0.315 1.4382 0 520.928 7.43699e-08
0.315 1.4382 0 521.931 7.40061e-08
0.315 1.4382 0 522.933 7.36444e-08
0.315 1.4382 0 523.936 7.32845e-08
0.315 1.4382 0 524.938 7.29266e-08
0.315 1.4382 0 525.941 7.25707e-08
0.315 1.4382 0 526.943 7.22166e-08
0.315 1.4382 0 527.946 7.18645e-08
0.315 1.4382 0 528.948 7.15142e-08
0.315 1.4382 0 529.951 7.11659e-08
0.315 1.4382 0 530.953 7.08194e-08
0.315 1.4382 0 531.956 7.04747e-08
0.315 1.4382 0 532.958 7.01319e-08
0.315 1.4382 0 533.961 6.9791e-08
0.315 1.4382 0 534.963 6.94518e-08
0.315 1.4382 0 535.965 6.91145e-08
0.315 1.4382 0 536.968 6.8779e-08
0.315 1.4382 0 537.97 6.84452e-08
0.315 1.4382 0 538.973 6.81133e-08
0.315 1.4382 0 539.975 6.77831e-08
0.315 1.4382 0 540.978 6.74547e-08
0.315 1.4382 0 541.98 6.7128e-08
0.315 1.4382 0 542.983 6.68031e-08
0.315 1.4382 0 543.985 6.64799e-08
0.315 1.4382 0 544.988 6.61584e-08
0.315 1.4382 0 545.99 6.58386e-08
0.315 1.4382 0 546.993 6.55205e-08
0.315 1.4382 0 547.995 6.52041e-08
0.315 1.4382 0 548.998 6.48894e-08
0.315 1.4382 0 550 6.45763e-08
