0.63 1.4382 0 150.015 7.71202e-07
0.63 1.4382 0 151.017 1.38547e-06
0.63 1.4382 0 152.02 1.42134e-06
0.63 1.4382 0 153.022 1.38976e-06
0.63 1.4382 0 154.025 1.3594e-06
0.63 1.4382 0 155.027 1.33261e-06
0.63 1.4382 0 156.03 1.30837e-06
0.63 1.4382 0 157.032 1.28596e-06
0.63 1.4382 0 158.035 1.26494e-06
0.63 1.4382 0 159.037 1.24503e-06
0.63 1.4382 0 160.04 1.22602e-06
0.63 1.4382 0 161.042 1.20778e-06
0.63 1.4382 0 162.045 1.19021e-06
0.63 1.4382 0 163.047 1.17321e-06
0.63 1.4382 0 164.05 1.15672e-06
0.63 1.4382 0 165.052 1.14071e-06
0.63 1.4382 0 166.054 1.12511e-06
0.63 1.4382 0 167.057 1.10991e-06
0.63 1.4382 0 168.059 1.09506e-06
0.63 1.4382 0 169.062 1.08055e-06
0.63 1.4382 0 170.064 1.06636e-06
0.63 1.4382 0 171.067 1.05246e-06
0.63 1.4382 0 172.069 1.03885e-06
0.63 1.4382 0 173.072 1.02549e-06
0.63 1.4382 0 174.074 1.0124e-06
0.63 1.4382 0 175.077 9.9954e-07
0.63 1.4382 0 176.079 9.86915e-07
0.63 1.4382 0 177.082 9.74514e-07
0.63 1.4382 0 178.084 9.62327e-07
0.63 1.4382 0 179.087 9.50346e-07
0.63 1.4382 0 180.089 9.38565e-07
0.63 1.4382 0 181.092 9.26977e-07
0.63 1.4382 0 182.094 9.15576e-07
0.63 1.4382 0 183.096 9.04356e-07
0.63 1.4382 0 184.099 8.93312e-07
0.63 1.4382 0 185.101 8.82439e-07
0.63 1.4382 0 186.104 8.71733e-07
0.63 1.4382 0 187.106 8.6119e-07
0.63 1.4382 0 188.109 8.50804e-07
0.63 1.4382 0 189.111 8.40572e-07
0.63 1.4382 0 190.114 8.30492e-07
0.63 1.4382 0 191.116 8.20558e-07
0.63 1.4382 0 192.119 8.10768e-07
0.63 1.4382 0 193.121 8.01118e-07
0.63 1.4382 0 194.124 7.91606e-07
0.63 1.4382 0 195.126 7.82229e-07
0.63 1.4382 0 196.129 7.72984e-07
0.63 1.4382 0 197.131 7.63868e-07
0.63 1.4382 0 198.133 7.54878e-07
0.63 1.4382 0 199.136 7.46013e-07
0.63 1.4382 0 200.138 7.37269e-07
0.63 1.4382 0 201.141 7.28645e-07
0.63 1.4382 0 202.143 7.20138e-07
0.63 1.4382 0 203.146 7.11746e-07
0.63 1.4382 0 204.148 7.03467e-07
0.63 1.4382 0 205.151 6.953e-07
0.63 1.4382 0 206.153 6.87241e-07
0.63 1.4382 0 207.156 6.7929e-07
0.63 1.4382 0 208.158 6.71444e-07
0.63 1.4382 0 209.161 6.63701e-07
0.63 1.4382 0 210.163 6.56061e-07
0.63 1.4382 0 211.166 6.4852e-07
0.63 1.4382 0 212.168 6.41078e-07
0.63 1.4382 0 213.171 6.33733e-07
0.63 1.4382 0 214.173 6.26483e-07
0.63 1.4382 0 215.175 6.19327e-07
0.63 1.4382 0 216.178 6.12264e-07
0.63 1.4382 0 217.18 6.05291e-07
0.63 1.4382 0 218.183 5.98408e-07
0.63 1.4382 0 219.185 5.91613e-07
0.63 1.4382 0 220.188 5.84904e-07
0.63 1.4382 0 221.19 5.78281e-07
0.63 1.4382 0 222.193 5.71743e-07
0.63 1.4382 0 223.195 5.65286e-07
0.63 1.4382 0 224.198 5.58912e-07
0.63 1.4382 0 225.2 5.52618e-07
0.63 1.4382 0 226.203 5.46403e-07
0.63 1.4382 0 227.205 5.40266e-07
0.63 1.4382 0 228.208 5.34207e-07
0.63 1.4382 0 229.21 5.28222e-07
0.63 1.4382 0 230.212 5.22313e-07
0.63 1.4382 0 231.215 5.16477e-07
0.63 1.4382 0 232.217 5.10714e-07
0.63 1.4382 0 233.22 5.05022e-07
0.63 1.4382 0 234.222 4.99401e-07
0.63 1.4382 0 235.225 4.93849e-07
0.63 1.4382 0 236.227 4.88366e-07
0.63 1.4382 0 237.23 4.8295e-07
0.63 1.4382 0 238.232 4.77601e-07
0.63 1.4382 0 239.235 4.72317e-07
0.63 1.4382 0 240.237 4.67098e-07
0.63 1.4382 0 241.24 4.61943e-07
0.63 1.4382 0 242.242 4.56851e-07
0.63 1.4382 0 243.245 4.51821e-07
0.63 1.4382 0 244.247 4.46853e-07
0.63 1.4382 0 245.25 4.41944e-07
0.63 1.4382 0 246.252 4.37096e-07
0.63 1.4382 0 247.254 4.32306e-07
0.63 1.4382 0 248.257 4.27574e-07
0.63 1.4382 0 249.259 4.22899e-07
0.63 1.4382 0 250.262 4.18281e-07
0.63 1.4382 0 251.264 4.13718e-07
0.63 1.4382 0 252.267 4.0921e-07
0.63 1.4382 0 253.269 4.04757e-07
0.63 1.4382 0 254.272 4.00356e-07
0.63 1.4382 0 255.274 3.96009e-07
0.63 1.4382 0 256.277 3.91713e-07
0.63 1.4382 0 257.279 3.87469e-07
0.63 1.4382 0 258.282 3.83276e-07
0.63 1.4382 0 259.284 3.79132e-07
0.63 1.4382 0 260.287 3.75038e-07
0.63 1.4382 0 261.289 3.70992e-07
0.63 1.4382 0 262.291 3.66994e-07
0.63 1.4382 0 263.294 3.63044e-07
0.63 1.4382 0 264.296 3.59141e-07
0.63 1.4382 0 265.299 3.55283e-07
0.63 1.4382 0 266.301 3.51472e-07
0.63 1.4382 0 267.304 3.47705e-07
0.63 1.4382 0 268.306 3.43982e-07
0.63 1.4382 0 269.309 3.40304e-07
0.63 1.4382 0 270.311 3.36668e-07
0.63 1.4382 0 271.314 3.33075e-07
0.63 1.4382 0 272.316 3.29525e-07
0.63 1.4382 0 273.319 3.26015e-07
0.63 1.4382 0 274.321 3.22547e-07
0.63 1.4382 0 275.324 3.1912e-07
0.63 1.4382 0 276.326 3.15732e-07
0.63 1.4382 0 277.329 3.12384e-07
0.63 1.4382 0 278.331 3.09075e-07
0.63 1.4382 0 279.333 3.05804e-07
0.63 1.4382 0 280.336 3.02571e-07
0.63 1.4382 0 281.338 2.99376e-07
0.63 1.4382 0 282.341 2.96217e-07
0.63 1.4382 0 283.343 2.93095e-07
0.63 1.4382 0 284.346 2.9001e-07
0.63 1.4382 0 285.348 2.86959e-07
0.63 1.4382 0 286.351 2.83944e-07
0.63 1.4382 0 287.353 2.80964e-07
0.63 1.4382 0 288.356 2.78018e-07
0.63 1.4382 0 289.358 2.75106e-07
0.63 1.4382 0 290.361 2.72227e-07
0.63 1.4382 0 291.363 2.69381e-07
0.63 1.4382 0 292.366 2.66568e-07
0.63 1.4382 0 293.368 2.63787e-07
0.63 1.4382 0 294.37 2.61037e-07
0.63 1.4382 0 295.373 2.58319e-07
0.63 1.4382 0 296.375 2.55632e-07
0.63 1.4382 0 297.378 2.52976e-07
0.63 1.4382 0 298.38 2.5035e-07
0.63 1.4382 0 299.383 2.47753e-07
0.63 1.4382 0 300.385 2.45186e-07
0.63 1.4382 0 301.388 2.42648e-07
0.63 1.4382 0 302.39 2.40139e-07
0.63 1.4382 0 303.393 2.37658e-07
0.63 1.4382 0 304.395 2.35205e-07
0.63 1.4382 0 305.398 2.3278e-07
0.63 1.4382 0 306.4 2.30382e-07
0.63 1.4382 0 307.403 2.28011e-07
0.63 1.4382 0 308.405 2.25667e-07
0.63 1.4382 0 309.408 2.23349e-07
0.63 1.4382 0 310.41 2.21058e-07
0.63 1.4382 0 311.412 2.18791e-07
0.63 1.4382 0 312.415 2.1655e-07
0.63 1.4382 0 313.417 2.14335e-07
0.63 1.4382 0 314.42 2.12144e-07
0.63 1.4382 0 315.422 2.09977e-07
0.63 1.4382 0 316.425 2.07835e-07
0.63 1.4382 0 317.427 2.05716e-07
0.63 1.4382 0 318.43 2.03621e-07
0.63 1.4382 0 319.432 2.01549e-07
0.63 1.4382 0 320.435 1.995e-07
0.63 1.4382 0 321.437 1.97474e-07
0.63 1.4382 0 322.44 1.9547e-07
0.63 1.4382 0 323.442 1.93489e-07
0.63 1.4382 0 324.445 1.91529e-07
0.63 1.4382 0 325.447 1.89591e-07
0.63 1.4382 0 326.449 1.87675e-07
0.63 1.4382 0 327.452 1.85779e-07
0.63 1.4382 0 328.454 1.83904e-07
0.63 1.4382 0 329.457 1.8205e-07
0.63 1.4382 0 330.459 1.80217e-07
0.63 1.4382 0 331.462 1.78403e-07
0.63 1.4382 0 332.464 1.76609e-07
0.63 1.4382 0 333.467 1.74835e-07
0.63 1.4382 0 334.469 1.7308e-07
0.63 1.4382 0 335.472 1.71345e-07
0.63 1.4382 0 336.474 1.69628e-07
0.63 1.4382 0 337.477 1.6793e-07
0.63 1.4382 0 338.479 1.66251e-07
0.63 1.4382 0 339.482 1.6459e-07
0.63 1.4382 0 340.484 1.62947e-07
0.63 1.4382 0 341.487 1.61321e-07
0.63 1.4382 0 342.489 1.59713e-07
0.63 1.4382 0 343.491 1.58123e-07
0.63 1.4382 0 344.494 1.5655e-07
0.63 1.4382 0 345.496 1.54994e-07
0.63 1.4382 0 346.499 1.53455e-07
0.63 1.4382 0 347.501 1.51932e-07
0.63 1.4382 0 348.504 1.50426e-07
0.63 1.4382 0 349.506 1.48936e-07
0.63 1.4382 0 350.509 1.47462e-07
0.63 1.4382 0 351.511 1.46003e-07
0.63 1.4382 0 352.514 1.44561e-07
0.63 1.4382 0 353.516 1.43134e-07
0.63 1.4382 0 354.519 1.41722e-07
0.63 1.4382 0 355.521 1.40325e-07
0.63 1.4382 0 356.524 1.38943e-07
0.63 1.4382 0 357.526 1.37576e-07
0.63 1.4382 0 358.528 1.36224e-07
0.63 1.4382 0 359.531 1.34886e-07
0.63 1.4382 0 360.533 1.33562e-07
0.63 1.4382 0 361.536 1.32252e-07
0.63 1.4382 0 362.538 1.30956e-07
0.63 1.4382 0 363.541 1.29674e-07
0.63 1.4382 0 364.543 1.28406e-07
0.63 1.4382 0 365.546 1.27151e-07
0.63 1.4382 0 366.548 1.25909e-07
0.63 1.4382 0 367.551 1.24681e-07
0.63 1.4382 0 368.553 1.23465e-07
0.63 1.4382 0 369.556 1.22262e-07
0.63 1.4382 0 370.558 1.21072e-07
0.63 1.4382 0 371.561 1.19894e-07
0.63 1.4382 0 372.563 1.18729e-07
0.63 1.4382 0 373.566 1.17576e-07
0.63 1.4382 0 374.568 1.16435e-07
0.63 1.4382 0 375.57 1.15306e-07
0.63 1.4382 0 376.573 1.14189e-07
0.63 1.4382 0 377.575 1.13084e-07
0.63 1.4382 0 378.578 1.1199e-07
0.63 1.4382 0 379.58 1.10907e-07
0.63 1.4382 0 380.583 1.09836e-07
0.63 1.4382 0 381.585 1.08776e-07
0.63 1.4382 0 382.588 1.07728e-07
0.63 1.4382 0 383.59 1.0669e-07
0.63 1.4382 0 384.593 1.05662e-07
0.63 1.4382 0 385.595 1.04646e-07
0.63 1.4382 0 386.598 1.0364e-07
0.63 1.4382 0 387.6 1.02644e-07
0.63 1.4382 0 388.603 1.01659e-07
0.63 1.4382 0 389.605 1.00684e-07
0.63 1.4382 0 390.607 9.97193e-08
0.63 1.4382 0 391.61 9.87643e-08
0.63 1.4382 0 392.612 9.78192e-08
0.63 1.4382 0 393.615 9.68838e-08
0.63 1.4382 0 394.617 9.59581e-08
0.63 1.4382 0 395.62 9.50419e-08
0.63 1.4382 0 396.622 9.41352e-08
0.63 1.4382 0 397.625 9.32377e-08
0.63 1.4382 0 398.627 9.23495e-08
0.63 1.4382 0 399.63 9.14704e-08
0.63 1.4382 0 400.632 9.06003e-08
0.63 1.4382 0 401.635 8.9739e-08
0.63 1.4382 0 402.637 8.88866e-08
0.63 1.4382 0 403.64 8.8043e-08
0.63 1.4382 0 404.642 8.72079e-08
0.63 1.4382 0 405.645 8.63813e-08
0.63 1.4382 0 406.647 8.55632e-08
0.63 1.4382 0 407.649 8.47534e-08
0.63 1.4382 0 408.652 8.39518e-08
0.63 1.4382 0 409.654 8.31584e-08
0.63 1.4382 0 410.657 8.23731e-08
0.63 1.4382 0 411.659 8.15957e-08
0.63 1.4382 0 412.662 8.08262e-08
0.63 1.4382 0 413.664 8.00645e-08
0.63 1.4382 0 414.667 7.93105e-08
0.63 1.4382 0 415.669 7.85641e-08
0.63 1.4382 0 416.672 7.78253e-08
0.63 1.4382 0 417.674 7.70939e-08
0.63 1.4382 0 418.677 7.63699e-08
0.63 1.4382 0 419.679 7.56532e-08
0.63 1.4382 0 420.682 7.49437e-08
0.63 1.4382 0 421.684 7.42414e-08
0.63 1.4382 0 422.686 7.35461e-08
0.63 1.4382 0 423.689 7.28578e-08
0.63 1.4382 0 424.691 7.21764e-08
0.63 1.4382 0 425.694 7.15018e-08
0.63 1.4382 0 426.696 7.0834e-08
0.63 1.4382 0 427.699 7.01729e-08
0.63 1.4382 0 428.701 6.95183e-08
0.63 1.4382 0 429.704 6.88704e-08
0.63 1.4382 0 430.706 6.82288e-08
0.63 1.4382 0 431.709 6.75937e-08
0.63 1.4382 0 432.711 6.6965e-08
0.63 1.4382 0 433.714 6.63424e-08
0.63 1.4382 0 434.716 6.57261e-08
0.63 1.4382 0 435.719 6.51159e-08
0.63 1.4382 0 436.721 6.45118e-08
0.63 1.4382 0 437.724 6.39136e-08
0.63 1.4382 0 438.726 6.33214e-08
0.63 1.4382 0 439.728 6.27351e-08
0.63 1.4382 0 440.731 6.21546e-08
0.63 1.4382 0 441.733 6.15798e-08
0.63 1.4382 0 442.736 6.10107e-08
0.63 1.4382 0 443.738 6.04472e-08
0.63 1.4382 0 444.741 5.98893e-08
0.63 1.4382 0 445.743 5.93369e-08
0.63 1.4382 0 446.746 5.87899e-08
0.63 1.4382 0 447.748 5.82483e-08
0.63 1.4382 0 448.751 5.7712e-08
0.63 1.4382 0 449.753 5.7181e-08
0.63 1.4382 0 450.756 5.66553e-08
0.63 1.4382 0 451.758 5.61346e-08
0.63 1.4382 0 452.761 5.56191e-08
0.63 1.4382 0 453.763 5.51087e-08
0.63 1.4382 0 454.765 5.46032e-08
0.63 1.4382 0 455.768 5.41027e-08
0.63 1.4382 0 456.77 5.36071e-08
0.63 1.4382 0 457.773 5.31163e-08
0.63 1.4382 0 458.775 5.26303e-08
0.63 1.4382 0 459.778 5.21491e-08
0.63 1.4382 0 460.78 5.16725e-08
0.63 1.4382 0 461.783 5.12006e-08
0.63 1.4382 0 462.785 5.07333e-08
0.63 1.4382 0 463.788 5.02705e-08
0.63 1.4382 0 464.79 4.98122e-08
0.63 1.4382 0 465.793 4.93584e-08
0.63 1.4382 0 466.795 4.8909e-08
0.63 1.4382 0 467.798 4.84639e-08
0.63 1.4382 0 468.8 4.80232e-08
0.63 1.4382 0 469.803 4.75867e-08
0.63 1.4382 0 470.805 4.71544e-08
0.63 1.4382 0 471.807 4.67263e-08
0.63 1.4382 0 472.81 4.63024e-08
0.63 1.4382 0 473.812 4.58825e-08
0.63 1.4382 0 474.815 4.54667e-08
0.63 1.4382 0 475.817 4.50549e-08
0.63 1.4382 0 476.82 4.4647e-08
0.63 1.4382 0 477.822 4.42431e-08
0.63 1.4382 0 478.825 4.38431e-08
0.63 1.4382 0 479.827 4.34469e-08
0.63 1.4382 0 480.83 4.30545e-08
0.63 1.4382 0 481.832 4.26659e-08
0.63 1.4382 0 482.835 4.2281e-08
0.63 1.4382 0 483.837 4.18998e-08
0.63 1.4382 0 484.84 4.15223e-08
0.63 1.4382 0 485.842 4.11483e-08
0.63 1.4382 0 486.844 4.0778e-08
0.63 1.4382 0 487.847 4.04111e-08
0.63 1.4382 0 488.849 4.00478e-08
0.63 1.4382 0 489.852 3.9688e-08
0.63 1.4382 0 490.854 3.93315e-08
0.63 1.4382 0 491.857 3.89785e-08
0.63 1.4382 0 492.859 3.86288e-08
0.63 1.4382 0 493.862 3.82825e-08
0.63 1.4382 0 494.864 3.79395e-08
0.63 1.4382 0 495.867 3.75997e-08
0.63 1.4382 0 496.869 3.72631e-08
0.63 1.4382 0 497.872 3.69297e-08
0.63 1.4382 0 498.874 3.65995e-08
0.63 1.4382 0 499.877 3.62725e-08
0.63 1.4382 0 500.879 3.59485e-08
0.63 1.4382 0 501.882 3.56276e-08
0.63 1.4382 0 502.884 3.53097e-08
0.63 1.4382 0 503.886 3.49948e-08
0.63 1.4382 0 504.889 3.46829e-08
0.63 1.4382 0 505.891 3.4374e-08
0.63 1.4382 0 506.894 3.40679e-08
0.63 1.4382 0 507.896 3.37647e-08
0.63 1.4382 0 508.899 3.34644e-08
0.63 1.4382 0 509.901 3.3167e-08
0.63 1.4382 0 510.904 3.28723e-08
0.63 1.4382 0 511.906 3.25804e-08
0.63 1.4382 0 512.909 3.22912e-08
0.63 1.4382 0 513.911 3.20047e-08
0.63 1.4382 0 514.914 3.1721e-08
0.63 1.4382 0 515.916 3.14399e-08
0.63 1.4382 0 516.919 3.11614e-08
0.63 1.4382 0 517.921 3.08855e-08
0.63 1.4382 0 518.923 3.06122e-08
0.63 1.4382 0 519.926 3.03415e-08
0.63 1.4382 0 520.928 3.00733e-08
0.63 1.4382 0 521.931 2.98076e-08
0.63 1.4382 0 522.933 2.95444e-08
0.63 1.4382 0 523.936 2.92836e-08
0.63 1.4382 0 524.938 2.90253e-08
0.63 1.4382 0 525.941 2.87694e-08
0.63 1.4382 0 526.943 2.85158e-08
0.63 1.4382 0 527.946 2.82647e-08
0.63 1.4382 0 528.948 2.80158e-08
0.63 1.4382 0 529.951 2.77693e-08
0.63 1.4382 0 530.953 2.7525e-08
0.63 1.4382 0 531.956 2.72831e-08
0.63 1.4382 0 532.958 2.70433e-08
0.63 1.4382 0 533.961 2.68058e-08
0.63 1.4382 0 534.963 2.65705e-08
0.63 1.4382 0 535.965 2.63374e-08
0.63 1.4382 0 536.968 2.61064e-08
0.63 1.4382 0 537.97 2.58775e-08
0.63 1.4382 0 538.973 2.56508e-08
0.63 1.4382 0 539.975 2.54262e-08
0.63 1.4382 0 540.978 2.52036e-08
0.63 1.4382 0 541.98 2.49831e-08
0.63 1.4382 0 542.983 2.47646e-08
0.63 1.4382 0 543.985 2.45482e-08
0.63 1.4382 0 544.988 2.43337e-08
0.63 1.4382 0 545.99 2.41212e-08
0.63 1.4382 0 546.993 2.39107e-08
0.63 1.4382 0 547.995 2.37021e-08
0.63 1.4382 0 548.998 2.34954e-08
0.63 1.4382 0 550 2.32906e-08
