2.305 1.4382 0 150.015 8.26411e-06
2.305 1.4382 0 151.017 1.42289e-05
2.305 1.4382 0 152.02 1.47436e-05
2.305 1.4382 0 153.022 1.40576e-05
2.305 1.4382 0 154.025 1.32837e-05
2.305 1.4382 0 155.027 1.25487e-05
2.305 1.4382 0 156.03 1.18608e-05
2.305 1.4382 0 157.032 1.12169e-05
2.305 1.4382 0 158.035 1.06133e-05
2.305 1.4382 0 159.037 1.00471e-05
2.305 1.4382 0 160.04 9.51524e-06
2.305 1.4382 0 161.042 9.01543e-06
2.305 1.4382 0 162.045 8.54542e-06
2.305 1.4382 0 163.047 8.1032e-06
2.305 1.4382 0 164.05 7.6869e-06
2.305 1.4382 0 165.052 7.29484e-06
2.305 1.4382 0 166.054 6.92544e-06
2.305 1.4382 0 167.057 6.57725e-06
2.305 1.4382 0 168.059 6.24894e-06
2.305 1.4382 0 169.062 5.93924e-06
2.305 1.4382 0 170.064 5.64699e-06
2.305 1.4382 0 171.067 5.37111e-06
2.305 1.4382 0 172.069 5.11059e-06
2.305 1.4382 0 173.072 4.86449e-06
2.305 1.4382 0 174.074 4.63193e-06
2.305 1.4382 0 175.077 4.41209e-06
2.305 1.4382 0 176.079 4.2042e-06
2.305 1.4382 0 177.082 4.00755e-06
2.305 1.4382 0 178.084 3.82147e-06
2.305 1.4382 0 179.087 3.64532e-06
2.305 1.4382 0 180.089 3.47853e-06
2.305 1.4382 0 181.092 3.32055e-06
2.305 1.4382 0 182.094 3.17085e-06
2.305 1.4382 0 183.096 3.02895e-06
2.305 1.4382 0 184.099 2.89442e-06
2.305 1.4382 0 185.101 2.76681e-06
2.305 1.4382 0 186.104 2.64573e-06
2.305 1.4382 0 187.106 2.53082e-06
2.305 1.4382 0 188.109 2.42171e-06
2.305 1.4382 0 189.111 2.31809e-06
2.305 1.4382 0 190.114 2.21964e-06
2.305 1.4382 0 191.116 2.12608e-06
2.305 1.4382 0 192.119 2.03712e-06
2.305 1.4382 0 193.121 1.95253e-06
2.305 1.4382 0 194.124 1.87205e-06
2.305 1.4382 0 195.126 1.79546e-06
2.305 1.4382 0 196.129 1.72254e-06
2.305 1.4382 0 197.131 1.65311e-06
2.305 1.4382 0 198.133 1.58697e-06
2.305 1.4382 0 199.136 1.52394e-06
2.305 1.4382 0 200.138 1.46385e-06
2.305 1.4382 0 201.141 1.40656e-06
2.305 1.4382 0 202.143 1.35191e-06
2.305 1.4382 0 203.146 1.29976e-06
2.305 1.4382 0 204.148 1.24999e-06
2.305 1.4382 0 205.151 1.20246e-06
2.305 1.4382 0 206.153 1.15707e-06
2.305 1.4382 0 207.156 1.1137e-06
2.305 1.4382 0 208.158 1.07224e-06
2.305 1.4382 0 209.161 1.03261e-06
2.305 1.4382 0 210.163 9.94709e-07
2.305 1.4382 0 211.166 9.58449e-07
2.305 1.4382 0 212.168 9.23749e-07
2.305 1.4382 0 213.171 8.90531e-07
2.305 1.4382 0 214.173 8.58722e-07
2.305 1.4382 0 215.175 8.28252e-07
2.305 1.4382 0 216.178 7.99056e-07
2.305 1.4382 0 217.18 7.71073e-07
2.305 1.4382 0 218.183 7.44244e-07
2.305 1.4382 0 219.185 7.18512e-07
2.305 1.4382 0 220.188 6.93827e-07
2.305 1.4382 0 221.19 6.70138e-07
2.305 1.4382 0 222.193 6.47398e-07
2.305 1.4382 0 223.195 6.25563e-07
2.305 1.4382 0 224.198 6.04591e-07
2.305 1.4382 0 225.2 5.84442e-07
2.305 1.4382 0 226.203 5.65079e-07
2.305 1.4382 0 227.205 5.46464e-07
2.305 1.4382 0 228.208 5.28565e-07
2.305 1.4382 0 229.21 5.11349e-07
2.305 1.4382 0 230.212 4.94786e-07
2.305 1.4382 0 231.215 4.78846e-07
2.305 1.4382 0 232.217 4.63502e-07
2.305 1.4382 0 233.22 4.48728e-07
2.305 1.4382 0 234.222 4.34499e-07
2.305 1.4382 0 235.225 4.20791e-07
2.305 1.4382 0 236.227 4.07583e-07
2.305 1.4382 0 237.23 3.94852e-07
2.305 1.4382 0 238.232 3.82578e-07
2.305 1.4382 0 239.235 3.70743e-07
2.305 1.4382 0 240.237 3.59328e-07
2.305 1.4382 0 241.24 3.48315e-07
2.305 1.4382 0 242.242 3.37687e-07
2.305 1.4382 0 243.245 3.2743e-07
2.305 1.4382 0 244.247 3.17527e-07
2.305 1.4382 0 245.25 3.07965e-07
2.305 1.4382 0 246.252 2.9873e-07
2.305 1.4382 0 247.254 2.89808e-07
2.305 1.4382 0 248.257 2.81188e-07
2.305 1.4382 0 249.259 2.72857e-07
2.305 1.4382 0 250.262 2.64804e-07
2.305 1.4382 0 251.264 2.57019e-07
2.305 1.4382 0 252.267 2.4949e-07
2.305 1.4382 0 253.269 2.42209e-07
2.305 1.4382 0 254.272 2.35165e-07
2.305 1.4382 0 255.274 2.2835e-07
2.305 1.4382 0 256.277 2.21755e-07
2.305 1.4382 0 257.279 2.15372e-07
2.305 1.4382 0 258.282 2.09193e-07
2.305 1.4382 0 259.284 2.0321e-07
2.305 1.4382 0 260.287 1.97417e-07
2.305 1.4382 0 261.289 1.91806e-07
2.305 1.4382 0 262.291 1.86371e-07
2.305 1.4382 0 263.294 1.81106e-07
2.305 1.4382 0 264.296 1.76004e-07
2.305 1.4382 0 265.299 1.71059e-07
2.305 1.4382 0 266.301 1.66267e-07
2.305 1.4382 0 267.304 1.61621e-07
2.305 1.4382 0 268.306 1.57117e-07
2.305 1.4382 0 269.309 1.52749e-07
2.305 1.4382 0 270.311 1.48514e-07
2.305 1.4382 0 271.314 1.44406e-07
2.305 1.4382 0 272.316 1.40421e-07
2.305 1.4382 0 273.319 1.36555e-07
2.305 1.4382 0 274.321 1.32805e-07
2.305 1.4382 0 275.324 1.29165e-07
2.305 1.4382 0 276.326 1.25632e-07
2.305 1.4382 0 277.329 1.22204e-07
2.305 1.4382 0 278.331 1.18876e-07
2.305 1.4382 0 279.333 1.15645e-07
2.305 1.4382 0 280.336 1.12508e-07
2.305 1.4382 0 281.338 1.09462e-07
2.305 1.4382 0 282.341 1.06504e-07
2.305 1.4382 0 283.343 1.03631e-07
2.305 1.4382 0 284.346 1.00841e-07
2.305 1.4382 0 285.348 9.81302e-08
2.305 1.4382 0 286.351 9.5497e-08
2.305 1.4382 0 287.353 9.29387e-08
2.305 1.4382 0 288.356 9.04529e-08
2.305 1.4382 0 289.358 8.80374e-08
2.305 1.4382 0 290.361 8.569e-08
2.305 1.4382 0 291.363 8.34087e-08
2.305 1.4382 0 292.366 8.11913e-08
2.305 1.4382 0 293.368 7.90359e-08
2.305 1.4382 0 294.37 7.69406e-08
2.305 1.4382 0 295.373 7.49036e-08
2.305 1.4382 0 296.375 7.29232e-08
2.305 1.4382 0 297.378 7.09976e-08
2.305 1.4382 0 298.38 6.91252e-08
2.305 1.4382 0 299.383 6.73044e-08
2.305 1.4382 0 300.385 6.55336e-08
2.305 1.4382 0 301.388 6.38115e-08
2.305 1.4382 0 302.39 6.21365e-08
2.305 1.4382 0 303.393 6.05072e-08
2.305 1.4382 0 304.395 5.89224e-08
2.305 1.4382 0 305.398 5.73807e-08
2.305 1.4382 0 306.4 5.58809e-08
2.305 1.4382 0 307.403 5.44217e-08
2.305 1.4382 0 308.405 5.3002e-08
2.305 1.4382 0 309.408 5.16206e-08
2.305 1.4382 0 310.41 5.02765e-08
2.305 1.4382 0 311.412 4.89685e-08
2.305 1.4382 0 312.415 4.76957e-08
2.305 1.4382 0 313.417 4.6457e-08
2.305 1.4382 0 314.42 4.52515e-08
2.305 1.4382 0 315.422 4.40782e-08
2.305 1.4382 0 316.425 4.29362e-08
2.305 1.4382 0 317.427 4.18247e-08
2.305 1.4382 0 318.43 4.07427e-08
2.305 1.4382 0 319.432 3.96895e-08
2.305 1.4382 0 320.435 3.86643e-08
2.305 1.4382 0 321.437 3.76662e-08
2.305 1.4382 0 322.44 3.66946e-08
2.305 1.4382 0 323.442 3.57486e-08
2.305 1.4382 0 324.445 3.48276e-08
2.305 1.4382 0 325.447 3.39309e-08
2.305 1.4382 0 326.449 3.30578e-08
2.305 1.4382 0 327.452 3.22077e-08
2.305 1.4382 0 328.454 3.13799e-08
2.305 1.4382 0 329.457 3.05739e-08
2.305 1.4382 0 330.459 2.9789e-08
2.305 1.4382 0 331.462 2.90246e-08
2.305 1.4382 0 332.464 2.82802e-08
2.305 1.4382 0 333.467 2.75553e-08
2.305 1.4382 0 334.469 2.68493e-08
2.305 1.4382 0 335.472 2.61618e-08
2.305 1.4382 0 336.474 2.54922e-08
2.305 1.4382 0 337.477 2.484e-08
2.305 1.4382 0 338.479 2.42047e-08
2.305 1.4382 0 339.482 2.3586e-08
2.305 1.4382 0 340.484 2.29834e-08
2.305 1.4382 0 341.487 2.23963e-08
2.305 1.4382 0 342.489 2.18246e-08
2.305 1.4382 0 343.491 2.12676e-08
2.305 1.4382 0 344.494 2.0725e-08
2.305 1.4382 0 345.496 2.01965e-08
2.305 1.4382 0 346.499 1.96817e-08
2.305 1.4382 0 347.501 1.91801e-08
2.305 1.4382 0 348.504 1.86915e-08
2.305 1.4382 0 349.506 1.82155e-08
2.305 1.4382 0 350.509 1.77518e-08
2.305 1.4382 0 351.511 1.73e-08
2.305 1.4382 0 352.514 1.68599e-08
2.305 1.4382 0 353.516 1.64311e-08
2.305 1.4382 0 354.519 1.60133e-08
2.305 1.4382 0 355.521 1.56063e-08
2.305 1.4382 0 356.524 1.52097e-08
2.305 1.4382 0 357.526 1.48233e-08
2.305 1.4382 0 358.528 1.44468e-08
2.305 1.4382 0 359.531 1.408e-08
2.305 1.4382 0 360.533 1.37226e-08
2.305 1.4382 0 361.536 1.33743e-08
2.305 1.4382 0 362.538 1.3035e-08
2.305 1.4382 0 363.541 1.27043e-08
2.305 1.4382 0 364.543 1.23821e-08
2.305 1.4382 0 365.546 1.20682e-08
2.305 1.4382 0 366.548 1.17623e-08
2.305 1.4382 0 367.551 1.14641e-08
2.305 1.4382 0 368.553 1.11737e-08
2.305 1.4382 0 369.556 1.08906e-08
2.305 1.4382 0 370.558 1.06147e-08
2.305 1.4382 0 371.561 1.03459e-08
2.305 1.4382 0 372.563 1.0084e-08
2.305 1.4382 0 373.566 9.82872e-09
2.305 1.4382 0 374.568 9.57996e-09
2.305 1.4382 0 375.57 9.33753e-09
2.305 1.4382 0 376.573 9.10128e-09
2.305 1.4382 0 377.575 8.87105e-09
2.305 1.4382 0 378.578 8.64668e-09
2.305 1.4382 0 379.58 8.42801e-09
2.305 1.4382 0 380.583 8.21491e-09
2.305 1.4382 0 381.585 8.00723e-09
2.305 1.4382 0 382.588 7.80483e-09
2.305 1.4382 0 383.59 7.60758e-09
2.305 1.4382 0 384.593 7.41534e-09
2.305 1.4382 0 385.595 7.22798e-09
2.305 1.4382 0 386.598 7.04538e-09
2.305 1.4382 0 387.6 6.86741e-09
2.305 1.4382 0 388.603 6.69397e-09
2.305 1.4382 0 389.605 6.52492e-09
2.305 1.4382 0 390.607 6.36017e-09
2.305 1.4382 0 391.61 6.19959e-09
2.305 1.4382 0 392.612 6.04309e-09
2.305 1.4382 0 393.615 5.89056e-09
2.305 1.4382 0 394.617 5.74189e-09
2.305 1.4382 0 395.62 5.59699e-09
2.305 1.4382 0 396.622 5.45576e-09
2.305 1.4382 0 397.625 5.31811e-09
2.305 1.4382 0 398.627 5.18395e-09
2.305 1.4382 0 399.63 5.05318e-09
2.305 1.4382 0 400.632 4.92573e-09
2.305 1.4382 0 401.635 4.8015e-09
2.305 1.4382 0 402.637 4.68042e-09
2.305 1.4382 0 403.64 4.5624e-09
2.305 1.4382 0 404.642 4.44737e-09
2.305 1.4382 0 405.645 4.33525e-09
2.305 1.4382 0 406.647 4.22596e-09
2.305 1.4382 0 407.649 4.11944e-09
2.305 1.4382 0 408.652 4.01561e-09
2.305 1.4382 0 409.654 3.91441e-09
2.305 1.4382 0 410.657 3.81577e-09
2.305 1.4382 0 411.659 3.71962e-09
2.305 1.4382 0 412.662 3.6259e-09
2.305 1.4382 0 413.664 3.53454e-09
2.305 1.4382 0 414.667 3.4455e-09
2.305 1.4382 0 415.669 3.35871e-09
2.305 1.4382 0 416.672 3.2741e-09
2.305 1.4382 0 417.674 3.19164e-09
2.305 1.4382 0 418.677 3.11126e-09
2.305 1.4382 0 419.679 3.0329e-09
2.305 1.4382 0 420.682 2.95653e-09
2.305 1.4382 0 421.684 2.88208e-09
2.305 1.4382 0 422.686 2.80951e-09
2.305 1.4382 0 423.689 2.73878e-09
2.305 1.4382 0 424.691 2.66983e-09
2.305 1.4382 0 425.694 2.60262e-09
2.305 1.4382 0 426.696 2.5371e-09
2.305 1.4382 0 427.699 2.47324e-09
2.305 1.4382 0 428.701 2.41099e-09
2.305 1.4382 0 429.704 2.35031e-09
2.305 1.4382 0 430.706 2.29116e-09
2.305 1.4382 0 431.709 2.2335e-09
2.305 1.4382 0 432.711 2.1773e-09
2.305 1.4382 0 433.714 2.12251e-09
2.305 1.4382 0 434.716 2.06911e-09
2.305 1.4382 0 435.719 2.01705e-09
2.305 1.4382 0 436.721 1.9663e-09
2.305 1.4382 0 437.724 1.91683e-09
2.305 1.4382 0 438.726 1.86861e-09
2.305 1.4382 0 439.728 1.82161e-09
2.305 1.4382 0 440.731 1.77579e-09
2.305 1.4382 0 441.733 1.73112e-09
2.305 1.4382 0 442.736 1.68758e-09
2.305 1.4382 0 443.738 1.64514e-09
2.305 1.4382 0 444.741 1.60376e-09
2.305 1.4382 0 445.743 1.56343e-09
2.305 1.4382 0 446.746 1.52412e-09
2.305 1.4382 0 447.748 1.48579e-09
2.305 1.4382 0 448.751 1.44843e-09
2.305 1.4382 0 449.753 1.41201e-09
2.305 1.4382 0 450.756 1.37651e-09
2.305 1.4382 0 451.758 1.3419e-09
2.305 1.4382 0 452.761 1.30817e-09
2.305 1.4382 0 453.763 1.27528e-09
2.305 1.4382 0 454.765 1.24322e-09
2.305 1.4382 0 455.768 1.21197e-09
2.305 1.4382 0 456.77 1.18151e-09
2.305 1.4382 0 457.773 1.15181e-09
2.305 1.4382 0 458.775 1.12286e-09
2.305 1.4382 0 459.778 1.09464e-09
2.305 1.4382 0 460.78 1.06713e-09
2.305 1.4382 0 461.783 1.04031e-09
2.305 1.4382 0 462.785 1.01416e-09
2.305 1.4382 0 463.788 9.88679e-10
2.305 1.4382 0 464.79 9.63834e-10
2.305 1.4382 0 465.793 9.39615e-10
2.305 1.4382 0 466.795 9.16006e-10
2.305 1.4382 0 467.798 8.9299e-10
2.305 1.4382 0 468.8 8.70553e-10
2.305 1.4382 0 469.803 8.48681e-10
2.305 1.4382 0 470.805 8.2736e-10
2.305 1.4382 0 471.807 8.06574e-10
2.305 1.4382 0 472.81 7.86312e-10
2.305 1.4382 0 473.812 7.66559e-10
2.305 1.4382 0 474.815 7.47303e-10
2.305 1.4382 0 475.817 7.28532e-10
2.305 1.4382 0 476.82 7.10232e-10
2.305 1.4382 0 477.822 6.92393e-10
2.305 1.4382 0 478.825 6.75003e-10
2.305 1.4382 0 479.827 6.58049e-10
2.305 1.4382 0 480.83 6.41523e-10
2.305 1.4382 0 481.832 6.25411e-10
2.305 1.4382 0 482.835 6.09705e-10
2.305 1.4382 0 483.837 5.94394e-10
2.305 1.4382 0 484.84 5.79468e-10
2.305 1.4382 0 485.842 5.64917e-10
2.305 1.4382 0 486.844 5.50732e-10
2.305 1.4382 0 487.847 5.36904e-10
2.305 1.4382 0 488.849 5.23423e-10
2.305 1.4382 0 489.852 5.10281e-10
2.305 1.4382 0 490.854 4.97469e-10
2.305 1.4382 0 491.857 4.8498e-10
2.305 1.4382 0 492.859 4.72805e-10
2.305 1.4382 0 493.862 4.60935e-10
2.305 1.4382 0 494.864 4.49364e-10
2.305 1.4382 0 495.867 4.38084e-10
2.305 1.4382 0 496.869 4.27087e-10
2.305 1.4382 0 497.872 4.16366e-10
2.305 1.4382 0 498.874 4.05915e-10
2.305 1.4382 0 499.877 3.95727e-10
2.305 1.4382 0 500.879 3.85795e-10
2.305 1.4382 0 501.882 3.76112e-10
2.305 1.4382 0 502.884 3.66672e-10
2.305 1.4382 0 503.886 3.5747e-10
2.305 1.4382 0 504.889 3.48499e-10
2.305 1.4382 0 505.891 3.39754e-10
2.305 1.4382 0 506.894 3.31228e-10
2.305 1.4382 0 507.896 3.22916e-10
2.305 1.4382 0 508.899 3.14813e-10
2.305 1.4382 0 509.901 3.06914e-10
2.305 1.4382 0 510.904 2.99213e-10
2.305 1.4382 0 511.906 2.91705e-10
2.305 1.4382 0 512.909 2.84387e-10
2.305 1.4382 0 513.911 2.77252e-10
2.305 1.4382 0 514.914 2.70296e-10
2.305 1.4382 0 515.916 2.63515e-10
2.305 1.4382 0 516.919 2.56904e-10
2.305 1.4382 0 517.921 2.50459e-10
2.305 1.4382 0 518.923 2.44176e-10
2.305 1.4382 0 519.926 2.38051e-10
2.305 1.4382 0 520.928 2.3208e-10
2.305 1.4382 0 521.931 2.26259e-10
2.305 1.4382 0 522.933 2.20584e-10
2.305 1.4382 0 523.936 2.15051e-10
2.305 1.4382 0 524.938 2.09657e-10
2.305 1.4382 0 525.941 2.04399e-10
2.305 1.4382 0 526.943 1.99273e-10
2.305 1.4382 0 527.946 1.94276e-10
2.305 1.4382 0 528.948 1.89404e-10
2.305 1.4382 0 529.951 1.84654e-10
2.305 1.4382 0 530.953 1.80023e-10
2.305 1.4382 0 531.956 1.75509e-10
2.305 1.4382 0 532.958 1.71108e-10
2.305 1.4382 0 533.961 1.66818e-10
2.305 1.4382 0 534.963 1.62635e-10
2.305 1.4382 0 535.965 1.58558e-10
2.305 1.4382 0 536.968 1.54582e-10
2.305 1.4382 0 537.97 1.50707e-10
2.305 1.4382 0 538.973 1.46928e-10
2.305 1.4382 0 539.975 1.43245e-10
2.305 1.4382 0 540.978 1.39654e-10
2.305 1.4382 0 541.98 1.36153e-10
2.305 1.4382 0 542.983 1.3274e-10
2.305 1.4382 0 543.985 1.29413e-10
2.305 1.4382 0 544.988 1.26169e-10
2.305 1.4382 0 545.99 1.23006e-10
2.305 1.4382 0 546.993 1.19923e-10
2.305 1.4382 0 547.995 1.16918e-10
2.305 1.4382 0 548.998 1.13987e-10
2.305 1.4382 0 550 1.11131e-10
