2.64 1.4382 0 150.015 1.99076e-05
2.64 1.4382 0 151.017 3.41936e-05
2.64 1.4382 0 152.02 3.52654e-05
2.64 1.4382 0 153.022 3.34397e-05
2.64 1.4382 0 154.025 3.14168e-05
2.64 1.4382 0 155.027 2.95052e-05
2.64 1.4382 0 156.03 2.7725e-05
2.64 1.4382 0 157.032 2.60676e-05
2.64 1.4382 0 158.035 2.4523e-05
2.64 1.4382 0 159.037 2.30821e-05
2.64 1.4382 0 160.04 2.17369e-05
2.64 1.4382 0 161.042 2.04801e-05
2.64 1.4382 0 162.045 1.9305e-05
2.64 1.4382 0 163.047 1.82056e-05
2.64 1.4382 0 164.05 1.71766e-05
2.64 1.4382 0 165.052 1.62128e-05
2.64 1.4382 0 166.054 1.53097e-05
2.64 1.4382 0 167.057 1.44629e-05
2.64 1.4382 0 168.059 1.36686e-05
2.64 1.4382 0 169.062 1.29231e-05
2.64 1.4382 0 170.064 1.22232e-05
2.64 1.4382 0 171.067 1.15657e-05
2.64 1.4382 0 172.069 1.09477e-05
2.64 1.4382 0 173.072 1.03666e-05
2.64 1.4382 0 174.074 9.82007e-06
2.64 1.4382 0 175.077 9.30571e-06
2.64 1.4382 0 176.079 8.82145e-06
2.64 1.4382 0 177.082 8.36534e-06
2.64 1.4382 0 178.084 7.93555e-06
2.64 1.4382 0 179.087 7.53042e-06
2.64 1.4382 0 180.089 7.14836e-06
2.64 1.4382 0 181.092 6.78792e-06
2.64 1.4382 0 182.094 6.44775e-06
2.64 1.4382 0 183.096 6.12658e-06
2.64 1.4382 0 184.099 5.82324e-06
2.64 1.4382 0 185.101 5.53662e-06
2.64 1.4382 0 186.104 5.26571e-06
2.64 1.4382 0 187.106 5.00955e-06
2.64 1.4382 0 188.109 4.76725e-06
2.64 1.4382 0 189.111 4.53798e-06
2.64 1.4382 0 190.114 4.32097e-06
2.64 1.4382 0 191.116 4.11548e-06
2.64 1.4382 0 192.119 3.92084e-06
2.64 1.4382 0 193.121 3.73642e-06
2.64 1.4382 0 194.124 3.56162e-06
2.64 1.4382 0 195.126 3.39589e-06
2.64 1.4382 0 196.129 3.23871e-06
2.64 1.4382 0 197.131 3.08958e-06
2.64 1.4382 0 198.133 2.94805e-06
2.64 1.4382 0 199.136 2.8137e-06
2.64 1.4382 0 200.138 2.68612e-06
2.64 1.4382 0 201.141 2.56493e-06
2.64 1.4382 0 202.143 2.44978e-06
2.64 1.4382 0 203.146 2.34034e-06
2.64 1.4382 0 204.148 2.23629e-06
2.64 1.4382 0 205.151 2.13735e-06
2.64 1.4382 0 206.153 2.04323e-06
2.64 1.4382 0 207.156 1.95368e-06
2.64 1.4382 0 208.158 1.86845e-06
2.64 1.4382 0 209.161 1.78731e-06
2.64 1.4382 0 210.163 1.71004e-06
2.64 1.4382 0 211.166 1.63645e-06
2.64 1.4382 0 212.168 1.56633e-06
2.64 1.4382 0 213.171 1.49952e-06
2.64 1.4382 0 214.173 1.43583e-06
2.64 1.4382 0 215.175 1.37511e-06
2.64 1.4382 0 216.178 1.31721e-06
2.64 1.4382 0 217.18 1.26197e-06
2.64 1.4382 0 218.183 1.20927e-06
2.64 1.4382 0 219.185 1.15898e-06
2.64 1.4382 0 220.188 1.11098e-06
2.64 1.4382 0 221.19 1.06515e-06
2.64 1.4382 0 222.193 1.02139e-06
2.64 1.4382 0 223.195 9.79587e-07
2.64 1.4382 0 224.198 9.39654e-07
2.64 1.4382 0 225.2 9.01497e-07
2.64 1.4382 0 226.203 8.65028e-07
2.64 1.4382 0 227.205 8.30168e-07
2.64 1.4382 0 228.208 7.96837e-07
2.64 1.4382 0 229.21 7.64963e-07
2.64 1.4382 0 230.212 7.34476e-07
2.64 1.4382 0 231.215 7.0531e-07
2.64 1.4382 0 232.217 6.77402e-07
2.64 1.4382 0 233.22 6.50694e-07
2.64 1.4382 0 234.222 6.2513e-07
2.64 1.4382 0 235.225 6.00655e-07
2.64 1.4382 0 236.227 5.77219e-07
2.64 1.4382 0 237.23 5.54775e-07
2.64 1.4382 0 238.232 5.33276e-07
2.64 1.4382 0 239.235 5.12679e-07
2.64 1.4382 0 240.237 4.92943e-07
2.64 1.4382 0 241.24 4.74029e-07
2.64 1.4382 0 242.242 4.559e-07
2.64 1.4382 0 243.245 4.3852e-07
2.64 1.4382 0 244.247 4.21856e-07
2.64 1.4382 0 245.25 4.05875e-07
2.64 1.4382 0 246.252 3.90548e-07
2.64 1.4382 0 247.254 3.75845e-07
2.64 1.4382 0 248.257 3.61739e-07
2.64 1.4382 0 249.259 3.48203e-07
2.64 1.4382 0 250.262 3.35213e-07
2.64 1.4382 0 251.264 3.22744e-07
2.64 1.4382 0 252.267 3.10775e-07
2.64 1.4382 0 253.269 2.99283e-07
2.64 1.4382 0 254.272 2.88248e-07
2.64 1.4382 0 255.274 2.7765e-07
2.64 1.4382 0 256.277 2.6747e-07
2.64 1.4382 0 257.279 2.57691e-07
2.64 1.4382 0 258.282 2.48296e-07
2.64 1.4382 0 259.284 2.39268e-07
2.64 1.4382 0 260.287 2.30592e-07
2.64 1.4382 0 261.289 2.22254e-07
2.64 1.4382 0 262.291 2.14238e-07
2.64 1.4382 0 263.294 2.06531e-07
2.64 1.4382 0 264.296 1.99122e-07
2.64 1.4382 0 265.299 1.91996e-07
2.64 1.4382 0 266.301 1.85143e-07
2.64 1.4382 0 267.304 1.78552e-07
2.64 1.4382 0 268.306 1.72211e-07
2.64 1.4382 0 269.309 1.66111e-07
2.64 1.4382 0 270.311 1.60241e-07
2.64 1.4382 0 271.314 1.54592e-07
2.64 1.4382 0 272.316 1.49156e-07
2.64 1.4382 0 273.319 1.43923e-07
2.64 1.4382 0 274.321 1.38886e-07
2.64 1.4382 0 275.324 1.34037e-07
2.64 1.4382 0 276.326 1.29368e-07
2.64 1.4382 0 277.329 1.24872e-07
2.64 1.4382 0 278.331 1.20542e-07
2.64 1.4382 0 279.333 1.16372e-07
2.64 1.4382 0 280.336 1.12355e-07
2.64 1.4382 0 281.338 1.08485e-07
2.64 1.4382 0 282.341 1.04757e-07
2.64 1.4382 0 283.343 1.01164e-07
2.64 1.4382 0 284.346 9.77028e-08
2.64 1.4382 0 285.348 9.43667e-08
2.64 1.4382 0 286.351 9.11513e-08
2.64 1.4382 0 287.353 8.80519e-08
2.64 1.4382 0 288.356 8.50641e-08
2.64 1.4382 0 289.358 8.21836e-08
2.64 1.4382 0 290.361 7.94063e-08
2.64 1.4382 0 291.363 7.67282e-08
2.64 1.4382 0 292.366 7.41456e-08
2.64 1.4382 0 293.368 7.16549e-08
2.64 1.4382 0 294.37 6.92525e-08
2.64 1.4382 0 295.373 6.69351e-08
2.64 1.4382 0 296.375 6.46995e-08
2.64 1.4382 0 297.378 6.25427e-08
2.64 1.4382 0 298.38 6.04617e-08
2.64 1.4382 0 299.383 5.84536e-08
2.64 1.4382 0 300.385 5.65158e-08
2.64 1.4382 0 301.388 5.46457e-08
2.64 1.4382 0 302.39 5.28406e-08
2.64 1.4382 0 303.393 5.10983e-08
2.64 1.4382 0 304.395 4.94164e-08
2.64 1.4382 0 305.398 4.77927e-08
2.64 1.4382 0 306.4 4.62251e-08
2.64 1.4382 0 307.403 4.47114e-08
2.64 1.4382 0 308.405 4.32498e-08
2.64 1.4382 0 309.408 4.18383e-08
2.64 1.4382 0 310.41 4.04752e-08
2.64 1.4382 0 311.412 3.91586e-08
2.64 1.4382 0 312.415 3.78869e-08
2.64 1.4382 0 313.417 3.66585e-08
2.64 1.4382 0 314.42 3.54718e-08
2.64 1.4382 0 315.422 3.43253e-08
2.64 1.4382 0 316.425 3.32176e-08
2.64 1.4382 0 317.427 3.21472e-08
2.64 1.4382 0 318.43 3.1113e-08
2.64 1.4382 0 319.432 3.01135e-08
2.64 1.4382 0 320.435 2.91475e-08
2.64 1.4382 0 321.437 2.82139e-08
2.64 1.4382 0 322.44 2.73116e-08
2.64 1.4382 0 323.442 2.64393e-08
2.64 1.4382 0 324.445 2.55961e-08
2.64 1.4382 0 325.447 2.4781e-08
2.64 1.4382 0 326.449 2.39929e-08
2.64 1.4382 0 327.452 2.32309e-08
2.64 1.4382 0 328.454 2.24941e-08
2.64 1.4382 0 329.457 2.17817e-08
2.64 1.4382 0 330.459 2.10927e-08
2.64 1.4382 0 331.462 2.04264e-08
2.64 1.4382 0 332.464 1.9782e-08
2.64 1.4382 0 333.467 1.91587e-08
2.64 1.4382 0 334.469 1.85559e-08
2.64 1.4382 0 335.472 1.79727e-08
2.64 1.4382 0 336.474 1.74086e-08
2.64 1.4382 0 337.477 1.68628e-08
2.64 1.4382 0 338.479 1.63348e-08
2.64 1.4382 0 339.482 1.5824e-08
2.64 1.4382 0 340.484 1.53297e-08
2.64 1.4382 0 341.487 1.48514e-08
2.64 1.4382 0 342.489 1.43886e-08
2.64 1.4382 0 343.491 1.39407e-08
2.64 1.4382 0 344.494 1.35073e-08
2.64 1.4382 0 345.496 1.30878e-08
2.64 1.4382 0 346.499 1.26818e-08
2.64 1.4382 0 347.501 1.22888e-08
2.64 1.4382 0 348.504 1.19084e-08
2.64 1.4382 0 349.506 1.15402e-08
2.64 1.4382 0 350.509 1.11838e-08
2.64 1.4382 0 351.511 1.08387e-08
2.64 1.4382 0 352.514 1.05046e-08
2.64 1.4382 0 353.516 1.01811e-08
2.64 1.4382 0 354.519 9.86796e-09
2.64 1.4382 0 355.521 9.56472e-09
2.64 1.4382 0 356.524 9.27109e-09
2.64 1.4382 0 357.526 8.98675e-09
2.64 1.4382 0 358.528 8.7114e-09
2.64 1.4382 0 359.531 8.44474e-09
2.64 1.4382 0 360.533 8.18649e-09
2.64 1.4382 0 361.536 7.93637e-09
2.64 1.4382 0 362.538 7.69412e-09
2.64 1.4382 0 363.541 7.45948e-09
2.64 1.4382 0 364.543 7.2322e-09
2.64 1.4382 0 365.546 7.01204e-09
2.64 1.4382 0 366.548 6.79877e-09
2.64 1.4382 0 367.551 6.59216e-09
2.64 1.4382 0 368.553 6.39201e-09
2.64 1.4382 0 369.556 6.1981e-09
2.64 1.4382 0 370.558 6.01023e-09
2.64 1.4382 0 371.561 5.82821e-09
2.64 1.4382 0 372.563 5.65184e-09
2.64 1.4382 0 373.566 5.48095e-09
2.64 1.4382 0 374.568 5.31536e-09
2.64 1.4382 0 375.57 5.1549e-09
2.64 1.4382 0 376.573 4.99941e-09
2.64 1.4382 0 377.575 4.84872e-09
2.64 1.4382 0 378.578 4.70269e-09
2.64 1.4382 0 379.58 4.56116e-09
2.64 1.4382 0 380.583 4.42399e-09
2.64 1.4382 0 381.585 4.29105e-09
2.64 1.4382 0 382.588 4.16219e-09
2.64 1.4382 0 383.59 4.0373e-09
2.64 1.4382 0 384.593 3.91624e-09
2.64 1.4382 0 385.595 3.79889e-09
2.64 1.4382 0 386.598 3.68514e-09
2.64 1.4382 0 387.6 3.57486e-09
2.64 1.4382 0 388.603 3.46796e-09
2.64 1.4382 0 389.605 3.36433e-09
2.64 1.4382 0 390.607 3.26386e-09
2.64 1.4382 0 391.61 3.16646e-09
2.64 1.4382 0 392.612 3.07202e-09
2.64 1.4382 0 393.615 2.98046e-09
2.64 1.4382 0 394.617 2.89168e-09
2.64 1.4382 0 395.62 2.8056e-09
2.64 1.4382 0 396.622 2.72213e-09
2.64 1.4382 0 397.625 2.6412e-09
2.64 1.4382 0 398.627 2.56272e-09
2.64 1.4382 0 399.63 2.48662e-09
2.64 1.4382 0 400.632 2.41282e-09
2.64 1.4382 0 401.635 2.34125e-09
2.64 1.4382 0 402.637 2.27184e-09
2.64 1.4382 0 403.64 2.20453e-09
2.64 1.4382 0 404.642 2.13925e-09
2.64 1.4382 0 405.645 2.07594e-09
2.64 1.4382 0 406.647 2.01454e-09
2.64 1.4382 0 407.649 1.95498e-09
2.64 1.4382 0 408.652 1.89722e-09
2.64 1.4382 0 409.654 1.84119e-09
2.64 1.4382 0 410.657 1.78685e-09
2.64 1.4382 0 411.659 1.73413e-09
2.64 1.4382 0 412.662 1.683e-09
2.64 1.4382 0 413.664 1.6334e-09
2.64 1.4382 0 414.667 1.58528e-09
2.64 1.4382 0 415.669 1.53861e-09
2.64 1.4382 0 416.672 1.49333e-09
2.64 1.4382 0 417.674 1.4494e-09
2.64 1.4382 0 418.677 1.40679e-09
2.64 1.4382 0 419.679 1.36545e-09
2.64 1.4382 0 420.682 1.32534e-09
2.64 1.4382 0 421.684 1.28643e-09
2.64 1.4382 0 422.686 1.24868e-09
2.64 1.4382 0 423.689 1.21205e-09
2.64 1.4382 0 424.691 1.17651e-09
2.64 1.4382 0 425.694 1.14203e-09
2.64 1.4382 0 426.696 1.10857e-09
2.64 1.4382 0 427.699 1.07611e-09
2.64 1.4382 0 428.701 1.04461e-09
2.64 1.4382 0 429.704 1.01404e-09
2.64 1.4382 0 430.706 9.84386e-10
2.64 1.4382 0 431.709 9.55607e-10
2.64 1.4382 0 432.711 9.27681e-10
2.64 1.4382 0 433.714 9.00581e-10
2.64 1.4382 0 434.716 8.74283e-10
2.64 1.4382 0 435.719 8.48762e-10
2.64 1.4382 0 436.721 8.23996e-10
2.64 1.4382 0 437.724 7.99962e-10
2.64 1.4382 0 438.726 7.76637e-10
2.64 1.4382 0 439.728 7.54001e-10
2.64 1.4382 0 440.731 7.32032e-10
2.64 1.4382 0 441.733 7.10711e-10
2.64 1.4382 0 442.736 6.90019e-10
2.64 1.4382 0 443.738 6.69935e-10
2.64 1.4382 0 444.741 6.50443e-10
2.64 1.4382 0 445.743 6.31525e-10
2.64 1.4382 0 446.746 6.13163e-10
2.64 1.4382 0 447.748 5.9534e-10
2.64 1.4382 0 448.751 5.78042e-10
2.64 1.4382 0 449.753 5.61251e-10
2.64 1.4382 0 450.756 5.44954e-10
2.64 1.4382 0 451.758 5.29135e-10
2.64 1.4382 0 452.761 5.13779e-10
2.64 1.4382 0 453.763 4.98874e-10
2.64 1.4382 0 454.765 4.84406e-10
2.64 1.4382 0 455.768 4.70361e-10
2.64 1.4382 0 456.77 4.56728e-10
2.64 1.4382 0 457.773 4.43494e-10
2.64 1.4382 0 458.775 4.30647e-10
2.64 1.4382 0 459.778 4.18176e-10
2.64 1.4382 0 460.78 4.06069e-10
2.64 1.4382 0 461.783 3.94317e-10
2.64 1.4382 0 462.785 3.82907e-10
2.64 1.4382 0 463.788 3.71831e-10
2.64 1.4382 0 464.79 3.61078e-10
2.64 1.4382 0 465.793 3.50638e-10
2.64 1.4382 0 466.795 3.40504e-10
2.64 1.4382 0 467.798 3.30664e-10
2.64 1.4382 0 468.8 3.21112e-10
2.64 1.4382 0 469.803 3.11838e-10
2.64 1.4382 0 470.805 3.02834e-10
2.64 1.4382 0 471.807 2.94092e-10
2.64 1.4382 0 472.81 2.85605e-10
2.64 1.4382 0 473.812 2.77364e-10
2.64 1.4382 0 474.815 2.69363e-10
2.64 1.4382 0 475.817 2.61595e-10
2.64 1.4382 0 476.82 2.54053e-10
2.64 1.4382 0 477.822 2.4673e-10
2.64 1.4382 0 478.825 2.39619e-10
2.64 1.4382 0 479.827 2.32715e-10
2.64 1.4382 0 480.83 2.26012e-10
2.64 1.4382 0 481.832 2.19503e-10
2.64 1.4382 0 482.835 2.13183e-10
2.64 1.4382 0 483.837 2.07046e-10
2.64 1.4382 0 484.84 2.01087e-10
2.64 1.4382 0 485.842 1.95301e-10
2.64 1.4382 0 486.844 1.89682e-10
2.64 1.4382 0 487.847 1.84227e-10
2.64 1.4382 0 488.849 1.78929e-10
2.64 1.4382 0 489.852 1.73784e-10
2.64 1.4382 0 490.854 1.68789e-10
2.64 1.4382 0 491.857 1.63938e-10
2.64 1.4382 0 492.859 1.59228e-10
2.64 1.4382 0 493.862 1.54653e-10
2.64 1.4382 0 494.864 1.50211e-10
2.64 1.4382 0 495.867 1.45898e-10
2.64 1.4382 0 496.869 1.41709e-10
2.64 1.4382 0 497.872 1.37641e-10
2.64 1.4382 0 498.874 1.3369e-10
2.64 1.4382 0 499.877 1.29854e-10
2.64 1.4382 0 500.879 1.26128e-10
2.64 1.4382 0 501.882 1.2251e-10
2.64 1.4382 0 502.884 1.18997e-10
2.64 1.4382 0 503.886 1.15584e-10
2.64 1.4382 0 504.889 1.1227e-10
2.64 1.4382 0 505.891 1.09052e-10
2.64 1.4382 0 506.894 1.05926e-10
2.64 1.4382 0 507.896 1.02891e-10
2.64 1.4382 0 508.899 9.99429e-11
2.64 1.4382 0 509.901 9.70799e-11
2.64 1.4382 0 510.904 9.42993e-11
2.64 1.4382 0 511.906 9.15987e-11
2.64 1.4382 0 512.909 8.89759e-11
2.64 1.4382 0 513.911 8.64287e-11
2.64 1.4382 0 514.914 8.39547e-11
2.64 1.4382 0 515.916 8.15519e-11
2.64 1.4382 0 516.919 7.92182e-11
2.64 1.4382 0 517.921 7.69516e-11
2.64 1.4382 0 518.923 7.47502e-11
2.64 1.4382 0 519.926 7.26121e-11
2.64 1.4382 0 520.928 7.05355e-11
2.64 1.4382 0 521.931 6.85185e-11
2.64 1.4382 0 522.933 6.65595e-11
2.64 1.4382 0 523.936 6.46568e-11
2.64 1.4382 0 524.938 6.28087e-11
2.64 1.4382 0 525.941 6.10136e-11
2.64 1.4382 0 526.943 5.92702e-11
2.64 1.4382 0 527.946 5.75767e-11
2.64 1.4382 0 528.948 5.59319e-11
2.64 1.4382 0 529.951 5.43342e-11
2.64 1.4382 0 530.953 5.27824e-11
2.64 1.4382 0 531.956 5.12752e-11
2.64 1.4382 0 532.958 4.98111e-11
2.64 1.4382 0 533.961 4.8389e-11
2.64 1.4382 0 534.963 4.70077e-11
2.64 1.4382 0 535.965 4.5666e-11
2.64 1.4382 0 536.968 4.43628e-11
2.64 1.4382 0 537.97 4.30968e-11
2.64 1.4382 0 538.973 4.18672e-11
2.64 1.4382 0 539.975 4.06728e-11
2.64 1.4382 0 540.978 3.95126e-11
2.64 1.4382 0 541.98 3.83856e-11
2.64 1.4382 0 542.983 3.72909e-11
2.64 1.4382 0 543.985 3.62275e-11
2.64 1.4382 0 544.988 3.51946e-11
2.64 1.4382 0 545.99 3.41912e-11
2.64 1.4382 0 546.993 3.32166e-11
2.64 1.4382 0 547.995 3.22698e-11
2.64 1.4382 0 548.998 3.13501e-11
2.64 1.4382 0 550 3.04568e-11
