1.04 1.4382 0 150.015 4.74229e-07
1.04 1.4382 0 151.017 8.4102e-07
1.04 1.4382 0 152.02 8.49237e-07
1.04 1.4382 0 153.022 8.19687e-07
1.04 1.4382 0 154.025 7.93181e-07
1.04 1.4382 0 155.027 7.70248e-07
1.04 1.4382 0 156.03 7.49809e-07
1.04 1.4382 0 157.032 7.31176e-07
1.04 1.4382 0 158.035 7.13927e-07
1.04 1.4382 0 159.037 6.97786e-07
1.04 1.4382 0 160.04 6.82561e-07
1.04 1.4382 0 161.042 6.68114e-07
1.04 1.4382 0 162.045 6.54341e-07
1.04 1.4382 0 163.047 6.41159e-07
1.04 1.4382 0 164.05 6.28506e-07
1.04 1.4382 0 165.052 6.16328e-07
1.04 1.4382 0 166.054 6.04584e-07
1.04 1.4382 0 167.057 5.93237e-07
1.04 1.4382 0 168.059 5.82256e-07
1.04 1.4382 0 169.062 5.71616e-07
1.04 1.4382 0 170.064 5.61293e-07
1.04 1.4382 0 171.067 5.51267e-07
1.04 1.4382 0 172.069 5.4152e-07
1.04 1.4382 0 173.072 5.32037e-07
1.04 1.4382 0 174.074 5.22804e-07
1.04 1.4382 0 175.077 5.13807e-07
1.04 1.4382 0 176.079 5.05036e-07
1.04 1.4382 0 177.082 4.96479e-07
1.04 1.4382 0 178.084 4.88127e-07
1.04 1.4382 0 179.087 4.79971e-07
1.04 1.4382 0 180.089 4.72003e-07
1.04 1.4382 0 181.092 4.64215e-07
1.04 1.4382 0 182.094 4.566e-07
1.04 1.4382 0 183.096 4.49152e-07
1.04 1.4382 0 184.099 4.41864e-07
1.04 1.4382 0 185.101 4.34731e-07
1.04 1.4382 0 186.104 4.27748e-07
1.04 1.4382 0 187.106 4.20909e-07
1.04 1.4382 0 188.109 4.14209e-07
1.04 1.4382 0 189.111 4.07644e-07
1.04 1.4382 0 190.114 4.0121e-07
1.04 1.4382 0 191.116 3.94903e-07
1.04 1.4382 0 192.119 3.88718e-07
1.04 1.4382 0 193.121 3.82653e-07
1.04 1.4382 0 194.124 3.76704e-07
1.04 1.4382 0 195.126 3.70867e-07
1.04 1.4382 0 196.129 3.65139e-07
1.04 1.4382 0 197.131 3.59518e-07
1.04 1.4382 0 198.133 3.54e-07
1.04 1.4382 0 199.136 3.48583e-07
1.04 1.4382 0 200.138 3.43264e-07
1.04 1.4382 0 201.141 3.38041e-07
1.04 1.4382 0 202.143 3.32911e-07
1.04 1.4382 0 203.146 3.27872e-07
1.04 1.4382 0 204.148 3.22922e-07
1.04 1.4382 0 205.151 3.18058e-07
1.04 1.4382 0 206.153 3.13279e-07
1.04 1.4382 0 207.156 3.08582e-07
1.04 1.4382 0 208.158 3.03965e-07
1.04 1.4382 0 209.161 2.99428e-07
1.04 1.4382 0 210.163 2.94967e-07
1.04 1.4382 0 211.166 2.90582e-07
1.04 1.4382 0 212.168 2.8627e-07
1.04 1.4382 0 213.171 2.82031e-07
1.04 1.4382 0 214.173 2.77862e-07
1.04 1.4382 0 215.175 2.73761e-07
1.04 1.4382 0 216.178 2.69728e-07
1.04 1.4382 0 217.18 2.65762e-07
1.04 1.4382 0 218.183 2.6186e-07
1.04 1.4382 0 219.185 2.58021e-07
1.04 1.4382 0 220.188 2.54245e-07
1.04 1.4382 0 221.19 2.50529e-07
1.04 1.4382 0 222.193 2.46873e-07
1.04 1.4382 0 223.195 2.43276e-07
1.04 1.4382 0 224.198 2.39736e-07
1.04 1.4382 0 225.2 2.36252e-07
1.04 1.4382 0 226.203 2.32823e-07
1.04 1.4382 0 227.205 2.29449e-07
1.04 1.4382 0 228.208 2.26127e-07
1.04 1.4382 0 229.21 2.22858e-07
1.04 1.4382 0 230.212 2.1964e-07
1.04 1.4382 0 231.215 2.16471e-07
1.04 1.4382 0 232.217 2.13353e-07
1.04 1.4382 0 233.22 2.10282e-07
1.04 1.4382 0 234.222 2.07259e-07
1.04 1.4382 0 235.225 2.04283e-07
1.04 1.4382 0 236.227 2.01352e-07
1.04 1.4382 0 237.23 1.98467e-07
1.04 1.4382 0 238.232 1.95625e-07
1.04 1.4382 0 239.235 1.92828e-07
1.04 1.4382 0 240.237 1.90072e-07
1.04 1.4382 0 241.24 1.87359e-07
1.04 1.4382 0 242.242 1.84687e-07
1.04 1.4382 0 243.245 1.82055e-07
1.04 1.4382 0 244.247 1.79463e-07
1.04 1.4382 0 245.25 1.7691e-07
1.04 1.4382 0 246.252 1.74396e-07
1.04 1.4382 0 247.254 1.7192e-07
1.04 1.4382 0 248.257 1.6948e-07
1.04 1.4382 0 249.259 1.67078e-07
1.04 1.4382 0 250.262 1.64711e-07
1.04 1.4382 0 251.264 1.62379e-07
1.04 1.4382 0 252.267 1.60083e-07
1.04 1.4382 0 253.269 1.5782e-07
1.04 1.4382 0 254.272 1.55591e-07
1.04 1.4382 0 255.274 1.53395e-07
1.04 1.4382 0 256.277 1.51232e-07
1.04 1.4382 0 257.279 1.49101e-07
1.04 1.4382 0 258.282 1.47001e-07
1.04 1.4382 0 259.284 1.44932e-07
1.04 1.4382 0 260.287 1.42894e-07
1.04 1.4382 0 261.289 1.40886e-07
1.04 1.4382 0 262.291 1.38907e-07
1.04 1.4382 0 263.294 1.36958e-07
1.04 1.4382 0 264.296 1.35037e-07
1.04 1.4382 0 265.299 1.33144e-07
1.04 1.4382 0 266.301 1.31278e-07
1.04 1.4382 0 267.304 1.29441e-07
1.04 1.4382 0 268.306 1.2763e-07
1.04 1.4382 0 269.309 1.25845e-07
1.04 1.4382 0 270.311 1.24086e-07
1.04 1.4382 0 271.314 1.22353e-07
1.04 1.4382 0 272.316 1.20645e-07
1.04 1.4382 0 273.319 1.18962e-07
1.04 1.4382 0 274.321 1.17304e-07
1.04 1.4382 0 275.324 1.15669e-07
1.04 1.4382 0 276.326 1.14059e-07
1.04 1.4382 0 277.329 1.12471e-07
1.04 1.4382 0 278.331 1.10907e-07
1.04 1.4382 0 279.333 1.09365e-07
1.04 1.4382 0 280.336 1.07845e-07
1.04 1.4382 0 281.338 1.06347e-07
1.04 1.4382 0 282.341 1.04871e-07
1.04 1.4382 0 283.343 1.03416e-07
1.04 1.4382 0 284.346 1.01982e-07
1.04 1.4382 0 285.348 1.00569e-07
1.04 1.4382 0 286.351 9.91759e-08
1.04 1.4382 0 287.353 9.78029e-08
1.04 1.4382 0 288.356 9.64495e-08
1.04 1.4382 0 289.358 9.51156e-08
1.04 1.4382 0 290.361 9.38008e-08
1.04 1.4382 0 291.363 9.25049e-08
1.04 1.4382 0 292.366 9.12274e-08
1.04 1.4382 0 293.368 8.99683e-08
1.04 1.4382 0 294.37 8.87271e-08
1.04 1.4382 0 295.373 8.75036e-08
1.04 1.4382 0 296.375 8.62976e-08
1.04 1.4382 0 297.378 8.51088e-08
1.04 1.4382 0 298.38 8.39369e-08
1.04 1.4382 0 299.383 8.27818e-08
1.04 1.4382 0 300.385 8.1643e-08
1.04 1.4382 0 301.388 8.05205e-08
1.04 1.4382 0 302.39 7.94139e-08
1.04 1.4382 0 303.393 7.8323e-08
1.04 1.4382 0 304.395 7.72476e-08
1.04 1.4382 0 305.398 7.61875e-08
1.04 1.4382 0 306.4 7.51424e-08
1.04 1.4382 0 307.403 7.41121e-08
1.04 1.4382 0 308.405 7.30964e-08
1.04 1.4382 0 309.408 7.20951e-08
1.04 1.4382 0 310.41 7.11079e-08
1.04 1.4382 0 311.412 7.01347e-08
1.04 1.4382 0 312.415 6.91752e-08
1.04 1.4382 0 313.417 6.82293e-08
1.04 1.4382 0 314.42 6.72968e-08
1.04 1.4382 0 315.422 6.63774e-08
1.04 1.4382 0 316.425 6.54709e-08
1.04 1.4382 0 317.427 6.45772e-08
1.04 1.4382 0 318.43 6.36962e-08
1.04 1.4382 0 319.432 6.28275e-08
1.04 1.4382 0 320.435 6.1971e-08
1.04 1.4382 0 321.437 6.11266e-08
1.04 1.4382 0 322.44 6.0294e-08
1.04 1.4382 0 323.442 5.94732e-08
1.04 1.4382 0 324.445 5.86638e-08
1.04 1.4382 0 325.447 5.78658e-08
1.04 1.4382 0 326.449 5.7079e-08
1.04 1.4382 0 327.452 5.63033e-08
1.04 1.4382 0 328.454 5.55384e-08
1.04 1.4382 0 329.457 5.47842e-08
1.04 1.4382 0 330.459 5.40405e-08
1.04 1.4382 0 331.462 5.33073e-08
1.04 1.4382 0 332.464 5.25843e-08
1.04 1.4382 0 333.467 5.18714e-08
1.04 1.4382 0 334.469 5.11685e-08
1.04 1.4382 0 335.472 5.04754e-08
1.04 1.4382 0 336.474 4.9792e-08
1.04 1.4382 0 337.477 4.9118e-08
1.04 1.4382 0 338.479 4.84535e-08
1.04 1.4382 0 339.482 4.77983e-08
1.04 1.4382 0 340.484 4.71521e-08
1.04 1.4382 0 341.487 4.6515e-08
1.04 1.4382 0 342.489 4.58867e-08
1.04 1.4382 0 343.491 4.52672e-08
1.04 1.4382 0 344.494 4.46563e-08
1.04 1.4382 0 345.496 4.40538e-08
1.04 1.4382 0 346.499 4.34598e-08
1.04 1.4382 0 347.501 4.28739e-08
1.04 1.4382 0 348.504 4.22962e-08
1.04 1.4382 0 349.506 4.17266e-08
1.04 1.4382 0 350.509 4.11648e-08
1.04 1.4382 0 351.511 4.06108e-08
1.04 1.4382 0 352.514 4.00644e-08
1.04 1.4382 0 353.516 3.95257e-08
1.04 1.4382 0 354.519 3.89944e-08
1.04 1.4382 0 355.521 3.84704e-08
1.04 1.4382 0 356.524 3.79537e-08
1.04 1.4382 0 357.526 3.74441e-08
1.04 1.4382 0 358.528 3.69415e-08
1.04 1.4382 0 359.531 3.64459e-08
1.04 1.4382 0 360.533 3.59571e-08
1.04 1.4382 0 361.536 3.54751e-08
1.04 1.4382 0 362.538 3.49997e-08
1.04 1.4382 0 363.541 3.45309e-08
1.04 1.4382 0 364.543 3.40685e-08
1.04 1.4382 0 365.546 3.36125e-08
1.04 1.4382 0 366.548 3.31628e-08
1.04 1.4382 0 367.551 3.27192e-08
1.04 1.4382 0 368.553 3.22818e-08
1.04 1.4382 0 369.556 3.18503e-08
1.04 1.4382 0 370.558 3.14248e-08
1.04 1.4382 0 371.561 3.10051e-08
1.04 1.4382 0 372.563 3.05912e-08
1.04 1.4382 0 373.566 3.0183e-08
1.04 1.4382 0 374.568 2.97804e-08
1.04 1.4382 0 375.57 2.93833e-08
1.04 1.4382 0 376.573 2.89916e-08
1.04 1.4382 0 377.575 2.86053e-08
1.04 1.4382 0 378.578 2.82243e-08
1.04 1.4382 0 379.58 2.78485e-08
1.04 1.4382 0 380.583 2.74778e-08
1.04 1.4382 0 381.585 2.71122e-08
1.04 1.4382 0 382.588 2.67516e-08
1.04 1.4382 0 383.59 2.63959e-08
1.04 1.4382 0 384.593 2.60451e-08
1.04 1.4382 0 385.595 2.56991e-08
1.04 1.4382 0 386.598 2.53578e-08
1.04 1.4382 0 387.6 2.50211e-08
1.04 1.4382 0 388.603 2.46891e-08
1.04 1.4382 0 389.605 2.43615e-08
1.04 1.4382 0 390.607 2.40385e-08
1.04 1.4382 0 391.61 2.37198e-08
1.04 1.4382 0 392.612 2.34054e-08
1.04 1.4382 0 393.615 2.30954e-08
1.04 1.4382 0 394.617 2.27895e-08
1.04 1.4382 0 395.62 2.24879e-08
1.04 1.4382 0 396.622 2.21903e-08
1.04 1.4382 0 397.625 2.18967e-08
1.04 1.4382 0 398.627 2.16072e-08
1.04 1.4382 0 399.63 2.13215e-08
1.04 1.4382 0 400.632 2.10398e-08
1.04 1.4382 0 401.635 2.07618e-08
1.04 1.4382 0 402.637 2.04877e-08
1.04 1.4382 0 403.64 2.02172e-08
1.04 1.4382 0 404.642 1.99504e-08
1.04 1.4382 0 405.645 1.96872e-08
1.04 1.4382 0 406.647 1.94276e-08
1.04 1.4382 0 407.649 1.91715e-08
1.04 1.4382 0 408.652 1.89189e-08
1.04 1.4382 0 409.654 1.86696e-08
1.04 1.4382 0 410.657 1.84238e-08
1.04 1.4382 0 411.659 1.81812e-08
1.04 1.4382 0 412.662 1.7942e-08
1.04 1.4382 0 413.664 1.77059e-08
1.04 1.4382 0 414.667 1.74731e-08
1.04 1.4382 0 415.669 1.72434e-08
1.04 1.4382 0 416.672 1.70167e-08
1.04 1.4382 0 417.674 1.67932e-08
1.04 1.4382 0 418.677 1.65726e-08
1.04 1.4382 0 419.679 1.6355e-08
1.04 1.4382 0 420.682 1.61404e-08
1.04 1.4382 0 421.684 1.59286e-08
1.04 1.4382 0 422.686 1.57197e-08
1.04 1.4382 0 423.689 1.55136e-08
1.04 1.4382 0 424.691 1.53102e-08
1.04 1.4382 0 425.694 1.51096e-08
1.04 1.4382 0 426.696 1.49117e-08
1.04 1.4382 0 427.699 1.47165e-08
1.04 1.4382 0 428.701 1.45238e-08
1.04 1.4382 0 429.704 1.43338e-08
1.04 1.4382 0 430.706 1.41463e-08
1.04 1.4382 0 431.709 1.39613e-08
1.04 1.4382 0 432.711 1.37787e-08
1.04 1.4382 0 433.714 1.35987e-08
1.04 1.4382 0 434.716 1.3421e-08
1.04 1.4382 0 435.719 1.32457e-08
1.04 1.4382 0 436.721 1.30728e-08
1.04 1.4382 0 437.724 1.29022e-08
1.04 1.4382 0 438.726 1.27338e-08
1.04 1.4382 0 439.728 1.25677e-08
1.04 1.4382 0 440.731 1.24038e-08
1.04 1.4382 0 441.733 1.22421e-08
1.04 1.4382 0 442.736 1.20826e-08
1.04 1.4382 0 443.738 1.19252e-08
1.04 1.4382 0 444.741 1.17699e-08
1.04 1.4382 0 445.743 1.16167e-08
1.04 1.4382 0 446.746 1.14655e-08
1.04 1.4382 0 447.748 1.13163e-08
1.04 1.4382 0 448.751 1.11691e-08
1.04 1.4382 0 449.753 1.10239e-08
1.04 1.4382 0 450.756 1.08806e-08
1.04 1.4382 0 451.758 1.07392e-08
1.04 1.4382 0 452.761 1.05997e-08
1.04 1.4382 0 453.763 1.0462e-08
1.04 1.4382 0 454.765 1.03262e-08
1.04 1.4382 0 455.768 1.01921e-08
1.04 1.4382 0 456.77 1.00599e-08
1.04 1.4382 0 457.773 9.92941e-09
1.04 1.4382 0 458.775 9.80065e-09
1.04 1.4382 0 459.778 9.6736e-09
1.04 1.4382 0 460.78 9.54823e-09
1.04 1.4382 0 461.783 9.42453e-09
1.04 1.4382 0 462.785 9.30246e-09
1.04 1.4382 0 463.788 9.18201e-09
1.04 1.4382 0 464.79 9.06316e-09
1.04 1.4382 0 465.793 8.94588e-09
1.04 1.4382 0 466.795 8.83015e-09
1.04 1.4382 0 467.798 8.71595e-09
1.04 1.4382 0 468.8 8.60327e-09
1.04 1.4382 0 469.803 8.49207e-09
1.04 1.4382 0 470.805 8.38234e-09
1.04 1.4382 0 471.807 8.27406e-09
1.04 1.4382 0 472.81 8.16721e-09
1.04 1.4382 0 473.812 8.06177e-09
1.04 1.4382 0 474.815 7.95772e-09
1.04 1.4382 0 475.817 7.85505e-09
1.04 1.4382 0 476.82 7.75373e-09
1.04 1.4382 0 477.822 7.65374e-09
1.04 1.4382 0 478.825 7.55508e-09
1.04 1.4382 0 479.827 7.45771e-09
1.04 1.4382 0 480.83 7.36162e-09
1.04 1.4382 0 481.832 7.2668e-09
1.04 1.4382 0 482.835 7.17323e-09
1.04 1.4382 0 483.837 7.08089e-09
1.04 1.4382 0 484.84 6.98976e-09
1.04 1.4382 0 485.842 6.89983e-09
1.04 1.4382 0 486.844 6.81108e-09
1.04 1.4382 0 487.847 6.7235e-09
1.04 1.4382 0 488.849 6.63707e-09
1.04 1.4382 0 489.852 6.55177e-09
1.04 1.4382 0 490.854 6.46759e-09
1.04 1.4382 0 491.857 6.38452e-09
1.04 1.4382 0 492.859 6.30254e-09
1.04 1.4382 0 493.862 6.22163e-09
1.04 1.4382 0 494.864 6.14178e-09
1.04 1.4382 0 495.867 6.06298e-09
1.04 1.4382 0 496.869 5.98521e-09
1.04 1.4382 0 497.872 5.90846e-09
1.04 1.4382 0 498.874 5.83272e-09
1.04 1.4382 0 499.877 5.75796e-09
1.04 1.4382 0 500.879 5.68419e-09
1.04 1.4382 0 501.882 5.61137e-09
1.04 1.4382 0 502.884 5.53951e-09
1.04 1.4382 0 503.886 5.46859e-09
1.04 1.4382 0 504.889 5.3986e-09
1.04 1.4382 0 505.891 5.32952e-09
1.04 1.4382 0 506.894 5.26134e-09
1.04 1.4382 0 507.896 5.19406e-09
1.04 1.4382 0 508.899 5.12765e-09
1.04 1.4382 0 509.901 5.0621e-09
1.04 1.4382 0 510.904 4.99741e-09
1.04 1.4382 0 511.906 4.93357e-09
1.04 1.4382 0 512.909 4.87056e-09
1.04 1.4382 0 513.911 4.80837e-09
1.04 1.4382 0 514.914 4.74698e-09
1.04 1.4382 0 515.916 4.6864e-09
1.04 1.4382 0 516.919 4.62661e-09
1.04 1.4382 0 517.921 4.56759e-09
1.04 1.4382 0 518.923 4.50934e-09
1.04 1.4382 0 519.926 4.45185e-09
1.04 1.4382 0 520.928 4.39511e-09
1.04 1.4382 0 521.931 4.33911e-09
1.04 1.4382 0 522.933 4.28383e-09
1.04 1.4382 0 523.936 4.22927e-09
1.04 1.4382 0 524.938 4.17542e-09
1.04 1.4382 0 525.941 4.12227e-09
1.04 1.4382 0 526.943 4.0698e-09
1.04 1.4382 0 527.946 4.01802e-09
1.04 1.4382 0 528.948 3.96691e-09
1.04 1.4382 0 529.951 3.91646e-09
1.04 1.4382 0 530.953 3.86667e-09
1.04 1.4382 0 531.956 3.81752e-09
1.04 1.4382 0 532.958 3.76901e-09
1.04 1.4382 0 533.961 3.72113e-09
1.04 1.4382 0 534.963 3.67387e-09
1.04 1.4382 0 535.965 3.62721e-09
1.04 1.4382 0 536.968 3.58117e-09
1.04 1.4382 0 537.97 3.53571e-09
1.04 1.4382 0 538.973 3.49085e-09
1.04 1.4382 0 539.975 3.44657e-09
1.04 1.4382 0 540.978 3.40285e-09
1.04 1.4382 0 541.98 3.35971e-09
1.04 1.4382 0 542.983 3.31712e-09
1.04 1.4382 0 543.985 3.27508e-09
1.04 1.4382 0 544.988 3.23358e-09
1.04 1.4382 0 545.99 3.19262e-09
1.04 1.4382 0 546.993 3.15219e-09
1.04 1.4382 0 547.995 3.11228e-09
1.04 1.4382 0 548.998 3.07288e-09
1.04 1.4382 0 550 3.03399e-09
