1.75 1.4382 0 150.015 1.12812e-05
1.75 1.4382 0 151.017 2.04207e-05
1.75 1.4382 0 152.02 2.10148e-05
1.75 1.4382 0 153.022 2.04782e-05
1.75 1.4382 0 154.025 1.98881e-05
1.75 1.4382 0 155.027 1.93159e-05
1.75 1.4382 0 156.03 1.87641e-05
1.75 1.4382 0 157.032 1.82314e-05
1.75 1.4382 0 158.035 1.77165e-05
1.75 1.4382 0 159.037 1.72185e-05
1.75 1.4382 0 160.04 1.67367e-05
1.75 1.4382 0 161.042 1.62702e-05
1.75 1.4382 0 162.045 1.58184e-05
1.75 1.4382 0 163.047 1.53807e-05
1.75 1.4382 0 164.05 1.49566e-05
1.75 1.4382 0 165.052 1.45456e-05
1.75 1.4382 0 166.054 1.41471e-05
1.75 1.4382 0 167.057 1.37607e-05
1.75 1.4382 0 168.059 1.3386e-05
1.75 1.4382 0 169.062 1.30226e-05
1.75 1.4382 0 170.064 1.267e-05
1.75 1.4382 0 171.067 1.2328e-05
1.75 1.4382 0 172.069 1.19961e-05
1.75 1.4382 0 173.072 1.1674e-05
1.75 1.4382 0 174.074 1.13613e-05
1.75 1.4382 0 175.077 1.10578e-05
1.75 1.4382 0 176.079 1.07632e-05
1.75 1.4382 0 177.082 1.04771e-05
1.75 1.4382 0 178.084 1.01993e-05
1.75 1.4382 0 179.087 9.92946e-06
1.75 1.4382 0 180.089 9.66741e-06
1.75 1.4382 0 181.092 9.41287e-06
1.75 1.4382 0 182.094 9.16559e-06
1.75 1.4382 0 183.096 8.92535e-06
1.75 1.4382 0 184.099 8.69191e-06
1.75 1.4382 0 185.101 8.46507e-06
1.75 1.4382 0 186.104 8.24463e-06
1.75 1.4382 0 187.106 8.03037e-06
1.75 1.4382 0 188.109 7.82212e-06
1.75 1.4382 0 189.111 7.61968e-06
1.75 1.4382 0 190.114 7.42288e-06
1.75 1.4382 0 191.116 7.23153e-06
1.75 1.4382 0 192.119 7.04549e-06
1.75 1.4382 0 193.121 6.86458e-06
1.75 1.4382 0 194.124 6.68865e-06
1.75 1.4382 0 195.126 6.51756e-06
1.75 1.4382 0 196.129 6.35114e-06
1.75 1.4382 0 197.131 6.18928e-06
1.75 1.4382 0 198.133 6.03182e-06
1.75 1.4382 0 199.136 5.87864e-06
1.75 1.4382 0 200.138 5.72962e-06
1.75 1.4382 0 201.141 5.58462e-06
1.75 1.4382 0 202.143 5.44354e-06
1.75 1.4382 0 203.146 5.30625e-06
1.75 1.4382 0 204.148 5.17265e-06
1.75 1.4382 0 205.151 5.04263e-06
1.75 1.4382 0 206.153 4.91609e-06
1.75 1.4382 0 207.156 4.79291e-06
1.75 1.4382 0 208.158 4.67302e-06
1.75 1.4382 0 209.161 4.55631e-06
1.75 1.4382 0 210.163 4.44269e-06
1.75 1.4382 0 211.166 4.33207e-06
1.75 1.4382 0 212.168 4.22438e-06
1.75 1.4382 0 213.171 4.11952e-06
1.75 1.4382 0 214.173 4.01741e-06
1.75 1.4382 0 215.175 3.91798e-06
1.75 1.4382 0 216.178 3.82115e-06
1.75 1.4382 0 217.18 3.72685e-06
1.75 1.4382 0 218.183 3.63501e-06
1.75 1.4382 0 219.185 3.54556e-06
1.75 1.4382 0 220.188 3.45843e-06
1.75 1.4382 0 221.19 3.37356e-06
1.75 1.4382 0 222.193 3.29089e-06
1.75 1.4382 0 223.195 3.21035e-06
1.75 1.4382 0 224.198 3.13189e-06
1.75 1.4382 0 225.2 3.05544e-06
1.75 1.4382 0 226.203 2.98096e-06
1.75 1.4382 0 227.205 2.90839e-06
1.75 1.4382 0 228.208 2.83768e-06
1.75 1.4382 0 229.21 2.76877e-06
1.75 1.4382 0 230.212 2.70162e-06
1.75 1.4382 0 231.215 2.63619e-06
1.75 1.4382 0 232.217 2.57241e-06
1.75 1.4382 0 233.22 2.51026e-06
1.75 1.4382 0 234.222 2.44968e-06
1.75 1.4382 0 235.225 2.39063e-06
1.75 1.4382 0 236.227 2.33308e-06
1.75 1.4382 0 237.23 2.27697e-06
1.75 1.4382 0 238.232 2.22228e-06
1.75 1.4382 0 239.235 2.16897e-06
1.75 1.4382 0 240.237 2.11699e-06
1.75 1.4382 0 241.24 2.06632e-06
1.75 1.4382 0 242.242 2.01692e-06
1.75 1.4382 0 243.245 1.96875e-06
1.75 1.4382 0 244.247 1.92178e-06
1.75 1.4382 0 245.25 1.87599e-06
1.75 1.4382 0 246.252 1.83133e-06
1.75 1.4382 0 247.254 1.78779e-06
1.75 1.4382 0 248.257 1.74533e-06
1.75 1.4382 0 249.259 1.70391e-06
1.75 1.4382 0 250.262 1.66353e-06
1.75 1.4382 0 251.264 1.62414e-06
1.75 1.4382 0 252.267 1.58573e-06
1.75 1.4382 0 253.269 1.54826e-06
1.75 1.4382 0 254.272 1.51171e-06
1.75 1.4382 0 255.274 1.47607e-06
1.75 1.4382 0 256.277 1.4413e-06
1.75 1.4382 0 257.279 1.40738e-06
1.75 1.4382 0 258.282 1.37429e-06
1.75 1.4382 0 259.284 1.34201e-06
1.75 1.4382 0 260.287 1.31053e-06
1.75 1.4382 0 261.289 1.27981e-06
1.75 1.4382 0 262.291 1.24983e-06
1.75 1.4382 0 263.294 1.22059e-06
1.75 1.4382 0 264.296 1.19206e-06
1.75 1.4382 0 265.299 1.16423e-06
1.75 1.4382 0 266.301 1.13706e-06
1.75 1.4382 0 267.304 1.11056e-06
1.75 1.4382 0 268.306 1.0847e-06
1.75 1.4382 0 269.309 1.05946e-06
1.75 1.4382 0 270.311 1.03484e-06
1.75 1.4382 0 271.314 1.0108e-06
1.75 1.4382 0 272.316 9.8735e-07
1.75 1.4382 0 273.319 9.64461e-07
1.75 1.4382 0 274.321 9.42122e-07
1.75 1.4382 0 275.324 9.20319e-07
1.75 1.4382 0 276.326 8.9904e-07
1.75 1.4382 0 277.329 8.78271e-07
1.75 1.4382 0 278.331 8.57999e-07
1.75 1.4382 0 279.333 8.38211e-07
1.75 1.4382 0 280.336 8.18897e-07
1.75 1.4382 0 281.338 8.00043e-07
1.75 1.4382 0 282.341 7.81639e-07
1.75 1.4382 0 283.343 7.63673e-07
1.75 1.4382 0 284.346 7.46134e-07
1.75 1.4382 0 285.348 7.29012e-07
1.75 1.4382 0 286.351 7.12297e-07
1.75 1.4382 0 287.353 6.95978e-07
1.75 1.4382 0 288.356 6.80046e-07
1.75 1.4382 0 289.358 6.64491e-07
1.75 1.4382 0 290.361 6.49304e-07
1.75 1.4382 0 291.363 6.34476e-07
1.75 1.4382 0 292.366 6.19997e-07
1.75 1.4382 0 293.368 6.0586e-07
1.75 1.4382 0 294.37 5.92056e-07
1.75 1.4382 0 295.373 5.78577e-07
1.75 1.4382 0 296.375 5.65415e-07
1.75 1.4382 0 297.378 5.52562e-07
1.75 1.4382 0 298.38 5.40011e-07
1.75 1.4382 0 299.383 5.27754e-07
1.75 1.4382 0 300.385 5.15784e-07
1.75 1.4382 0 301.388 5.04094e-07
1.75 1.4382 0 302.39 4.92678e-07
1.75 1.4382 0 303.393 4.81528e-07
1.75 1.4382 0 304.395 4.70638e-07
1.75 1.4382 0 305.398 4.60003e-07
1.75 1.4382 0 306.4 4.49615e-07
1.75 1.4382 0 307.403 4.39469e-07
1.75 1.4382 0 308.405 4.29559e-07
1.75 1.4382 0 309.408 4.1988e-07
1.75 1.4382 0 310.41 4.10425e-07
1.75 1.4382 0 311.412 4.01189e-07
1.75 1.4382 0 312.415 3.92168e-07
1.75 1.4382 0 313.417 3.83355e-07
1.75 1.4382 0 314.42 3.74747e-07
1.75 1.4382 0 315.422 3.66337e-07
1.75 1.4382 0 316.425 3.58122e-07
1.75 1.4382 0 317.427 3.50096e-07
1.75 1.4382 0 318.43 3.42256e-07
1.75 1.4382 0 319.432 3.34596e-07
1.75 1.4382 0 320.435 3.27113e-07
1.75 1.4382 0 321.437 3.19801e-07
1.75 1.4382 0 322.44 3.12658e-07
1.75 1.4382 0 323.442 3.05679e-07
1.75 1.4382 0 324.445 2.9886e-07
1.75 1.4382 0 325.447 2.92198e-07
1.75 1.4382 0 326.449 2.85688e-07
1.75 1.4382 0 327.452 2.79328e-07
1.75 1.4382 0 328.454 2.73112e-07
1.75 1.4382 0 329.457 2.67039e-07
1.75 1.4382 0 330.459 2.61105e-07
1.75 1.4382 0 331.462 2.55306e-07
1.75 1.4382 0 332.464 2.4964e-07
1.75 1.4382 0 333.467 2.44103e-07
1.75 1.4382 0 334.469 2.38691e-07
1.75 1.4382 0 335.472 2.33403e-07
1.75 1.4382 0 336.474 2.28236e-07
1.75 1.4382 0 337.477 2.23185e-07
1.75 1.4382 0 338.479 2.1825e-07
1.75 1.4382 0 339.482 2.13426e-07
1.75 1.4382 0 340.484 2.08712e-07
1.75 1.4382 0 341.487 2.04105e-07
1.75 1.4382 0 342.489 1.99602e-07
1.75 1.4382 0 343.491 1.95201e-07
1.75 1.4382 0 344.494 1.90899e-07
1.75 1.4382 0 345.496 1.86695e-07
1.75 1.4382 0 346.499 1.82586e-07
1.75 1.4382 0 347.501 1.78569e-07
1.75 1.4382 0 348.504 1.74643e-07
1.75 1.4382 0 349.506 1.70806e-07
1.75 1.4382 0 350.509 1.67055e-07
1.75 1.4382 0 351.511 1.63388e-07
1.75 1.4382 0 352.514 1.59804e-07
1.75 1.4382 0 353.516 1.563e-07
1.75 1.4382 0 354.519 1.52875e-07
1.75 1.4382 0 355.521 1.49527e-07
1.75 1.4382 0 356.524 1.46254e-07
1.75 1.4382 0 357.526 1.43055e-07
1.75 1.4382 0 358.528 1.39927e-07
1.75 1.4382 0 359.531 1.36869e-07
1.75 1.4382 0 360.533 1.33879e-07
1.75 1.4382 0 361.536 1.30957e-07
1.75 1.4382 0 362.538 1.281e-07
1.75 1.4382 0 363.541 1.25306e-07
1.75 1.4382 0 364.543 1.22575e-07
1.75 1.4382 0 365.546 1.19905e-07
1.75 1.4382 0 366.548 1.17294e-07
1.75 1.4382 0 367.551 1.14742e-07
1.75 1.4382 0 368.553 1.12246e-07
1.75 1.4382 0 369.556 1.09806e-07
1.75 1.4382 0 370.558 1.0742e-07
1.75 1.4382 0 371.561 1.05087e-07
1.75 1.4382 0 372.563 1.02806e-07
1.75 1.4382 0 373.566 1.00575e-07
1.75 1.4382 0 374.568 9.83942e-08
1.75 1.4382 0 375.57 9.62615e-08
1.75 1.4382 0 376.573 9.41761e-08
1.75 1.4382 0 377.575 9.21369e-08
1.75 1.4382 0 378.578 9.01428e-08
1.75 1.4382 0 379.58 8.81928e-08
1.75 1.4382 0 380.583 8.62859e-08
1.75 1.4382 0 381.585 8.44211e-08
1.75 1.4382 0 382.588 8.25975e-08
1.75 1.4382 0 383.59 8.08142e-08
1.75 1.4382 0 384.593 7.90701e-08
1.75 1.4382 0 385.595 7.73645e-08
1.75 1.4382 0 386.598 7.56965e-08
1.75 1.4382 0 387.6 7.40652e-08
1.75 1.4382 0 388.603 7.24698e-08
1.75 1.4382 0 389.605 7.09095e-08
1.75 1.4382 0 390.607 6.93835e-08
1.75 1.4382 0 391.61 6.7891e-08
1.75 1.4382 0 392.612 6.64312e-08
1.75 1.4382 0 393.615 6.50035e-08
1.75 1.4382 0 394.617 6.36071e-08
1.75 1.4382 0 395.62 6.22413e-08
1.75 1.4382 0 396.622 6.09055e-08
1.75 1.4382 0 397.625 5.95989e-08
1.75 1.4382 0 398.627 5.83208e-08
1.75 1.4382 0 399.63 5.70708e-08
1.75 1.4382 0 400.632 5.5848e-08
1.75 1.4382 0 401.635 5.4652e-08
1.75 1.4382 0 402.637 5.34821e-08
1.75 1.4382 0 403.64 5.23378e-08
1.75 1.4382 0 404.642 5.12184e-08
1.75 1.4382 0 405.645 5.01234e-08
1.75 1.4382 0 406.647 4.90522e-08
1.75 1.4382 0 407.649 4.80045e-08
1.75 1.4382 0 408.652 4.69795e-08
1.75 1.4382 0 409.654 4.59768e-08
1.75 1.4382 0 410.657 4.49959e-08
1.75 1.4382 0 411.659 4.40364e-08
1.75 1.4382 0 412.662 4.30977e-08
1.75 1.4382 0 413.664 4.21794e-08
1.75 1.4382 0 414.667 4.1281e-08
1.75 1.4382 0 415.669 4.04021e-08
1.75 1.4382 0 416.672 3.95423e-08
1.75 1.4382 0 417.674 3.87011e-08
1.75 1.4382 0 418.677 3.78782e-08
1.75 1.4382 0 419.679 3.7073e-08
1.75 1.4382 0 420.682 3.62853e-08
1.75 1.4382 0 421.684 3.55147e-08
1.75 1.4382 0 422.686 3.47607e-08
1.75 1.4382 0 423.689 3.4023e-08
1.75 1.4382 0 424.691 3.33012e-08
1.75 1.4382 0 425.694 3.2595e-08
1.75 1.4382 0 426.696 3.19041e-08
1.75 1.4382 0 427.699 3.1228e-08
1.75 1.4382 0 428.701 3.05666e-08
1.75 1.4382 0 429.704 2.99194e-08
1.75 1.4382 0 430.706 2.92861e-08
1.75 1.4382 0 431.709 2.86665e-08
1.75 1.4382 0 432.711 2.80602e-08
1.75 1.4382 0 433.714 2.7467e-08
1.75 1.4382 0 434.716 2.68865e-08
1.75 1.4382 0 435.719 2.63185e-08
1.75 1.4382 0 436.721 2.57627e-08
1.75 1.4382 0 437.724 2.52189e-08
1.75 1.4382 0 438.726 2.46867e-08
1.75 1.4382 0 439.728 2.41659e-08
1.75 1.4382 0 440.731 2.36563e-08
1.75 1.4382 0 441.733 2.31577e-08
1.75 1.4382 0 442.736 2.26697e-08
1.75 1.4382 0 443.738 2.21922e-08
1.75 1.4382 0 444.741 2.17249e-08
1.75 1.4382 0 445.743 2.12676e-08
1.75 1.4382 0 446.746 2.08201e-08
1.75 1.4382 0 447.748 2.03821e-08
1.75 1.4382 0 448.751 1.99535e-08
1.75 1.4382 0 449.753 1.95341e-08
1.75 1.4382 0 450.756 1.91237e-08
1.75 1.4382 0 451.758 1.8722e-08
1.75 1.4382 0 452.761 1.83288e-08
1.75 1.4382 0 453.763 1.79441e-08
1.75 1.4382 0 454.765 1.75676e-08
1.75 1.4382 0 455.768 1.71991e-08
1.75 1.4382 0 456.77 1.68384e-08
1.75 1.4382 0 457.773 1.64854e-08
1.75 1.4382 0 458.775 1.614e-08
1.75 1.4382 0 459.778 1.58019e-08
1.75 1.4382 0 460.78 1.54709e-08
1.75 1.4382 0 461.783 1.51471e-08
1.75 1.4382 0 462.785 1.48301e-08
1.75 1.4382 0 463.788 1.45198e-08
1.75 1.4382 0 464.79 1.42161e-08
1.75 1.4382 0 465.793 1.39189e-08
1.75 1.4382 0 466.795 1.3628e-08
1.75 1.4382 0 467.798 1.33433e-08
1.75 1.4382 0 468.8 1.30646e-08
1.75 1.4382 0 469.803 1.27918e-08
1.75 1.4382 0 470.805 1.25248e-08
1.75 1.4382 0 471.807 1.22634e-08
1.75 1.4382 0 472.81 1.20076e-08
1.75 1.4382 0 473.812 1.17572e-08
1.75 1.4382 0 474.815 1.15121e-08
1.75 1.4382 0 475.817 1.12721e-08
1.75 1.4382 0 476.82 1.10373e-08
1.75 1.4382 0 477.822 1.08074e-08
1.75 1.4382 0 478.825 1.05824e-08
1.75 1.4382 0 479.827 1.03621e-08
1.75 1.4382 0 480.83 1.01465e-08
1.75 1.4382 0 481.832 9.9354e-09
1.75 1.4382 0 482.835 9.72878e-09
1.75 1.4382 0 483.837 9.52652e-09
1.75 1.4382 0 484.84 9.32852e-09
1.75 1.4382 0 485.842 9.13469e-09
1.75 1.4382 0 486.844 8.94495e-09
1.75 1.4382 0 487.847 8.75921e-09
1.75 1.4382 0 488.849 8.57737e-09
1.75 1.4382 0 489.852 8.39936e-09
1.75 1.4382 0 490.854 8.2251e-09
1.75 1.4382 0 491.857 8.0545e-09
1.75 1.4382 0 492.859 7.88749e-09
1.75 1.4382 0 493.862 7.72399e-09
1.75 1.4382 0 494.864 7.56393e-09
1.75 1.4382 0 495.867 7.40722e-09
1.75 1.4382 0 496.869 7.25381e-09
1.75 1.4382 0 497.872 7.10362e-09
1.75 1.4382 0 498.874 6.95658e-09
1.75 1.4382 0 499.877 6.81262e-09
1.75 1.4382 0 500.879 6.67168e-09
1.75 1.4382 0 501.882 6.5337e-09
1.75 1.4382 0 502.884 6.3986e-09
1.75 1.4382 0 503.886 6.26634e-09
1.75 1.4382 0 504.889 6.13685e-09
1.75 1.4382 0 505.891 6.01006e-09
1.75 1.4382 0 506.894 5.88593e-09
1.75 1.4382 0 507.896 5.7644e-09
1.75 1.4382 0 508.899 5.64541e-09
1.75 1.4382 0 509.901 5.52891e-09
1.75 1.4382 0 510.904 5.41484e-09
1.75 1.4382 0 511.906 5.30315e-09
1.75 1.4382 0 512.909 5.1938e-09
1.75 1.4382 0 513.911 5.08673e-09
1.75 1.4382 0 514.914 4.9819e-09
1.75 1.4382 0 515.916 4.87925e-09
1.75 1.4382 0 516.919 4.77875e-09
1.75 1.4382 0 517.921 4.68034e-09
1.75 1.4382 0 518.923 4.58398e-09
1.75 1.4382 0 519.926 4.48964e-09
1.75 1.4382 0 520.928 4.39725e-09
1.75 1.4382 0 521.931 4.30679e-09
1.75 1.4382 0 522.933 4.21822e-09
1.75 1.4382 0 523.936 4.13149e-09
1.75 1.4382 0 524.938 4.04656e-09
1.75 1.4382 0 525.941 3.9634e-09
1.75 1.4382 0 526.943 3.88197e-09
1.75 1.4382 0 527.946 3.80224e-09
1.75 1.4382 0 528.948 3.72416e-09
1.75 1.4382 0 529.951 3.6477e-09
1.75 1.4382 0 530.953 3.57283e-09
1.75 1.4382 0 531.956 3.49952e-09
1.75 1.4382 0 532.958 3.42773e-09
1.75 1.4382 0 533.961 3.35743e-09
1.75 1.4382 0 534.963 3.28858e-09
1.75 1.4382 0 535.965 3.22117e-09
1.75 1.4382 0 536.968 3.15515e-09
1.75 1.4382 0 537.97 3.0905e-09
1.75 1.4382 0 538.973 3.0272e-09
1.75 1.4382 0 539.975 2.9652e-09
1.75 1.4382 0 540.978 2.90449e-09
1.75 1.4382 0 541.98 2.84503e-09
1.75 1.4382 0 542.983 2.78681e-09
1.75 1.4382 0 543.985 2.72979e-09
1.75 1.4382 0 544.988 2.67395e-09
1.75 1.4382 0 545.99 2.61927e-09
1.75 1.4382 0 546.993 2.56571e-09
1.75 1.4382 0 547.995 2.51327e-09
1.75 1.4382 0 548.998 2.46191e-09
1.75 1.4382 0 550 2.41161e-09
