0.56 1.4382 0 150.015 5.01836e-07
0.56 1.4382 0 151.017 8.68024e-07
0.56 1.4382 0 152.02 9.14489e-07
0.56 1.4382 0 153.022 8.94658e-07
0.56 1.4382 0 154.025 8.71937e-07
0.56 1.4382 0 155.027 8.52021e-07
0.56 1.4382 0 156.03 8.34484e-07
0.56 1.4382 0 157.032 8.18687e-07
0.56 1.4382 0 158.035 8.04196e-07
0.56 1.4382 0 159.037 7.90723e-07
0.56 1.4382 0 160.04 7.78072e-07
0.56 1.4382 0 161.042 7.66101e-07
0.56 1.4382 0 162.045 7.54704e-07
0.56 1.4382 0 163.047 7.43803e-07
0.56 1.4382 0 164.05 7.33334e-07
0.56 1.4382 0 165.052 7.23248e-07
0.56 1.4382 0 166.054 7.13503e-07
0.56 1.4382 0 167.057 7.04068e-07
0.56 1.4382 0 168.059 6.94913e-07
0.56 1.4382 0 169.062 6.86015e-07
0.56 1.4382 0 170.064 6.77354e-07
0.56 1.4382 0 171.067 6.68914e-07
0.56 1.4382 0 172.069 6.60678e-07
0.56 1.4382 0 173.072 6.52633e-07
0.56 1.4382 0 174.074 6.44769e-07
0.56 1.4382 0 175.077 6.37075e-07
0.56 1.4382 0 176.079 6.29541e-07
0.56 1.4382 0 177.082 6.22159e-07
0.56 1.4382 0 178.084 6.14922e-07
0.56 1.4382 0 179.087 6.07823e-07
0.56 1.4382 0 180.089 6.00857e-07
0.56 1.4382 0 181.092 5.94016e-07
0.56 1.4382 0 182.094 5.87297e-07
0.56 1.4382 0 183.096 5.80695e-07
0.56 1.4382 0 184.099 5.74204e-07
0.56 1.4382 0 185.101 5.67822e-07
0.56 1.4382 0 186.104 5.61544e-07
0.56 1.4382 0 187.106 5.55367e-07
0.56 1.4382 0 188.109 5.49287e-07
0.56 1.4382 0 189.111 5.43302e-07
0.56 1.4382 0 190.114 5.37409e-07
0.56 1.4382 0 191.116 5.31605e-07
0.56 1.4382 0 192.119 5.25887e-07
0.56 1.4382 0 193.121 5.20254e-07
0.56 1.4382 0 194.124 5.14702e-07
0.56 1.4382 0 195.126 5.0923e-07
0.56 1.4382 0 196.129 5.03835e-07
0.56 1.4382 0 197.131 4.98517e-07
0.56 1.4382 0 198.133 4.93272e-07
0.56 1.4382 0 199.136 4.88099e-07
0.56 1.4382 0 200.138 4.82996e-07
0.56 1.4382 0 201.141 4.77963e-07
0.56 1.4382 0 202.143 4.72996e-07
0.56 1.4382 0 203.146 4.68096e-07
0.56 1.4382 0 204.148 4.6326e-07
0.56 1.4382 0 205.151 4.58487e-07
0.56 1.4382 0 206.153 4.53776e-07
0.56 1.4382 0 207.156 4.49125e-07
0.56 1.4382 0 208.158 4.44534e-07
0.56 1.4382 0 209.161 4.4e-07
0.56 1.4382 0 210.163 4.35524e-07
0.56 1.4382 0 211.166 4.31104e-07
0.56 1.4382 0 212.168 4.26739e-07
0.56 1.4382 0 213.171 4.22427e-07
0.56 1.4382 0 214.173 4.18169e-07
0.56 1.4382 0 215.175 4.13963e-07
0.56 1.4382 0 216.178 4.09807e-07
0.56 1.4382 0 217.18 4.05702e-07
0.56 1.4382 0 218.183 4.01646e-07
0.56 1.4382 0 219.185 3.97639e-07
0.56 1.4382 0 220.188 3.93679e-07
0.56 1.4382 0 221.19 3.89766e-07
0.56 1.4382 0 222.193 3.85899e-07
0.56 1.4382 0 223.195 3.82078e-07
0.56 1.4382 0 224.198 3.78301e-07
0.56 1.4382 0 225.2 3.74569e-07
0.56 1.4382 0 226.203 3.70879e-07
0.56 1.4382 0 227.205 3.67232e-07
0.56 1.4382 0 228.208 3.63627e-07
0.56 1.4382 0 229.21 3.60064e-07
0.56 1.4382 0 230.212 3.5654e-07
0.56 1.4382 0 231.215 3.53057e-07
0.56 1.4382 0 232.217 3.49614e-07
0.56 1.4382 0 233.22 3.46209e-07
0.56 1.4382 0 234.222 3.42843e-07
0.56 1.4382 0 235.225 3.39514e-07
0.56 1.4382 0 236.227 3.36223e-07
0.56 1.4382 0 237.23 3.32968e-07
0.56 1.4382 0 238.232 3.29749e-07
0.56 1.4382 0 239.235 3.26566e-07
0.56 1.4382 0 240.237 3.23418e-07
0.56 1.4382 0 241.24 3.20305e-07
0.56 1.4382 0 242.242 3.17226e-07
0.56 1.4382 0 243.245 3.14181e-07
0.56 1.4382 0 244.247 3.11169e-07
0.56 1.4382 0 245.25 3.0819e-07
0.56 1.4382 0 246.252 3.05243e-07
0.56 1.4382 0 247.254 3.02328e-07
0.56 1.4382 0 248.257 2.99444e-07
0.56 1.4382 0 249.259 2.96592e-07
0.56 1.4382 0 250.262 2.9377e-07
0.56 1.4382 0 251.264 2.90979e-07
0.56 1.4382 0 252.267 2.88217e-07
0.56 1.4382 0 253.269 2.85485e-07
0.56 1.4382 0 254.272 2.82782e-07
0.56 1.4382 0 255.274 2.80108e-07
0.56 1.4382 0 256.277 2.77462e-07
0.56 1.4382 0 257.279 2.74845e-07
0.56 1.4382 0 258.282 2.72255e-07
0.56 1.4382 0 259.284 2.69692e-07
0.56 1.4382 0 260.287 2.67156e-07
0.56 1.4382 0 261.289 2.64647e-07
0.56 1.4382 0 262.291 2.62164e-07
0.56 1.4382 0 263.294 2.59707e-07
0.56 1.4382 0 264.296 2.57276e-07
0.56 1.4382 0 265.299 2.5487e-07
0.56 1.4382 0 266.301 2.52489e-07
0.56 1.4382 0 267.304 2.50133e-07
0.56 1.4382 0 268.306 2.47802e-07
0.56 1.4382 0 269.309 2.45494e-07
0.56 1.4382 0 270.311 2.4321e-07
0.56 1.4382 0 271.314 2.4095e-07
0.56 1.4382 0 272.316 2.38713e-07
0.56 1.4382 0 273.319 2.36499e-07
0.56 1.4382 0 274.321 2.34308e-07
0.56 1.4382 0 275.324 2.3214e-07
0.56 1.4382 0 276.326 2.29993e-07
0.56 1.4382 0 277.329 2.27869e-07
0.56 1.4382 0 278.331 2.25766e-07
0.56 1.4382 0 279.333 2.23684e-07
0.56 1.4382 0 280.336 2.21624e-07
0.56 1.4382 0 281.338 2.19585e-07
0.56 1.4382 0 282.341 2.17566e-07
0.56 1.4382 0 283.343 2.15568e-07
0.56 1.4382 0 284.346 2.1359e-07
0.56 1.4382 0 285.348 2.11632e-07
0.56 1.4382 0 286.351 2.09693e-07
0.56 1.4382 0 287.353 2.07775e-07
0.56 1.4382 0 288.356 2.05875e-07
0.56 1.4382 0 289.358 2.03995e-07
0.56 1.4382 0 290.361 2.02133e-07
0.56 1.4382 0 291.363 2.0029e-07
0.56 1.4382 0 292.366 1.98466e-07
0.56 1.4382 0 293.368 1.9666e-07
0.56 1.4382 0 294.37 1.94871e-07
0.56 1.4382 0 295.373 1.93101e-07
0.56 1.4382 0 296.375 1.91348e-07
0.56 1.4382 0 297.378 1.89613e-07
0.56 1.4382 0 298.38 1.87895e-07
0.56 1.4382 0 299.383 1.86193e-07
0.56 1.4382 0 300.385 1.84509e-07
0.56 1.4382 0 301.388 1.82842e-07
0.56 1.4382 0 302.39 1.8119e-07
0.56 1.4382 0 303.393 1.79556e-07
0.56 1.4382 0 304.395 1.77937e-07
0.56 1.4382 0 305.398 1.76334e-07
0.56 1.4382 0 306.4 1.74747e-07
0.56 1.4382 0 307.403 1.73176e-07
0.56 1.4382 0 308.405 1.7162e-07
0.56 1.4382 0 309.408 1.70079e-07
0.56 1.4382 0 310.41 1.68553e-07
0.56 1.4382 0 311.412 1.67042e-07
0.56 1.4382 0 312.415 1.65546e-07
0.56 1.4382 0 313.417 1.64065e-07
0.56 1.4382 0 314.42 1.62598e-07
0.56 1.4382 0 315.422 1.61145e-07
0.56 1.4382 0 316.425 1.59707e-07
0.56 1.4382 0 317.427 1.58282e-07
0.56 1.4382 0 318.43 1.56871e-07
0.56 1.4382 0 319.432 1.55474e-07
0.56 1.4382 0 320.435 1.5409e-07
0.56 1.4382 0 321.437 1.5272e-07
0.56 1.4382 0 322.44 1.51363e-07
0.56 1.4382 0 323.442 1.50019e-07
0.56 1.4382 0 324.445 1.48689e-07
0.56 1.4382 0 325.447 1.4737e-07
0.56 1.4382 0 326.449 1.46065e-07
0.56 1.4382 0 327.452 1.44772e-07
0.56 1.4382 0 328.454 1.43492e-07
0.56 1.4382 0 329.457 1.42224e-07
0.56 1.4382 0 330.459 1.40968e-07
0.56 1.4382 0 331.462 1.39724e-07
0.56 1.4382 0 332.464 1.38492e-07
0.56 1.4382 0 333.467 1.37272e-07
0.56 1.4382 0 334.469 1.36063e-07
0.56 1.4382 0 335.472 1.34866e-07
0.56 1.4382 0 336.474 1.3368e-07
0.56 1.4382 0 337.477 1.32506e-07
0.56 1.4382 0 338.479 1.31343e-07
0.56 1.4382 0 339.482 1.30191e-07
0.56 1.4382 0 340.484 1.29049e-07
0.56 1.4382 0 341.487 1.27919e-07
0.56 1.4382 0 342.489 1.26799e-07
0.56 1.4382 0 343.491 1.2569e-07
0.56 1.4382 0 344.494 1.24592e-07
0.56 1.4382 0 345.496 1.23504e-07
0.56 1.4382 0 346.499 1.22426e-07
0.56 1.4382 0 347.501 1.21358e-07
0.56 1.4382 0 348.504 1.203e-07
0.56 1.4382 0 349.506 1.19253e-07
0.56 1.4382 0 350.509 1.18215e-07
0.56 1.4382 0 351.511 1.17187e-07
0.56 1.4382 0 352.514 1.16168e-07
0.56 1.4382 0 353.516 1.15159e-07
0.56 1.4382 0 354.519 1.1416e-07
0.56 1.4382 0 355.521 1.1317e-07
0.56 1.4382 0 356.524 1.12189e-07
0.56 1.4382 0 357.526 1.11218e-07
0.56 1.4382 0 358.528 1.10255e-07
0.56 1.4382 0 359.531 1.09302e-07
0.56 1.4382 0 360.533 1.08357e-07
0.56 1.4382 0 361.536 1.07421e-07
0.56 1.4382 0 362.538 1.06494e-07
0.56 1.4382 0 363.541 1.05575e-07
0.56 1.4382 0 364.543 1.04666e-07
0.56 1.4382 0 365.546 1.03764e-07
0.56 1.4382 0 366.548 1.02871e-07
0.56 1.4382 0 367.551 1.01986e-07
0.56 1.4382 0 368.553 1.01109e-07
0.56 1.4382 0 369.556 1.00241e-07
0.56 1.4382 0 370.558 9.93805e-08
0.56 1.4382 0 371.561 9.85279e-08
0.56 1.4382 0 372.563 9.76833e-08
0.56 1.4382 0 373.566 9.68464e-08
0.56 1.4382 0 374.568 9.60173e-08
0.56 1.4382 0 375.57 9.51958e-08
0.56 1.4382 0 376.573 9.43818e-08
0.56 1.4382 0 377.575 9.35754e-08
0.56 1.4382 0 378.578 9.27763e-08
0.56 1.4382 0 379.58 9.19846e-08
0.56 1.4382 0 380.583 9.12002e-08
0.56 1.4382 0 381.585 9.04229e-08
0.56 1.4382 0 382.588 8.96528e-08
0.56 1.4382 0 383.59 8.88897e-08
0.56 1.4382 0 384.593 8.81336e-08
0.56 1.4382 0 385.595 8.73845e-08
0.56 1.4382 0 386.598 8.66421e-08
0.56 1.4382 0 387.6 8.59066e-08
0.56 1.4382 0 388.603 8.51777e-08
0.56 1.4382 0 389.605 8.44555e-08
0.56 1.4382 0 390.607 8.37399e-08
0.56 1.4382 0 391.61 8.30307e-08
0.56 1.4382 0 392.612 8.2328e-08
0.56 1.4382 0 393.615 8.16317e-08
0.56 1.4382 0 394.617 8.09418e-08
0.56 1.4382 0 395.62 8.02581e-08
0.56 1.4382 0 396.622 7.95805e-08
0.56 1.4382 0 397.625 7.89091e-08
0.56 1.4382 0 398.627 7.82438e-08
0.56 1.4382 0 399.63 7.75845e-08
0.56 1.4382 0 400.632 7.69312e-08
0.56 1.4382 0 401.635 7.62838e-08
0.56 1.4382 0 402.637 7.56422e-08
0.56 1.4382 0 403.64 7.50064e-08
0.56 1.4382 0 404.642 7.43763e-08
0.56 1.4382 0 405.645 7.37519e-08
0.56 1.4382 0 406.647 7.31331e-08
0.56 1.4382 0 407.649 7.25198e-08
0.56 1.4382 0 408.652 7.19121e-08
0.56 1.4382 0 409.654 7.13098e-08
0.56 1.4382 0 410.657 7.0713e-08
0.56 1.4382 0 411.659 7.01214e-08
0.56 1.4382 0 412.662 6.95352e-08
0.56 1.4382 0 413.664 6.89542e-08
0.56 1.4382 0 414.667 6.83785e-08
0.56 1.4382 0 415.669 6.78078e-08
0.56 1.4382 0 416.672 6.72423e-08
0.56 1.4382 0 417.674 6.66818e-08
0.56 1.4382 0 418.677 6.61263e-08
0.56 1.4382 0 419.679 6.55758e-08
0.56 1.4382 0 420.682 6.50301e-08
0.56 1.4382 0 421.684 6.44893e-08
0.56 1.4382 0 422.686 6.39534e-08
0.56 1.4382 0 423.689 6.34221e-08
0.56 1.4382 0 424.691 6.28956e-08
0.56 1.4382 0 425.694 6.23738e-08
0.56 1.4382 0 426.696 6.18566e-08
0.56 1.4382 0 427.699 6.1344e-08
0.56 1.4382 0 428.701 6.08359e-08
0.56 1.4382 0 429.704 6.03323e-08
0.56 1.4382 0 430.706 5.98332e-08
0.56 1.4382 0 431.709 5.93385e-08
0.56 1.4382 0 432.711 5.88481e-08
0.56 1.4382 0 433.714 5.83621e-08
0.56 1.4382 0 434.716 5.78803e-08
0.56 1.4382 0 435.719 5.74028e-08
0.56 1.4382 0 436.721 5.69295e-08
0.56 1.4382 0 437.724 5.64604e-08
0.56 1.4382 0 438.726 5.59954e-08
0.56 1.4382 0 439.728 5.55345e-08
0.56 1.4382 0 440.731 5.50776e-08
0.56 1.4382 0 441.733 5.46248e-08
0.56 1.4382 0 442.736 5.41759e-08
0.56 1.4382 0 443.738 5.37309e-08
0.56 1.4382 0 444.741 5.32898e-08
0.56 1.4382 0 445.743 5.28526e-08
0.56 1.4382 0 446.746 5.24193e-08
0.56 1.4382 0 447.748 5.19897e-08
0.56 1.4382 0 448.751 5.15638e-08
0.56 1.4382 0 449.753 5.11417e-08
0.56 1.4382 0 450.756 5.07233e-08
0.56 1.4382 0 451.758 5.03085e-08
0.56 1.4382 0 452.761 4.98973e-08
0.56 1.4382 0 453.763 4.94897e-08
0.56 1.4382 0 454.765 4.90856e-08
0.56 1.4382 0 455.768 4.86851e-08
0.56 1.4382 0 456.77 4.8288e-08
0.56 1.4382 0 457.773 4.78944e-08
0.56 1.4382 0 458.775 4.75042e-08
0.56 1.4382 0 459.778 4.71174e-08
0.56 1.4382 0 460.78 4.67339e-08
0.56 1.4382 0 461.783 4.63538e-08
0.56 1.4382 0 462.785 4.59769e-08
0.56 1.4382 0 463.788 4.56033e-08
0.56 1.4382 0 464.79 4.5233e-08
0.56 1.4382 0 465.793 4.48658e-08
0.56 1.4382 0 466.795 4.45018e-08
0.56 1.4382 0 467.798 4.41409e-08
0.56 1.4382 0 468.8 4.37832e-08
0.56 1.4382 0 469.803 4.34285e-08
0.56 1.4382 0 470.805 4.30769e-08
0.56 1.4382 0 471.807 4.27283e-08
0.56 1.4382 0 472.81 4.23827e-08
0.56 1.4382 0 473.812 4.20401e-08
0.56 1.4382 0 474.815 4.17004e-08
0.56 1.4382 0 475.817 4.13637e-08
0.56 1.4382 0 476.82 4.10298e-08
0.56 1.4382 0 477.822 4.06988e-08
0.56 1.4382 0 478.825 4.03706e-08
0.56 1.4382 0 479.827 4.00452e-08
0.56 1.4382 0 480.83 3.97226e-08
0.56 1.4382 0 481.832 3.94028e-08
0.56 1.4382 0 482.835 3.90857e-08
0.56 1.4382 0 483.837 3.87713e-08
0.56 1.4382 0 484.84 3.84596e-08
0.56 1.4382 0 485.842 3.81506e-08
0.56 1.4382 0 486.844 3.78442e-08
0.56 1.4382 0 487.847 3.75404e-08
0.56 1.4382 0 488.849 3.72391e-08
0.56 1.4382 0 489.852 3.69405e-08
0.56 1.4382 0 490.854 3.66444e-08
0.56 1.4382 0 491.857 3.63508e-08
0.56 1.4382 0 492.859 3.60597e-08
0.56 1.4382 0 493.862 3.57711e-08
0.56 1.4382 0 494.864 3.54849e-08
0.56 1.4382 0 495.867 3.52011e-08
0.56 1.4382 0 496.869 3.49198e-08
0.56 1.4382 0 497.872 3.46408e-08
0.56 1.4382 0 498.874 3.43642e-08
0.56 1.4382 0 499.877 3.40899e-08
0.56 1.4382 0 500.879 3.3818e-08
0.56 1.4382 0 501.882 3.35483e-08
0.56 1.4382 0 502.884 3.32809e-08
0.56 1.4382 0 503.886 3.30158e-08
0.56 1.4382 0 504.889 3.27529e-08
0.56 1.4382 0 505.891 3.24923e-08
0.56 1.4382 0 506.894 3.22338e-08
0.56 1.4382 0 507.896 3.19775e-08
0.56 1.4382 0 508.899 3.17234e-08
0.56 1.4382 0 509.901 3.14714e-08
0.56 1.4382 0 510.904 3.12215e-08
0.56 1.4382 0 511.906 3.09737e-08
0.56 1.4382 0 512.909 3.0728e-08
0.56 1.4382 0 513.911 3.04843e-08
0.56 1.4382 0 514.914 3.02427e-08
0.56 1.4382 0 515.916 3.00031e-08
0.56 1.4382 0 516.919 2.97656e-08
0.56 1.4382 0 517.921 2.953e-08
0.56 1.4382 0 518.923 2.92964e-08
0.56 1.4382 0 519.926 2.90647e-08
0.56 1.4382 0 520.928 2.8835e-08
0.56 1.4382 0 521.931 2.86072e-08
0.56 1.4382 0 522.933 2.83813e-08
0.56 1.4382 0 523.936 2.81573e-08
0.56 1.4382 0 524.938 2.79351e-08
0.56 1.4382 0 525.941 2.77148e-08
0.56 1.4382 0 526.943 2.74963e-08
0.56 1.4382 0 527.946 2.72797e-08
0.56 1.4382 0 528.948 2.70648e-08
0.56 1.4382 0 529.951 2.68518e-08
0.56 1.4382 0 530.953 2.66405e-08
0.56 1.4382 0 531.956 2.64309e-08
0.56 1.4382 0 532.958 2.62232e-08
0.56 1.4382 0 533.961 2.60171e-08
0.56 1.4382 0 534.963 2.58127e-08
0.56 1.4382 0 535.965 2.561e-08
0.56 1.4382 0 536.968 2.54091e-08
0.56 1.4382 0 537.97 2.52097e-08
0.56 1.4382 0 538.973 2.5012e-08
0.56 1.4382 0 539.975 2.4816e-08
0.56 1.4382 0 540.978 2.46216e-08
0.56 1.4382 0 541.98 2.44288e-08
0.56 1.4382 0 542.983 2.42375e-08
0.56 1.4382 0 543.985 2.40479e-08
0.56 1.4382 0 544.988 2.38598e-08
0.56 1.4382 0 545.99 2.36733e-08
0.56 1.4382 0 546.993 2.34883e-08
0.56 1.4382 0 547.995 2.33048e-08
0.56 1.4382 0 548.998 2.31228e-08
0.56 1.4382 0 550 2.29424e-08
