0.96 1.4382 0 150.015 7.43599e-07
0.96 1.4382 0 151.017 1.28836e-06
0.96 1.4382 0 152.02 1.35548e-06
0.96 1.4382 0 153.022 1.31959e-06
0.96 1.4382 0 154.025 1.27684e-06
0.96 1.4382 0 155.027 1.23702e-06
0.96 1.4382 0 156.03 1.20018e-06
0.96 1.4382 0 157.032 1.16574e-06
0.96 1.4382 0 158.035 1.13326e-06
0.96 1.4382 0 159.037 1.10244e-06
0.96 1.4382 0 160.04 1.07309e-06
0.96 1.4382 0 161.042 1.04502e-06
0.96 1.4382 0 162.045 1.01813e-06
0.96 1.4382 0 163.047 9.9232e-07
0.96 1.4382 0 164.05 9.67499e-07
0.96 1.4382 0 165.052 9.43603e-07
0.96 1.4382 0 166.054 9.20574e-07
0.96 1.4382 0 167.057 8.98359e-07
0.96 1.4382 0 168.059 8.76915e-07
0.96 1.4382 0 169.062 8.56201e-07
0.96 1.4382 0 170.064 8.3618e-07
0.96 1.4382 0 171.067 8.16819e-07
0.96 1.4382 0 172.069 7.98087e-07
0.96 1.4382 0 173.072 7.79957e-07
0.96 1.4382 0 174.074 7.62402e-07
0.96 1.4382 0 175.077 7.45399e-07
0.96 1.4382 0 176.079 7.28924e-07
0.96 1.4382 0 177.082 7.12957e-07
0.96 1.4382 0 178.084 6.97476e-07
0.96 1.4382 0 179.087 6.82464e-07
0.96 1.4382 0 180.089 6.67902e-07
0.96 1.4382 0 181.092 6.53773e-07
0.96 1.4382 0 182.094 6.40061e-07
0.96 1.4382 0 183.096 6.26751e-07
0.96 1.4382 0 184.099 6.13828e-07
0.96 1.4382 0 185.101 6.01279e-07
0.96 1.4382 0 186.104 5.89089e-07
0.96 1.4382 0 187.106 5.77247e-07
0.96 1.4382 0 188.109 5.65739e-07
0.96 1.4382 0 189.111 5.54555e-07
0.96 1.4382 0 190.114 5.43683e-07
0.96 1.4382 0 191.116 5.33112e-07
0.96 1.4382 0 192.119 5.22833e-07
0.96 1.4382 0 193.121 5.12834e-07
0.96 1.4382 0 194.124 5.03108e-07
0.96 1.4382 0 195.126 4.93644e-07
0.96 1.4382 0 196.129 4.84434e-07
0.96 1.4382 0 197.131 4.75469e-07
0.96 1.4382 0 198.133 4.66742e-07
0.96 1.4382 0 199.136 4.58244e-07
0.96 1.4382 0 200.138 4.49968e-07
0.96 1.4382 0 201.141 4.41907e-07
0.96 1.4382 0 202.143 4.34054e-07
0.96 1.4382 0 203.146 4.26401e-07
0.96 1.4382 0 204.148 4.18944e-07
0.96 1.4382 0 205.151 4.11675e-07
0.96 1.4382 0 206.153 4.04588e-07
0.96 1.4382 0 207.156 3.97678e-07
0.96 1.4382 0 208.158 3.90939e-07
0.96 1.4382 0 209.161 3.84365e-07
0.96 1.4382 0 210.163 3.77952e-07
0.96 1.4382 0 211.166 3.71694e-07
0.96 1.4382 0 212.168 3.65587e-07
0.96 1.4382 0 213.171 3.59626e-07
0.96 1.4382 0 214.173 3.53806e-07
0.96 1.4382 0 215.175 3.48123e-07
0.96 1.4382 0 216.178 3.42573e-07
0.96 1.4382 0 217.18 3.37151e-07
0.96 1.4382 0 218.183 3.31855e-07
0.96 1.4382 0 219.185 3.26679e-07
0.96 1.4382 0 220.188 3.21621e-07
0.96 1.4382 0 221.19 3.16677e-07
0.96 1.4382 0 222.193 3.11843e-07
0.96 1.4382 0 223.195 3.07117e-07
0.96 1.4382 0 224.198 3.02494e-07
0.96 1.4382 0 225.2 2.97973e-07
0.96 1.4382 0 226.203 2.93549e-07
0.96 1.4382 0 227.205 2.89221e-07
0.96 1.4382 0 228.208 2.84984e-07
0.96 1.4382 0 229.21 2.80838e-07
0.96 1.4382 0 230.212 2.76778e-07
0.96 1.4382 0 231.215 2.72803e-07
0.96 1.4382 0 232.217 2.68911e-07
0.96 1.4382 0 233.22 2.65098e-07
0.96 1.4382 0 234.222 2.61362e-07
0.96 1.4382 0 235.225 2.57702e-07
0.96 1.4382 0 236.227 2.54115e-07
0.96 1.4382 0 237.23 2.50599e-07
0.96 1.4382 0 238.232 2.47152e-07
0.96 1.4382 0 239.235 2.43773e-07
0.96 1.4382 0 240.237 2.40459e-07
0.96 1.4382 0 241.24 2.37209e-07
0.96 1.4382 0 242.242 2.34021e-07
0.96 1.4382 0 243.245 2.30893e-07
0.96 1.4382 0 244.247 2.27823e-07
0.96 1.4382 0 245.25 2.24811e-07
0.96 1.4382 0 246.252 2.21854e-07
0.96 1.4382 0 247.254 2.18951e-07
0.96 1.4382 0 248.257 2.16101e-07
0.96 1.4382 0 249.259 2.13302e-07
0.96 1.4382 0 250.262 2.10553e-07
0.96 1.4382 0 251.264 2.07852e-07
0.96 1.4382 0 252.267 2.05199e-07
0.96 1.4382 0 253.269 2.02593e-07
0.96 1.4382 0 254.272 2.00031e-07
0.96 1.4382 0 255.274 1.97513e-07
0.96 1.4382 0 256.277 1.95038e-07
0.96 1.4382 0 257.279 1.92605e-07
0.96 1.4382 0 258.282 1.90212e-07
0.96 1.4382 0 259.284 1.87859e-07
0.96 1.4382 0 260.287 1.85545e-07
0.96 1.4382 0 261.289 1.83268e-07
0.96 1.4382 0 262.291 1.81028e-07
0.96 1.4382 0 263.294 1.78825e-07
0.96 1.4382 0 264.296 1.76656e-07
0.96 1.4382 0 265.299 1.74522e-07
0.96 1.4382 0 266.301 1.72422e-07
0.96 1.4382 0 267.304 1.70354e-07
0.96 1.4382 0 268.306 1.68318e-07
0.96 1.4382 0 269.309 1.66313e-07
0.96 1.4382 0 270.311 1.64339e-07
0.96 1.4382 0 271.314 1.62395e-07
0.96 1.4382 0 272.316 1.6048e-07
0.96 1.4382 0 273.319 1.58594e-07
0.96 1.4382 0 274.321 1.56735e-07
0.96 1.4382 0 275.324 1.54904e-07
0.96 1.4382 0 276.326 1.531e-07
0.96 1.4382 0 277.329 1.51322e-07
0.96 1.4382 0 278.331 1.49569e-07
0.96 1.4382 0 279.333 1.47842e-07
0.96 1.4382 0 280.336 1.46139e-07
0.96 1.4382 0 281.338 1.4446e-07
0.96 1.4382 0 282.341 1.42804e-07
0.96 1.4382 0 283.343 1.41172e-07
0.96 1.4382 0 284.346 1.39562e-07
0.96 1.4382 0 285.348 1.37975e-07
0.96 1.4382 0 286.351 1.36409e-07
0.96 1.4382 0 287.353 1.34864e-07
0.96 1.4382 0 288.356 1.3334e-07
0.96 1.4382 0 289.358 1.31837e-07
0.96 1.4382 0 290.361 1.30354e-07
0.96 1.4382 0 291.363 1.2889e-07
0.96 1.4382 0 292.366 1.27446e-07
0.96 1.4382 0 293.368 1.26021e-07
0.96 1.4382 0 294.37 1.24614e-07
0.96 1.4382 0 295.373 1.23226e-07
0.96 1.4382 0 296.375 1.21855e-07
0.96 1.4382 0 297.378 1.20502e-07
0.96 1.4382 0 298.38 1.19167e-07
0.96 1.4382 0 299.383 1.17848e-07
0.96 1.4382 0 300.385 1.16546e-07
0.96 1.4382 0 301.388 1.1526e-07
0.96 1.4382 0 302.39 1.13991e-07
0.96 1.4382 0 303.393 1.12737e-07
0.96 1.4382 0 304.395 1.11499e-07
0.96 1.4382 0 305.398 1.10276e-07
0.96 1.4382 0 306.4 1.09068e-07
0.96 1.4382 0 307.403 1.07875e-07
0.96 1.4382 0 308.405 1.06696e-07
0.96 1.4382 0 309.408 1.05532e-07
0.96 1.4382 0 310.41 1.04382e-07
0.96 1.4382 0 311.412 1.03245e-07
0.96 1.4382 0 312.415 1.02123e-07
0.96 1.4382 0 313.417 1.01013e-07
0.96 1.4382 0 314.42 9.99172e-08
0.96 1.4382 0 315.422 9.8834e-08
0.96 1.4382 0 316.425 9.77637e-08
0.96 1.4382 0 317.427 9.67059e-08
0.96 1.4382 0 318.43 9.56605e-08
0.96 1.4382 0 319.432 9.46274e-08
0.96 1.4382 0 320.435 9.36062e-08
0.96 1.4382 0 321.437 9.25969e-08
0.96 1.4382 0 322.44 9.15993e-08
0.96 1.4382 0 323.442 9.06132e-08
0.96 1.4382 0 324.445 8.96384e-08
0.96 1.4382 0 325.447 8.86748e-08
0.96 1.4382 0 326.449 8.77222e-08
0.96 1.4382 0 327.452 8.67805e-08
0.96 1.4382 0 328.454 8.58495e-08
0.96 1.4382 0 329.457 8.4929e-08
0.96 1.4382 0 330.459 8.4019e-08
0.96 1.4382 0 331.462 8.31191e-08
0.96 1.4382 0 332.464 8.22295e-08
0.96 1.4382 0 333.467 8.13498e-08
0.96 1.4382 0 334.469 8.04799e-08
0.96 1.4382 0 335.472 7.96198e-08
0.96 1.4382 0 336.474 7.87692e-08
0.96 1.4382 0 337.477 7.79282e-08
0.96 1.4382 0 338.479 7.70964e-08
0.96 1.4382 0 339.482 7.62739e-08
0.96 1.4382 0 340.484 7.54604e-08
0.96 1.4382 0 341.487 7.46559e-08
0.96 1.4382 0 342.489 7.38603e-08
0.96 1.4382 0 343.491 7.30734e-08
0.96 1.4382 0 344.494 7.22952e-08
0.96 1.4382 0 345.496 7.15255e-08
0.96 1.4382 0 346.499 7.07641e-08
0.96 1.4382 0 347.501 7.00111e-08
0.96 1.4382 0 348.504 6.92664e-08
0.96 1.4382 0 349.506 6.85297e-08
0.96 1.4382 0 350.509 6.7801e-08
0.96 1.4382 0 351.511 6.70802e-08
0.96 1.4382 0 352.514 6.63672e-08
0.96 1.4382 0 353.516 6.5662e-08
0.96 1.4382 0 354.519 6.49643e-08
0.96 1.4382 0 355.521 6.42742e-08
0.96 1.4382 0 356.524 6.35916e-08
0.96 1.4382 0 357.526 6.29163e-08
0.96 1.4382 0 358.528 6.22482e-08
0.96 1.4382 0 359.531 6.15873e-08
0.96 1.4382 0 360.533 6.09335e-08
0.96 1.4382 0 361.536 6.02868e-08
0.96 1.4382 0 362.538 5.96469e-08
0.96 1.4382 0 363.541 5.90139e-08
0.96 1.4382 0 364.543 5.83877e-08
0.96 1.4382 0 365.546 5.77681e-08
0.96 1.4382 0 366.548 5.71552e-08
0.96 1.4382 0 367.551 5.65488e-08
0.96 1.4382 0 368.553 5.59488e-08
0.96 1.4382 0 369.556 5.53553e-08
0.96 1.4382 0 370.558 5.4768e-08
0.96 1.4382 0 371.561 5.4187e-08
0.96 1.4382 0 372.563 5.36122e-08
0.96 1.4382 0 373.566 5.30435e-08
0.96 1.4382 0 374.568 5.24808e-08
0.96 1.4382 0 375.57 5.1924e-08
0.96 1.4382 0 376.573 5.13732e-08
0.96 1.4382 0 377.575 5.08282e-08
0.96 1.4382 0 378.578 5.0289e-08
0.96 1.4382 0 379.58 4.97555e-08
0.96 1.4382 0 380.583 4.92276e-08
0.96 1.4382 0 381.585 4.87053e-08
0.96 1.4382 0 382.588 4.81885e-08
0.96 1.4382 0 383.59 4.76772e-08
0.96 1.4382 0 384.593 4.71713e-08
0.96 1.4382 0 385.595 4.66707e-08
0.96 1.4382 0 386.598 4.61754e-08
0.96 1.4382 0 387.6 4.56853e-08
0.96 1.4382 0 388.603 4.52004e-08
0.96 1.4382 0 389.605 4.47206e-08
0.96 1.4382 0 390.607 4.42458e-08
0.96 1.4382 0 391.61 4.37761e-08
0.96 1.4382 0 392.612 4.33113e-08
0.96 1.4382 0 393.615 4.28514e-08
0.96 1.4382 0 394.617 4.23964e-08
0.96 1.4382 0 395.62 4.19461e-08
0.96 1.4382 0 396.622 4.15006e-08
0.96 1.4382 0 397.625 4.10597e-08
0.96 1.4382 0 398.627 4.06235e-08
0.96 1.4382 0 399.63 4.01919e-08
0.96 1.4382 0 400.632 3.97648e-08
0.96 1.4382 0 401.635 3.93422e-08
0.96 1.4382 0 402.637 3.89241e-08
0.96 1.4382 0 403.64 3.85103e-08
0.96 1.4382 0 404.642 3.81009e-08
0.96 1.4382 0 405.645 3.76959e-08
0.96 1.4382 0 406.647 3.7295e-08
0.96 1.4382 0 407.649 3.68984e-08
0.96 1.4382 0 408.652 3.6506e-08
0.96 1.4382 0 409.654 3.61176e-08
0.96 1.4382 0 410.657 3.57334e-08
0.96 1.4382 0 411.659 3.53532e-08
0.96 1.4382 0 412.662 3.4977e-08
0.96 1.4382 0 413.664 3.46047e-08
0.96 1.4382 0 414.667 3.42364e-08
0.96 1.4382 0 415.669 3.38719e-08
0.96 1.4382 0 416.672 3.35113e-08
0.96 1.4382 0 417.674 3.31544e-08
0.96 1.4382 0 418.677 3.28013e-08
0.96 1.4382 0 419.679 3.2452e-08
0.96 1.4382 0 420.682 3.21063e-08
0.96 1.4382 0 421.684 3.17642e-08
0.96 1.4382 0 422.686 3.14257e-08
0.96 1.4382 0 423.689 3.10908e-08
0.96 1.4382 0 424.691 3.07594e-08
0.96 1.4382 0 425.694 3.04315e-08
0.96 1.4382 0 426.696 3.0107e-08
0.96 1.4382 0 427.699 2.9786e-08
0.96 1.4382 0 428.701 2.94683e-08
0.96 1.4382 0 429.704 2.9154e-08
0.96 1.4382 0 430.706 2.8843e-08
0.96 1.4382 0 431.709 2.85352e-08
0.96 1.4382 0 432.711 2.82307e-08
0.96 1.4382 0 433.714 2.79294e-08
0.96 1.4382 0 434.716 2.76313e-08
0.96 1.4382 0 435.719 2.73363e-08
0.96 1.4382 0 436.721 2.70445e-08
0.96 1.4382 0 437.724 2.67557e-08
0.96 1.4382 0 438.726 2.64699e-08
0.96 1.4382 0 439.728 2.61872e-08
0.96 1.4382 0 440.731 2.59074e-08
0.96 1.4382 0 441.733 2.56306e-08
0.96 1.4382 0 442.736 2.53567e-08
0.96 1.4382 0 443.738 2.50857e-08
0.96 1.4382 0 444.741 2.48175e-08
0.96 1.4382 0 445.743 2.45522e-08
0.96 1.4382 0 446.746 2.42897e-08
0.96 1.4382 0 447.748 2.40299e-08
0.96 1.4382 0 448.751 2.37729e-08
0.96 1.4382 0 449.753 2.35186e-08
0.96 1.4382 0 450.756 2.3267e-08
0.96 1.4382 0 451.758 2.3018e-08
0.96 1.4382 0 452.761 2.27717e-08
0.96 1.4382 0 453.763 2.2528e-08
0.96 1.4382 0 454.765 2.22868e-08
0.96 1.4382 0 455.768 2.20482e-08
0.96 1.4382 0 456.77 2.18121e-08
0.96 1.4382 0 457.773 2.15785e-08
0.96 1.4382 0 458.775 2.13474e-08
0.96 1.4382 0 459.778 2.11188e-08
0.96 1.4382 0 460.78 2.08925e-08
0.96 1.4382 0 461.783 2.06686e-08
0.96 1.4382 0 462.785 2.04472e-08
0.96 1.4382 0 463.788 2.0228e-08
0.96 1.4382 0 464.79 2.00112e-08
0.96 1.4382 0 465.793 1.97966e-08
0.96 1.4382 0 466.795 1.95844e-08
0.96 1.4382 0 467.798 1.93744e-08
0.96 1.4382 0 468.8 1.91666e-08
0.96 1.4382 0 469.803 1.8961e-08
0.96 1.4382 0 470.805 1.87576e-08
0.96 1.4382 0 471.807 1.85564e-08
0.96 1.4382 0 472.81 1.83572e-08
0.96 1.4382 0 473.812 1.81602e-08
0.96 1.4382 0 474.815 1.79653e-08
0.96 1.4382 0 475.817 1.77725e-08
0.96 1.4382 0 476.82 1.75817e-08
0.96 1.4382 0 477.822 1.73929e-08
0.96 1.4382 0 478.825 1.72061e-08
0.96 1.4382 0 479.827 1.70213e-08
0.96 1.4382 0 480.83 1.68385e-08
0.96 1.4382 0 481.832 1.66576e-08
0.96 1.4382 0 482.835 1.64787e-08
0.96 1.4382 0 483.837 1.63016e-08
0.96 1.4382 0 484.84 1.61264e-08
0.96 1.4382 0 485.842 1.59531e-08
0.96 1.4382 0 486.844 1.57816e-08
0.96 1.4382 0 487.847 1.5612e-08
0.96 1.4382 0 488.849 1.54441e-08
0.96 1.4382 0 489.852 1.52781e-08
0.96 1.4382 0 490.854 1.51138e-08
0.96 1.4382 0 491.857 1.49512e-08
0.96 1.4382 0 492.859 1.47904e-08
0.96 1.4382 0 493.862 1.46313e-08
0.96 1.4382 0 494.864 1.44739e-08
0.96 1.4382 0 495.867 1.43182e-08
0.96 1.4382 0 496.869 1.41641e-08
0.96 1.4382 0 497.872 1.40117e-08
0.96 1.4382 0 498.874 1.38609e-08
0.96 1.4382 0 499.877 1.37117e-08
0.96 1.4382 0 500.879 1.35641e-08
0.96 1.4382 0 501.882 1.3418e-08
0.96 1.4382 0 502.884 1.32736e-08
0.96 1.4382 0 503.886 1.31306e-08
0.96 1.4382 0 504.889 1.29892e-08
0.96 1.4382 0 505.891 1.28493e-08
0.96 1.4382 0 506.894 1.27109e-08
0.96 1.4382 0 507.896 1.2574e-08
0.96 1.4382 0 508.899 1.24385e-08
0.96 1.4382 0 509.901 1.23045e-08
0.96 1.4382 0 510.904 1.21719e-08
0.96 1.4382 0 511.906 1.20407e-08
0.96 1.4382 0 512.909 1.19109e-08
0.96 1.4382 0 513.911 1.17825e-08
0.96 1.4382 0 514.914 1.16555e-08
0.96 1.4382 0 515.916 1.15299e-08
0.96 1.4382 0 516.919 1.14056e-08
0.96 1.4382 0 517.921 1.12826e-08
0.96 1.4382 0 518.923 1.11609e-08
0.96 1.4382 0 519.926 1.10405e-08
0.96 1.4382 0 520.928 1.09215e-08
0.96 1.4382 0 521.931 1.08036e-08
0.96 1.4382 0 522.933 1.06871e-08
0.96 1.4382 0 523.936 1.05718e-08
0.96 1.4382 0 524.938 1.04577e-08
0.96 1.4382 0 525.941 1.03449e-08
0.96 1.4382 0 526.943 1.02333e-08
0.96 1.4382 0 527.946 1.01228e-08
0.96 1.4382 0 528.948 1.00136e-08
0.96 1.4382 0 529.951 9.90549e-09
0.96 1.4382 0 530.953 9.79856e-09
0.96 1.4382 0 531.956 9.69278e-09
0.96 1.4382 0 532.958 9.58814e-09
0.96 1.4382 0 533.961 9.48461e-09
0.96 1.4382 0 534.963 9.3822e-09
0.96 1.4382 0 535.965 9.28088e-09
0.96 1.4382 0 536.968 9.18065e-09
0.96 1.4382 0 537.97 9.0815e-09
0.96 1.4382 0 538.973 8.98341e-09
0.96 1.4382 0 539.975 8.88637e-09
0.96 1.4382 0 540.978 8.79038e-09
0.96 1.4382 0 541.98 8.69541e-09
0.96 1.4382 0 542.983 8.60147e-09
0.96 1.4382 0 543.985 8.50853e-09
0.96 1.4382 0 544.988 8.41659e-09
0.96 1.4382 0 545.99 8.32564e-09
0.96 1.4382 0 546.993 8.23566e-09
0.96 1.4382 0 547.995 8.14665e-09
0.96 1.4382 0 548.998 8.0586e-09
0.96 1.4382 0 550 7.9715e-09
