2.88 1.4382 0 150.015 1.65197e-05
2.88 1.4382 0 151.017 2.8239e-05
2.88 1.4382 0 152.02 2.89105e-05
2.88 1.4382 0 153.022 2.72188e-05
2.88 1.4382 0 154.025 2.54087e-05
2.88 1.4382 0 155.027 2.37265e-05
2.88 1.4382 0 156.03 2.21812e-05
2.88 1.4382 0 157.032 2.07603e-05
2.88 1.4382 0 158.035 1.9451e-05
2.88 1.4382 0 159.037 1.82425e-05
2.88 1.4382 0 160.04 1.71252e-05
2.88 1.4382 0 161.042 1.60907e-05
2.88 1.4382 0 162.045 1.51317e-05
2.88 1.4382 0 163.047 1.42415e-05
2.88 1.4382 0 164.05 1.34144e-05
2.88 1.4382 0 165.052 1.26449e-05
2.88 1.4382 0 166.054 1.19282e-05
2.88 1.4382 0 167.057 1.12602e-05
2.88 1.4382 0 168.059 1.06369e-05
2.88 1.4382 0 169.062 1.00546e-05
2.88 1.4382 0 170.064 9.51034e-06
2.88 1.4382 0 171.067 9.00103e-06
2.88 1.4382 0 172.069 8.52407e-06
2.88 1.4382 0 173.072 8.07701e-06
2.88 1.4382 0 174.074 7.65765e-06
2.88 1.4382 0 175.077 7.26395e-06
2.88 1.4382 0 176.079 6.89406e-06
2.88 1.4382 0 177.082 6.54628e-06
2.88 1.4382 0 178.084 6.21905e-06
2.88 1.4382 0 179.087 5.91095e-06
2.88 1.4382 0 180.089 5.62064e-06
2.88 1.4382 0 181.092 5.34694e-06
2.88 1.4382 0 182.094 5.08871e-06
2.88 1.4382 0 183.096 4.84493e-06
2.88 1.4382 0 184.099 4.61465e-06
2.88 1.4382 0 185.101 4.397e-06
2.88 1.4382 0 186.104 4.19116e-06
2.88 1.4382 0 187.106 3.99639e-06
2.88 1.4382 0 188.109 3.812e-06
2.88 1.4382 0 189.111 3.63732e-06
2.88 1.4382 0 190.114 3.47179e-06
2.88 1.4382 0 191.116 3.31482e-06
2.88 1.4382 0 192.119 3.16592e-06
2.88 1.4382 0 193.121 3.0246e-06
2.88 1.4382 0 194.124 2.89041e-06
2.88 1.4382 0 195.126 2.76295e-06
2.88 1.4382 0 196.129 2.64181e-06
2.88 1.4382 0 197.131 2.52664e-06
2.88 1.4382 0 198.133 2.41711e-06
2.88 1.4382 0 199.136 2.31289e-06
2.88 1.4382 0 200.138 2.21369e-06
2.88 1.4382 0 201.141 2.11924e-06
2.88 1.4382 0 202.143 2.02928e-06
2.88 1.4382 0 203.146 1.94355e-06
2.88 1.4382 0 204.148 1.86185e-06
2.88 1.4382 0 205.151 1.78394e-06
2.88 1.4382 0 206.153 1.70964e-06
2.88 1.4382 0 207.156 1.63876e-06
2.88 1.4382 0 208.158 1.57111e-06
2.88 1.4382 0 209.161 1.50653e-06
2.88 1.4382 0 210.163 1.44486e-06
2.88 1.4382 0 211.166 1.38597e-06
2.88 1.4382 0 212.168 1.3297e-06
2.88 1.4382 0 213.171 1.27592e-06
2.88 1.4382 0 214.173 1.22452e-06
2.88 1.4382 0 215.175 1.17538e-06
2.88 1.4382 0 216.178 1.12838e-06
2.88 1.4382 0 217.18 1.08342e-06
2.88 1.4382 0 218.183 1.04041e-06
2.88 1.4382 0 219.185 9.9925e-07
2.88 1.4382 0 220.188 9.59851e-07
2.88 1.4382 0 221.19 9.22131e-07
2.88 1.4382 0 222.193 8.86011e-07
2.88 1.4382 0 223.195 8.51417e-07
2.88 1.4382 0 224.198 8.18278e-07
2.88 1.4382 0 225.2 7.86527e-07
2.88 1.4382 0 226.203 7.56099e-07
2.88 1.4382 0 227.205 7.26936e-07
2.88 1.4382 0 228.208 6.98978e-07
2.88 1.4382 0 229.21 6.72172e-07
2.88 1.4382 0 230.212 6.46466e-07
2.88 1.4382 0 231.215 6.21811e-07
2.88 1.4382 0 232.217 5.9816e-07
2.88 1.4382 0 233.22 5.75469e-07
2.88 1.4382 0 234.222 5.53696e-07
2.88 1.4382 0 235.225 5.32799e-07
2.88 1.4382 0 236.227 5.12742e-07
2.88 1.4382 0 237.23 4.93487e-07
2.88 1.4382 0 238.232 4.75001e-07
2.88 1.4382 0 239.235 4.57249e-07
2.88 1.4382 0 240.237 4.40201e-07
2.88 1.4382 0 241.24 4.23826e-07
2.88 1.4382 0 242.242 4.08095e-07
2.88 1.4382 0 243.245 3.92983e-07
2.88 1.4382 0 244.247 3.78461e-07
2.88 1.4382 0 245.25 3.64507e-07
2.88 1.4382 0 246.252 3.51095e-07
2.88 1.4382 0 247.254 3.38204e-07
2.88 1.4382 0 248.257 3.25812e-07
2.88 1.4382 0 249.259 3.13898e-07
2.88 1.4382 0 250.262 3.02442e-07
2.88 1.4382 0 251.264 2.91426e-07
2.88 1.4382 0 252.267 2.80832e-07
2.88 1.4382 0 253.269 2.70642e-07
2.88 1.4382 0 254.272 2.6084e-07
2.88 1.4382 0 255.274 2.51411e-07
2.88 1.4382 0 256.277 2.42338e-07
2.88 1.4382 0 257.279 2.33609e-07
2.88 1.4382 0 258.282 2.25209e-07
2.88 1.4382 0 259.284 2.17125e-07
2.88 1.4382 0 260.287 2.09345e-07
2.88 1.4382 0 261.289 2.01856e-07
2.88 1.4382 0 262.291 1.94647e-07
2.88 1.4382 0 263.294 1.87706e-07
2.88 1.4382 0 264.296 1.81024e-07
2.88 1.4382 0 265.299 1.7459e-07
2.88 1.4382 0 266.301 1.68394e-07
2.88 1.4382 0 267.304 1.62428e-07
2.88 1.4382 0 268.306 1.56681e-07
2.88 1.4382 0 269.309 1.51146e-07
2.88 1.4382 0 270.311 1.45815e-07
2.88 1.4382 0 271.314 1.40679e-07
2.88 1.4382 0 272.316 1.35731e-07
2.88 1.4382 0 273.319 1.30964e-07
2.88 1.4382 0 274.321 1.2637e-07
2.88 1.4382 0 275.324 1.21944e-07
2.88 1.4382 0 276.326 1.17679e-07
2.88 1.4382 0 277.329 1.13568e-07
2.88 1.4382 0 278.331 1.09607e-07
2.88 1.4382 0 279.333 1.05788e-07
2.88 1.4382 0 280.336 1.02107e-07
2.88 1.4382 0 281.338 9.85589e-08
2.88 1.4382 0 282.341 9.51383e-08
2.88 1.4382 0 283.343 9.18404e-08
2.88 1.4382 0 284.346 8.86607e-08
2.88 1.4382 0 285.348 8.55948e-08
2.88 1.4382 0 286.351 8.26384e-08
2.88 1.4382 0 287.353 7.97875e-08
2.88 1.4382 0 288.356 7.70381e-08
2.88 1.4382 0 289.358 7.43865e-08
2.88 1.4382 0 290.361 7.1829e-08
2.88 1.4382 0 291.363 6.93622e-08
2.88 1.4382 0 292.366 6.69827e-08
2.88 1.4382 0 293.368 6.46873e-08
2.88 1.4382 0 294.37 6.2473e-08
2.88 1.4382 0 295.373 6.03367e-08
2.88 1.4382 0 296.375 5.82756e-08
2.88 1.4382 0 297.378 5.6287e-08
2.88 1.4382 0 298.38 5.43682e-08
2.88 1.4382 0 299.383 5.25166e-08
2.88 1.4382 0 300.385 5.07299e-08
2.88 1.4382 0 301.388 4.90056e-08
2.88 1.4382 0 302.39 4.73416e-08
2.88 1.4382 0 303.393 4.57356e-08
2.88 1.4382 0 304.395 4.41855e-08
2.88 1.4382 0 305.398 4.26894e-08
2.88 1.4382 0 306.4 4.12452e-08
2.88 1.4382 0 307.403 3.98512e-08
2.88 1.4382 0 308.405 3.85055e-08
2.88 1.4382 0 309.408 3.72064e-08
2.88 1.4382 0 310.41 3.59522e-08
2.88 1.4382 0 311.412 3.47413e-08
2.88 1.4382 0 312.415 3.35722e-08
2.88 1.4382 0 313.417 3.24435e-08
2.88 1.4382 0 314.42 3.13535e-08
2.88 1.4382 0 315.422 3.03011e-08
2.88 1.4382 0 316.425 2.92848e-08
2.88 1.4382 0 317.427 2.83033e-08
2.88 1.4382 0 318.43 2.73556e-08
2.88 1.4382 0 319.432 2.64402e-08
2.88 1.4382 0 320.435 2.55562e-08
2.88 1.4382 0 321.437 2.47024e-08
2.88 1.4382 0 322.44 2.38778e-08
2.88 1.4382 0 323.442 2.30812e-08
2.88 1.4382 0 324.445 2.23118e-08
2.88 1.4382 0 325.447 2.15686e-08
2.88 1.4382 0 326.449 2.08507e-08
2.88 1.4382 0 327.452 2.01572e-08
2.88 1.4382 0 328.454 1.94872e-08
2.88 1.4382 0 329.457 1.88399e-08
2.88 1.4382 0 330.459 1.82145e-08
2.88 1.4382 0 331.462 1.76104e-08
2.88 1.4382 0 332.464 1.70266e-08
2.88 1.4382 0 333.467 1.64626e-08
2.88 1.4382 0 334.469 1.59176e-08
2.88 1.4382 0 335.472 1.5391e-08
2.88 1.4382 0 336.474 1.48822e-08
2.88 1.4382 0 337.477 1.43905e-08
2.88 1.4382 0 338.479 1.39153e-08
2.88 1.4382 0 339.482 1.34561e-08
2.88 1.4382 0 340.484 1.30123e-08
2.88 1.4382 0 341.487 1.25834e-08
2.88 1.4382 0 342.489 1.2169e-08
2.88 1.4382 0 343.491 1.17684e-08
2.88 1.4382 0 344.494 1.13812e-08
2.88 1.4382 0 345.496 1.10069e-08
2.88 1.4382 0 346.499 1.06452e-08
2.88 1.4382 0 347.501 1.02956e-08
2.88 1.4382 0 348.504 9.95763e-09
2.88 1.4382 0 349.506 9.63094e-09
2.88 1.4382 0 350.509 9.31515e-09
2.88 1.4382 0 351.511 9.00987e-09
2.88 1.4382 0 352.514 8.71476e-09
2.88 1.4382 0 353.516 8.42946e-09
2.88 1.4382 0 354.519 8.15365e-09
2.88 1.4382 0 355.521 7.88701e-09
2.88 1.4382 0 356.524 7.62921e-09
2.88 1.4382 0 357.526 7.37997e-09
2.88 1.4382 0 358.528 7.13899e-09
2.88 1.4382 0 359.531 6.90599e-09
2.88 1.4382 0 360.533 6.68071e-09
2.88 1.4382 0 361.536 6.46289e-09
2.88 1.4382 0 362.538 6.25226e-09
2.88 1.4382 0 363.541 6.0486e-09
2.88 1.4382 0 364.543 5.85167e-09
2.88 1.4382 0 365.546 5.66123e-09
2.88 1.4382 0 366.548 5.47708e-09
2.88 1.4382 0 367.551 5.299e-09
2.88 1.4382 0 368.553 5.12679e-09
2.88 1.4382 0 369.556 4.96024e-09
2.88 1.4382 0 370.558 4.79918e-09
2.88 1.4382 0 371.561 4.64342e-09
2.88 1.4382 0 372.563 4.49278e-09
2.88 1.4382 0 373.566 4.34708e-09
2.88 1.4382 0 374.568 4.20617e-09
2.88 1.4382 0 375.57 4.06989e-09
2.88 1.4382 0 376.573 3.93807e-09
2.88 1.4382 0 377.575 3.81058e-09
2.88 1.4382 0 378.578 3.68726e-09
2.88 1.4382 0 379.58 3.56799e-09
2.88 1.4382 0 380.583 3.45261e-09
2.88 1.4382 0 381.585 3.34101e-09
2.88 1.4382 0 382.588 3.23306e-09
2.88 1.4382 0 383.59 3.12864e-09
2.88 1.4382 0 384.593 3.02763e-09
2.88 1.4382 0 385.595 2.92992e-09
2.88 1.4382 0 386.598 2.8354e-09
2.88 1.4382 0 387.6 2.74396e-09
2.88 1.4382 0 388.603 2.6555e-09
2.88 1.4382 0 389.605 2.56992e-09
2.88 1.4382 0 390.607 2.48713e-09
2.88 1.4382 0 391.61 2.40704e-09
2.88 1.4382 0 392.612 2.32955e-09
2.88 1.4382 0 393.615 2.25459e-09
2.88 1.4382 0 394.617 2.18206e-09
2.88 1.4382 0 395.62 2.11189e-09
2.88 1.4382 0 396.622 2.04399e-09
2.88 1.4382 0 397.625 1.97831e-09
2.88 1.4382 0 398.627 1.91475e-09
2.88 1.4382 0 399.63 1.85326e-09
2.88 1.4382 0 400.632 1.79376e-09
2.88 1.4382 0 401.635 1.73619e-09
2.88 1.4382 0 402.637 1.68048e-09
2.88 1.4382 0 403.64 1.62658e-09
2.88 1.4382 0 404.642 1.57442e-09
2.88 1.4382 0 405.645 1.52396e-09
2.88 1.4382 0 406.647 1.47512e-09
2.88 1.4382 0 407.649 1.42786e-09
2.88 1.4382 0 408.652 1.38214e-09
2.88 1.4382 0 409.654 1.33788e-09
2.88 1.4382 0 410.657 1.29506e-09
2.88 1.4382 0 411.659 1.25362e-09
2.88 1.4382 0 412.662 1.21352e-09
2.88 1.4382 0 413.664 1.17472e-09
2.88 1.4382 0 414.667 1.13716e-09
2.88 1.4382 0 415.669 1.10082e-09
2.88 1.4382 0 416.672 1.06564e-09
2.88 1.4382 0 417.674 1.0316e-09
2.88 1.4382 0 418.677 9.98658e-10
2.88 1.4382 0 419.679 9.66775e-10
2.88 1.4382 0 420.682 9.35918e-10
2.88 1.4382 0 421.684 9.06054e-10
2.88 1.4382 0 422.686 8.7715e-10
2.88 1.4382 0 423.689 8.49176e-10
2.88 1.4382 0 424.691 8.221e-10
2.88 1.4382 0 425.694 7.95895e-10
2.88 1.4382 0 426.696 7.70532e-10
2.88 1.4382 0 427.699 7.45983e-10
2.88 1.4382 0 428.701 7.22222e-10
2.88 1.4382 0 429.704 6.99223e-10
2.88 1.4382 0 430.706 6.76963e-10
2.88 1.4382 0 431.709 6.55416e-10
2.88 1.4382 0 432.711 6.3456e-10
2.88 1.4382 0 433.714 6.14373e-10
2.88 1.4382 0 434.716 5.94832e-10
2.88 1.4382 0 435.719 5.75917e-10
2.88 1.4382 0 436.721 5.57609e-10
2.88 1.4382 0 437.724 5.39886e-10
2.88 1.4382 0 438.726 5.2273e-10
2.88 1.4382 0 439.728 5.06123e-10
2.88 1.4382 0 440.731 4.90048e-10
2.88 1.4382 0 441.733 4.74486e-10
2.88 1.4382 0 442.736 4.59422e-10
2.88 1.4382 0 443.738 4.4484e-10
2.88 1.4382 0 444.741 4.30723e-10
2.88 1.4382 0 445.743 4.17057e-10
2.88 1.4382 0 446.746 4.03828e-10
2.88 1.4382 0 447.748 3.91021e-10
2.88 1.4382 0 448.751 3.78622e-10
2.88 1.4382 0 449.753 3.6662e-10
2.88 1.4382 0 450.756 3.55e-10
2.88 1.4382 0 451.758 3.43751e-10
2.88 1.4382 0 452.761 3.3286e-10
2.88 1.4382 0 453.763 3.22317e-10
2.88 1.4382 0 454.765 3.12109e-10
2.88 1.4382 0 455.768 3.02227e-10
2.88 1.4382 0 456.77 2.92659e-10
2.88 1.4382 0 457.773 2.83397e-10
2.88 1.4382 0 458.775 2.74429e-10
2.88 1.4382 0 459.778 2.65746e-10
2.88 1.4382 0 460.78 2.5734e-10
2.88 1.4382 0 461.783 2.49201e-10
2.88 1.4382 0 462.785 2.41321e-10
2.88 1.4382 0 463.788 2.33692e-10
2.88 1.4382 0 464.79 2.26305e-10
2.88 1.4382 0 465.793 2.19153e-10
2.88 1.4382 0 466.795 2.12229e-10
2.88 1.4382 0 467.798 2.05524e-10
2.88 1.4382 0 468.8 1.99032e-10
2.88 1.4382 0 469.803 1.92747e-10
2.88 1.4382 0 470.805 1.8666e-10
2.88 1.4382 0 471.807 1.80768e-10
2.88 1.4382 0 472.81 1.75062e-10
2.88 1.4382 0 473.812 1.69537e-10
2.88 1.4382 0 474.815 1.64187e-10
2.88 1.4382 0 475.817 1.59008e-10
2.88 1.4382 0 476.82 1.53992e-10
2.88 1.4382 0 477.822 1.49135e-10
2.88 1.4382 0 478.825 1.44433e-10
2.88 1.4382 0 479.827 1.39879e-10
2.88 1.4382 0 480.83 1.3547e-10
2.88 1.4382 0 481.832 1.312e-10
2.88 1.4382 0 482.835 1.27066e-10
2.88 1.4382 0 483.837 1.23062e-10
2.88 1.4382 0 484.84 1.19185e-10
2.88 1.4382 0 485.842 1.15431e-10
2.88 1.4382 0 486.844 1.11796e-10
2.88 1.4382 0 487.847 1.08276e-10
2.88 1.4382 0 488.849 1.04867e-10
2.88 1.4382 0 489.852 1.01566e-10
2.88 1.4382 0 490.854 9.83689e-11
2.88 1.4382 0 491.857 9.52733e-11
2.88 1.4382 0 492.859 9.22756e-11
2.88 1.4382 0 493.862 8.93725e-11
2.88 1.4382 0 494.864 8.65613e-11
2.88 1.4382 0 495.867 8.38388e-11
2.88 1.4382 0 496.869 8.12024e-11
2.88 1.4382 0 497.872 7.86492e-11
2.88 1.4382 0 498.874 7.61766e-11
2.88 1.4382 0 499.877 7.37822e-11
2.88 1.4382 0 500.879 7.14633e-11
2.88 1.4382 0 501.882 6.92175e-11
2.88 1.4382 0 502.884 6.70427e-11
2.88 1.4382 0 503.886 6.49365e-11
2.88 1.4382 0 504.889 6.28967e-11
2.88 1.4382 0 505.891 6.09213e-11
2.88 1.4382 0 506.894 5.90081e-11
2.88 1.4382 0 507.896 5.71553e-11
2.88 1.4382 0 508.899 5.53609e-11
2.88 1.4382 0 509.901 5.36231e-11
2.88 1.4382 0 510.904 5.194e-11
2.88 1.4382 0 511.906 5.031e-11
2.88 1.4382 0 512.909 4.87313e-11
2.88 1.4382 0 513.911 4.72023e-11
2.88 1.4382 0 514.914 4.57215e-11
2.88 1.4382 0 515.916 4.42874e-11
2.88 1.4382 0 516.919 4.28984e-11
2.88 1.4382 0 517.921 4.15531e-11
2.88 1.4382 0 518.923 4.02502e-11
2.88 1.4382 0 519.926 3.89883e-11
2.88 1.4382 0 520.928 3.7766e-11
2.88 1.4382 0 521.931 3.65823e-11
2.88 1.4382 0 522.933 3.54358e-11
2.88 1.4382 0 523.936 3.43253e-11
2.88 1.4382 0 524.938 3.32498e-11
2.88 1.4382 0 525.941 3.22081e-11
2.88 1.4382 0 526.943 3.11992e-11
2.88 1.4382 0 527.946 3.02219e-11
2.88 1.4382 0 528.948 2.92754e-11
2.88 1.4382 0 529.951 2.83587e-11
2.88 1.4382 0 530.953 2.74707e-11
2.88 1.4382 0 531.956 2.66106e-11
2.88 1.4382 0 532.958 2.57776e-11
2.88 1.4382 0 533.961 2.49707e-11
2.88 1.4382 0 534.963 2.41892e-11
2.88 1.4382 0 535.965 2.34322e-11
2.88 1.4382 0 536.968 2.2699e-11
2.88 1.4382 0 537.97 2.19888e-11
2.88 1.4382 0 538.973 2.13009e-11
2.88 1.4382 0 539.975 2.06346e-11
2.88 1.4382 0 540.978 1.99892e-11
2.88 1.4382 0 541.98 1.93641e-11
2.88 1.4382 0 542.983 1.87585e-11
2.88 1.4382 0 543.985 1.8172e-11
2.88 1.4382 0 544.988 1.76039e-11
2.88 1.4382 0 545.99 1.70535e-11
2.88 1.4382 0 546.993 1.65205e-11
2.88 1.4382 0 547.995 1.60041e-11
2.88 1.4382 0 548.998 1.5504e-11
2.88 1.4382 0 550 1.50195e-11
