1.87 1.4382 0 150.015 5.2092e-06
1.87 1.4382 0 151.017 9.35615e-06
1.87 1.4382 0 152.02 9.5208e-06
1.87 1.4382 0 153.022 9.1771e-06
1.87 1.4382 0 154.025 8.82061e-06
1.87 1.4382 0 155.027 8.4815e-06
1.87 1.4382 0 156.03 8.15932e-06
1.87 1.4382 0 157.032 7.85249e-06
1.87 1.4382 0 158.035 7.55974e-06
1.87 1.4382 0 159.037 7.28007e-06
1.87 1.4382 0 160.04 7.01265e-06
1.87 1.4382 0 161.042 6.75676e-06
1.87 1.4382 0 162.045 6.51176e-06
1.87 1.4382 0 163.047 6.27708e-06
1.87 1.4382 0 164.05 6.05217e-06
1.87 1.4382 0 165.052 5.83656e-06
1.87 1.4382 0 166.054 5.62979e-06
1.87 1.4382 0 167.057 5.43143e-06
1.87 1.4382 0 168.059 5.24109e-06
1.87 1.4382 0 169.062 5.0584e-06
1.87 1.4382 0 170.064 4.88301e-06
1.87 1.4382 0 171.067 4.71457e-06
1.87 1.4382 0 172.069 4.55279e-06
1.87 1.4382 0 173.072 4.39735e-06
1.87 1.4382 0 174.074 4.24798e-06
1.87 1.4382 0 175.077 4.10441e-06
1.87 1.4382 0 176.079 3.96638e-06
1.87 1.4382 0 177.082 3.83366e-06
1.87 1.4382 0 178.084 3.70601e-06
1.87 1.4382 0 179.087 3.58322e-06
1.87 1.4382 0 180.089 3.46507e-06
1.87 1.4382 0 181.092 3.35137e-06
1.87 1.4382 0 182.094 3.24194e-06
1.87 1.4382 0 183.096 3.13658e-06
1.87 1.4382 0 184.099 3.03513e-06
1.87 1.4382 0 185.101 2.93743e-06
1.87 1.4382 0 186.104 2.84332e-06
1.87 1.4382 0 187.106 2.75266e-06
1.87 1.4382 0 188.109 2.66529e-06
1.87 1.4382 0 189.111 2.58108e-06
1.87 1.4382 0 190.114 2.49991e-06
1.87 1.4382 0 191.116 2.42165e-06
1.87 1.4382 0 192.119 2.34619e-06
1.87 1.4382 0 193.121 2.2734e-06
1.87 1.4382 0 194.124 2.20319e-06
1.87 1.4382 0 195.126 2.13545e-06
1.87 1.4382 0 196.129 2.07009e-06
1.87 1.4382 0 197.131 2.007e-06
1.87 1.4382 0 198.133 1.9461e-06
1.87 1.4382 0 199.136 1.8873e-06
1.87 1.4382 0 200.138 1.83052e-06
1.87 1.4382 0 201.141 1.77568e-06
1.87 1.4382 0 202.143 1.72272e-06
1.87 1.4382 0 203.146 1.67154e-06
1.87 1.4382 0 204.148 1.62209e-06
1.87 1.4382 0 205.151 1.5743e-06
1.87 1.4382 0 206.153 1.52811e-06
1.87 1.4382 0 207.156 1.48345e-06
1.87 1.4382 0 208.158 1.44027e-06
1.87 1.4382 0 209.161 1.39852e-06
1.87 1.4382 0 210.163 1.35813e-06
1.87 1.4382 0 211.166 1.31906e-06
1.87 1.4382 0 212.168 1.28126e-06
1.87 1.4382 0 213.171 1.24469e-06
1.87 1.4382 0 214.173 1.20929e-06
1.87 1.4382 0 215.175 1.17503e-06
1.87 1.4382 0 216.178 1.14186e-06
1.87 1.4382 0 217.18 1.10974e-06
1.87 1.4382 0 218.183 1.07864e-06
1.87 1.4382 0 219.185 1.04852e-06
1.87 1.4382 0 220.188 1.01934e-06
1.87 1.4382 0 221.19 9.91074e-07
1.87 1.4382 0 222.193 9.63686e-07
1.87 1.4382 0 223.195 9.37146e-07
1.87 1.4382 0 224.198 9.11423e-07
1.87 1.4382 0 225.2 8.8649e-07
1.87 1.4382 0 226.203 8.62318e-07
1.87 1.4382 0 227.205 8.38882e-07
1.87 1.4382 0 228.208 8.16156e-07
1.87 1.4382 0 229.21 7.94115e-07
1.87 1.4382 0 230.212 7.72737e-07
1.87 1.4382 0 231.215 7.51998e-07
1.87 1.4382 0 232.217 7.31878e-07
1.87 1.4382 0 233.22 7.12354e-07
1.87 1.4382 0 234.222 6.93408e-07
1.87 1.4382 0 235.225 6.7502e-07
1.87 1.4382 0 236.227 6.57171e-07
1.87 1.4382 0 237.23 6.39844e-07
1.87 1.4382 0 238.232 6.23021e-07
1.87 1.4382 0 239.235 6.06686e-07
1.87 1.4382 0 240.237 5.90823e-07
1.87 1.4382 0 241.24 5.75416e-07
1.87 1.4382 0 242.242 5.60451e-07
1.87 1.4382 0 243.245 5.45913e-07
1.87 1.4382 0 244.247 5.31789e-07
1.87 1.4382 0 245.25 5.18066e-07
1.87 1.4382 0 246.252 5.04731e-07
1.87 1.4382 0 247.254 4.91771e-07
1.87 1.4382 0 248.257 4.79175e-07
1.87 1.4382 0 249.259 4.66931e-07
1.87 1.4382 0 250.262 4.55029e-07
1.87 1.4382 0 251.264 4.43457e-07
1.87 1.4382 0 252.267 4.32205e-07
1.87 1.4382 0 253.269 4.21264e-07
1.87 1.4382 0 254.272 4.10624e-07
1.87 1.4382 0 255.274 4.00275e-07
1.87 1.4382 0 256.277 3.90209e-07
1.87 1.4382 0 257.279 3.80418e-07
1.87 1.4382 0 258.282 3.70892e-07
1.87 1.4382 0 259.284 3.61624e-07
1.87 1.4382 0 260.287 3.52607e-07
1.87 1.4382 0 261.289 3.43832e-07
1.87 1.4382 0 262.291 3.35293e-07
1.87 1.4382 0 263.294 3.26982e-07
1.87 1.4382 0 264.296 3.18892e-07
1.87 1.4382 0 265.299 3.11018e-07
1.87 1.4382 0 266.301 3.03353e-07
1.87 1.4382 0 267.304 2.95891e-07
1.87 1.4382 0 268.306 2.88625e-07
1.87 1.4382 0 269.309 2.81551e-07
1.87 1.4382 0 270.311 2.74662e-07
1.87 1.4382 0 271.314 2.67953e-07
1.87 1.4382 0 272.316 2.6142e-07
1.87 1.4382 0 273.319 2.55056e-07
1.87 1.4382 0 274.321 2.48858e-07
1.87 1.4382 0 275.324 2.42821e-07
1.87 1.4382 0 276.326 2.36939e-07
1.87 1.4382 0 277.329 2.31209e-07
1.87 1.4382 0 278.331 2.25626e-07
1.87 1.4382 0 279.333 2.20187e-07
1.87 1.4382 0 280.336 2.14887e-07
1.87 1.4382 0 281.338 2.09722e-07
1.87 1.4382 0 282.341 2.04689e-07
1.87 1.4382 0 283.343 1.99784e-07
1.87 1.4382 0 284.346 1.95003e-07
1.87 1.4382 0 285.348 1.90343e-07
1.87 1.4382 0 286.351 1.85801e-07
1.87 1.4382 0 287.353 1.81373e-07
1.87 1.4382 0 288.356 1.77057e-07
1.87 1.4382 0 289.358 1.72849e-07
1.87 1.4382 0 290.361 1.68746e-07
1.87 1.4382 0 291.363 1.64746e-07
1.87 1.4382 0 292.366 1.60846e-07
1.87 1.4382 0 293.368 1.57043e-07
1.87 1.4382 0 294.37 1.53334e-07
1.87 1.4382 0 295.373 1.49718e-07
1.87 1.4382 0 296.375 1.46191e-07
1.87 1.4382 0 297.378 1.42751e-07
1.87 1.4382 0 298.38 1.39396e-07
1.87 1.4382 0 299.383 1.36123e-07
1.87 1.4382 0 300.385 1.32932e-07
1.87 1.4382 0 301.388 1.29818e-07
1.87 1.4382 0 302.39 1.26781e-07
1.87 1.4382 0 303.393 1.23818e-07
1.87 1.4382 0 304.395 1.20927e-07
1.87 1.4382 0 305.398 1.18107e-07
1.87 1.4382 0 306.4 1.15355e-07
1.87 1.4382 0 307.403 1.1267e-07
1.87 1.4382 0 308.405 1.10051e-07
1.87 1.4382 0 309.408 1.07495e-07
1.87 1.4382 0 310.41 1.05001e-07
1.87 1.4382 0 311.412 1.02567e-07
1.87 1.4382 0 312.415 1.00191e-07
1.87 1.4382 0 313.417 9.78731e-08
1.87 1.4382 0 314.42 9.56107e-08
1.87 1.4382 0 315.422 9.34026e-08
1.87 1.4382 0 316.425 9.12475e-08
1.87 1.4382 0 317.427 8.9144e-08
1.87 1.4382 0 318.43 8.70908e-08
1.87 1.4382 0 319.432 8.50867e-08
1.87 1.4382 0 320.435 8.31304e-08
1.87 1.4382 0 321.437 8.12206e-08
1.87 1.4382 0 322.44 7.93563e-08
1.87 1.4382 0 323.442 7.75363e-08
1.87 1.4382 0 324.445 7.57595e-08
1.87 1.4382 0 325.447 7.40248e-08
1.87 1.4382 0 326.449 7.23311e-08
1.87 1.4382 0 327.452 7.06775e-08
1.87 1.4382 0 328.454 6.9063e-08
1.87 1.4382 0 329.457 6.74865e-08
1.87 1.4382 0 330.459 6.59472e-08
1.87 1.4382 0 331.462 6.44442e-08
1.87 1.4382 0 332.464 6.29764e-08
1.87 1.4382 0 333.467 6.15432e-08
1.87 1.4382 0 334.469 6.01435e-08
1.87 1.4382 0 335.472 5.87767e-08
1.87 1.4382 0 336.474 5.74418e-08
1.87 1.4382 0 337.477 5.61382e-08
1.87 1.4382 0 338.479 5.4865e-08
1.87 1.4382 0 339.482 5.36216e-08
1.87 1.4382 0 340.484 5.24071e-08
1.87 1.4382 0 341.487 5.12209e-08
1.87 1.4382 0 342.489 5.00623e-08
1.87 1.4382 0 343.491 4.89307e-08
1.87 1.4382 0 344.494 4.78253e-08
1.87 1.4382 0 345.496 4.67456e-08
1.87 1.4382 0 346.499 4.5691e-08
1.87 1.4382 0 347.501 4.46607e-08
1.87 1.4382 0 348.504 4.36543e-08
1.87 1.4382 0 349.506 4.26712e-08
1.87 1.4382 0 350.509 4.17107e-08
1.87 1.4382 0 351.511 4.07725e-08
1.87 1.4382 0 352.514 3.98558e-08
1.87 1.4382 0 353.516 3.89603e-08
1.87 1.4382 0 354.519 3.80854e-08
1.87 1.4382 0 355.521 3.72307e-08
1.87 1.4382 0 356.524 3.63955e-08
1.87 1.4382 0 357.526 3.55796e-08
1.87 1.4382 0 358.528 3.47824e-08
1.87 1.4382 0 359.531 3.40035e-08
1.87 1.4382 0 360.533 3.32424e-08
1.87 1.4382 0 361.536 3.24987e-08
1.87 1.4382 0 362.538 3.17721e-08
1.87 1.4382 0 363.541 3.1062e-08
1.87 1.4382 0 364.543 3.03682e-08
1.87 1.4382 0 365.546 2.96902e-08
1.87 1.4382 0 366.548 2.90277e-08
1.87 1.4382 0 367.551 2.83803e-08
1.87 1.4382 0 368.553 2.77477e-08
1.87 1.4382 0 369.556 2.71294e-08
1.87 1.4382 0 370.558 2.65252e-08
1.87 1.4382 0 371.561 2.59348e-08
1.87 1.4382 0 372.563 2.53577e-08
1.87 1.4382 0 373.566 2.47938e-08
1.87 1.4382 0 374.568 2.42426e-08
1.87 1.4382 0 375.57 2.3704e-08
1.87 1.4382 0 376.573 2.31775e-08
1.87 1.4382 0 377.575 2.2663e-08
1.87 1.4382 0 378.578 2.21601e-08
1.87 1.4382 0 379.58 2.16686e-08
1.87 1.4382 0 380.583 2.11882e-08
1.87 1.4382 0 381.585 2.07187e-08
1.87 1.4382 0 382.588 2.02597e-08
1.87 1.4382 0 383.59 1.98112e-08
1.87 1.4382 0 384.593 1.93727e-08
1.87 1.4382 0 385.595 1.89441e-08
1.87 1.4382 0 386.598 1.85252e-08
1.87 1.4382 0 387.6 1.81156e-08
1.87 1.4382 0 388.603 1.77154e-08
1.87 1.4382 0 389.605 1.73241e-08
1.87 1.4382 0 390.607 1.69416e-08
1.87 1.4382 0 391.61 1.65677e-08
1.87 1.4382 0 392.612 1.62021e-08
1.87 1.4382 0 393.615 1.58448e-08
1.87 1.4382 0 394.617 1.54955e-08
1.87 1.4382 0 395.62 1.51541e-08
1.87 1.4382 0 396.622 1.48203e-08
1.87 1.4382 0 397.625 1.44939e-08
1.87 1.4382 0 398.627 1.41749e-08
1.87 1.4382 0 399.63 1.3863e-08
1.87 1.4382 0 400.632 1.3558e-08
1.87 1.4382 0 401.635 1.32599e-08
1.87 1.4382 0 402.637 1.29685e-08
1.87 1.4382 0 403.64 1.26835e-08
1.87 1.4382 0 404.642 1.24049e-08
1.87 1.4382 0 405.645 1.21326e-08
1.87 1.4382 0 406.647 1.18663e-08
1.87 1.4382 0 407.649 1.16059e-08
1.87 1.4382 0 408.652 1.13513e-08
1.87 1.4382 0 409.654 1.11024e-08
1.87 1.4382 0 410.657 1.08591e-08
1.87 1.4382 0 411.659 1.06211e-08
1.87 1.4382 0 412.662 1.03885e-08
1.87 1.4382 0 413.664 1.0161e-08
1.87 1.4382 0 414.667 9.93853e-09
1.87 1.4382 0 415.669 9.72104e-09
1.87 1.4382 0 416.672 9.50837e-09
1.87 1.4382 0 417.674 9.30042e-09
1.87 1.4382 0 418.677 9.09709e-09
1.87 1.4382 0 419.679 8.89826e-09
1.87 1.4382 0 420.682 8.70384e-09
1.87 1.4382 0 421.684 8.51372e-09
1.87 1.4382 0 422.686 8.32781e-09
1.87 1.4382 0 423.689 8.14602e-09
1.87 1.4382 0 424.691 7.96825e-09
1.87 1.4382 0 425.694 7.79441e-09
1.87 1.4382 0 426.696 7.62442e-09
1.87 1.4382 0 427.699 7.45818e-09
1.87 1.4382 0 428.701 7.29561e-09
1.87 1.4382 0 429.704 7.13664e-09
1.87 1.4382 0 430.706 6.98117e-09
1.87 1.4382 0 431.709 6.82913e-09
1.87 1.4382 0 432.711 6.68045e-09
1.87 1.4382 0 433.714 6.53504e-09
1.87 1.4382 0 434.716 6.39284e-09
1.87 1.4382 0 435.719 6.25378e-09
1.87 1.4382 0 436.721 6.11777e-09
1.87 1.4382 0 437.724 5.98476e-09
1.87 1.4382 0 438.726 5.85468e-09
1.87 1.4382 0 439.728 5.72746e-09
1.87 1.4382 0 440.731 5.60303e-09
1.87 1.4382 0 441.733 5.48135e-09
1.87 1.4382 0 442.736 5.36234e-09
1.87 1.4382 0 443.738 5.24594e-09
1.87 1.4382 0 444.741 5.1321e-09
1.87 1.4382 0 445.743 5.02076e-09
1.87 1.4382 0 446.746 4.91186e-09
1.87 1.4382 0 447.748 4.80535e-09
1.87 1.4382 0 448.751 4.70118e-09
1.87 1.4382 0 449.753 4.59929e-09
1.87 1.4382 0 450.756 4.49964e-09
1.87 1.4382 0 451.758 4.40217e-09
1.87 1.4382 0 452.761 4.30683e-09
1.87 1.4382 0 453.763 4.21358e-09
1.87 1.4382 0 454.765 4.12238e-09
1.87 1.4382 0 455.768 4.03317e-09
1.87 1.4382 0 456.77 3.94591e-09
1.87 1.4382 0 457.773 3.86056e-09
1.87 1.4382 0 458.775 3.77708e-09
1.87 1.4382 0 459.778 3.69542e-09
1.87 1.4382 0 460.78 3.61555e-09
1.87 1.4382 0 461.783 3.53742e-09
1.87 1.4382 0 462.785 3.461e-09
1.87 1.4382 0 463.788 3.38624e-09
1.87 1.4382 0 464.79 3.31312e-09
1.87 1.4382 0 465.793 3.2416e-09
1.87 1.4382 0 466.795 3.17163e-09
1.87 1.4382 0 467.798 3.10319e-09
1.87 1.4382 0 468.8 3.03624e-09
1.87 1.4382 0 469.803 2.97075e-09
1.87 1.4382 0 470.805 2.90669e-09
1.87 1.4382 0 471.807 2.84403e-09
1.87 1.4382 0 472.81 2.78272e-09
1.87 1.4382 0 473.812 2.72276e-09
1.87 1.4382 0 474.815 2.6641e-09
1.87 1.4382 0 475.817 2.60671e-09
1.87 1.4382 0 476.82 2.55057e-09
1.87 1.4382 0 477.822 2.49566e-09
1.87 1.4382 0 478.825 2.44194e-09
1.87 1.4382 0 479.827 2.38938e-09
1.87 1.4382 0 480.83 2.33797e-09
1.87 1.4382 0 481.832 2.28767e-09
1.87 1.4382 0 482.835 2.23847e-09
1.87 1.4382 0 483.837 2.19034e-09
1.87 1.4382 0 484.84 2.14325e-09
1.87 1.4382 0 485.842 2.09718e-09
1.87 1.4382 0 486.844 2.05211e-09
1.87 1.4382 0 487.847 2.00802e-09
1.87 1.4382 0 488.849 1.96489e-09
1.87 1.4382 0 489.852 1.92269e-09
1.87 1.4382 0 490.854 1.8814e-09
1.87 1.4382 0 491.857 1.84101e-09
1.87 1.4382 0 492.859 1.8015e-09
1.87 1.4382 0 493.862 1.76284e-09
1.87 1.4382 0 494.864 1.72502e-09
1.87 1.4382 0 495.867 1.68802e-09
1.87 1.4382 0 496.869 1.65181e-09
1.87 1.4382 0 497.872 1.6164e-09
1.87 1.4382 0 498.874 1.58174e-09
1.87 1.4382 0 499.877 1.54784e-09
1.87 1.4382 0 500.879 1.51467e-09
1.87 1.4382 0 501.882 1.48222e-09
1.87 1.4382 0 502.884 1.45047e-09
1.87 1.4382 0 503.886 1.4194e-09
1.87 1.4382 0 504.889 1.38901e-09
1.87 1.4382 0 505.891 1.35927e-09
1.87 1.4382 0 506.894 1.33017e-09
1.87 1.4382 0 507.896 1.30171e-09
1.87 1.4382 0 508.899 1.27385e-09
1.87 1.4382 0 509.901 1.2466e-09
1.87 1.4382 0 510.904 1.21994e-09
1.87 1.4382 0 511.906 1.19385e-09
1.87 1.4382 0 512.909 1.16832e-09
1.87 1.4382 0 513.911 1.14335e-09
1.87 1.4382 0 514.914 1.11891e-09
1.87 1.4382 0 515.916 1.095e-09
1.87 1.4382 0 516.919 1.0716e-09
1.87 1.4382 0 517.921 1.04871e-09
1.87 1.4382 0 518.923 1.02631e-09
1.87 1.4382 0 519.926 1.00439e-09
1.87 1.4382 0 520.928 9.8295e-10
1.87 1.4382 0 521.931 9.61967e-10
1.87 1.4382 0 522.933 9.41435e-10
1.87 1.4382 0 523.936 9.21346e-10
1.87 1.4382 0 524.938 9.01688e-10
1.87 1.4382 0 525.941 8.82453e-10
1.87 1.4382 0 526.943 8.63631e-10
1.87 1.4382 0 527.946 8.45215e-10
1.87 1.4382 0 528.948 8.27194e-10
1.87 1.4382 0 529.951 8.0956e-10
1.87 1.4382 0 530.953 7.92305e-10
1.87 1.4382 0 531.956 7.7542e-10
1.87 1.4382 0 532.958 7.58899e-10
1.87 1.4382 0 533.961 7.42732e-10
1.87 1.4382 0 534.963 7.26912e-10
1.87 1.4382 0 535.965 7.11431e-10
1.87 1.4382 0 536.968 6.96283e-10
1.87 1.4382 0 537.97 6.8146e-10
1.87 1.4382 0 538.973 6.66954e-10
1.87 1.4382 0 539.975 6.5276e-10
1.87 1.4382 0 540.978 6.3887e-10
1.87 1.4382 0 541.98 6.25278e-10
1.87 1.4382 0 542.983 6.11977e-10
1.87 1.4382 0 543.985 5.98961e-10
1.87 1.4382 0 544.988 5.86224e-10
1.87 1.4382 0 545.99 5.7376e-10
1.87 1.4382 0 546.993 5.61563e-10
1.87 1.4382 0 547.995 5.49627e-10
1.87 1.4382 0 548.998 5.37947e-10
1.87 1.4382 0 550 5.26516e-10
