0.28 1.4382 0 150.015 1.69155e-07
0.28 1.4382 0 151.017 2.82579e-07
0.28 1.4382 0 152.02 2.65817e-07
0.28 1.4382 0 153.022 2.4337e-07
0.28 1.4382 0 154.025 2.26473e-07
0.28 1.4382 0 155.027 2.13345e-07
0.28 1.4382 0 156.03 2.02658e-07
0.28 1.4382 0 157.032 1.93659e-07
0.28 1.4382 0 158.035 1.85896e-07
0.28 1.4382 0 159.037 1.79078e-07
0.28 1.4382 0 160.04 1.73006e-07
0.28 1.4382 0 161.042 1.67538e-07
0.28 1.4382 0 162.045 1.62567e-07
0.28 1.4382 0 163.047 1.58016e-07
0.28 1.4382 0 164.05 1.53821e-07
0.28 1.4382 0 165.052 1.49934e-07
0.28 1.4382 0 166.054 1.46314e-07
0.28 1.4382 0 167.057 1.42929e-07
0.28 1.4382 0 168.059 1.39752e-07
0.28 1.4382 0 169.062 1.36761e-07
0.28 1.4382 0 170.064 1.33936e-07
0.28 1.4382 0 171.067 1.31262e-07
0.28 1.4382 0 172.069 1.28723e-07
0.28 1.4382 0 173.072 1.26308e-07
0.28 1.4382 0 174.074 1.24006e-07
0.28 1.4382 0 175.077 1.21808e-07
0.28 1.4382 0 176.079 1.19706e-07
0.28 1.4382 0 177.082 1.17692e-07
0.28 1.4382 0 178.084 1.15759e-07
0.28 1.4382 0 179.087 1.13903e-07
0.28 1.4382 0 180.089 1.12116e-07
0.28 1.4382 0 181.092 1.10396e-07
0.28 1.4382 0 182.094 1.08737e-07
0.28 1.4382 0 183.096 1.07136e-07
0.28 1.4382 0 184.099 1.05589e-07
0.28 1.4382 0 185.101 1.04093e-07
0.28 1.4382 0 186.104 1.02645e-07
0.28 1.4382 0 187.106 1.01242e-07
0.28 1.4382 0 188.109 9.98814e-08
0.28 1.4382 0 189.111 9.85615e-08
0.28 1.4382 0 190.114 9.72798e-08
0.28 1.4382 0 191.116 9.60344e-08
0.28 1.4382 0 192.119 9.48235e-08
0.28 1.4382 0 193.121 9.36453e-08
0.28 1.4382 0 194.124 9.24983e-08
0.28 1.4382 0 195.126 9.1381e-08
0.28 1.4382 0 196.129 9.02921e-08
0.28 1.4382 0 197.131 8.92302e-08
0.28 1.4382 0 198.133 8.81942e-08
0.28 1.4382 0 199.136 8.71828e-08
0.28 1.4382 0 200.138 8.61952e-08
0.28 1.4382 0 201.141 8.52302e-08
0.28 1.4382 0 202.143 8.42869e-08
0.28 1.4382 0 203.146 8.33645e-08
0.28 1.4382 0 204.148 8.24621e-08
0.28 1.4382 0 205.151 8.1579e-08
0.28 1.4382 0 206.153 8.07144e-08
0.28 1.4382 0 207.156 7.98675e-08
0.28 1.4382 0 208.158 7.90379e-08
0.28 1.4382 0 209.161 7.82247e-08
0.28 1.4382 0 210.163 7.74275e-08
0.28 1.4382 0 211.166 7.66456e-08
0.28 1.4382 0 212.168 7.58785e-08
0.28 1.4382 0 213.171 7.51258e-08
0.28 1.4382 0 214.173 7.43869e-08
0.28 1.4382 0 215.175 7.36614e-08
0.28 1.4382 0 216.178 7.29489e-08
0.28 1.4382 0 217.18 7.22488e-08
0.28 1.4382 0 218.183 7.15609e-08
0.28 1.4382 0 219.185 7.08847e-08
0.28 1.4382 0 220.188 7.022e-08
0.28 1.4382 0 221.19 6.95662e-08
0.28 1.4382 0 222.193 6.89232e-08
0.28 1.4382 0 223.195 6.82905e-08
0.28 1.4382 0 224.198 6.7668e-08
0.28 1.4382 0 225.2 6.70553e-08
0.28 1.4382 0 226.203 6.64521e-08
0.28 1.4382 0 227.205 6.58581e-08
0.28 1.4382 0 228.208 6.52732e-08
0.28 1.4382 0 229.21 6.4697e-08
0.28 1.4382 0 230.212 6.41294e-08
0.28 1.4382 0 231.215 6.357e-08
0.28 1.4382 0 232.217 6.30188e-08
0.28 1.4382 0 233.22 6.24754e-08
0.28 1.4382 0 234.222 6.19397e-08
0.28 1.4382 0 235.225 6.14115e-08
0.28 1.4382 0 236.227 6.08906e-08
0.28 1.4382 0 237.23 6.03769e-08
0.28 1.4382 0 238.232 5.98701e-08
0.28 1.4382 0 239.235 5.93701e-08
0.28 1.4382 0 240.237 5.88767e-08
0.28 1.4382 0 241.24 5.83898e-08
0.28 1.4382 0 242.242 5.79092e-08
0.28 1.4382 0 243.245 5.74348e-08
0.28 1.4382 0 244.247 5.69665e-08
0.28 1.4382 0 245.25 5.65041e-08
0.28 1.4382 0 246.252 5.60475e-08
0.28 1.4382 0 247.254 5.55966e-08
0.28 1.4382 0 248.257 5.51512e-08
0.28 1.4382 0 249.259 5.47112e-08
0.28 1.4382 0 250.262 5.42765e-08
0.28 1.4382 0 251.264 5.38471e-08
0.28 1.4382 0 252.267 5.34228e-08
0.28 1.4382 0 253.269 5.30034e-08
0.28 1.4382 0 254.272 5.2589e-08
0.28 1.4382 0 255.274 5.21794e-08
0.28 1.4382 0 256.277 5.17745e-08
0.28 1.4382 0 257.279 5.13742e-08
0.28 1.4382 0 258.282 5.09785e-08
0.28 1.4382 0 259.284 5.05872e-08
0.28 1.4382 0 260.287 5.02003e-08
0.28 1.4382 0 261.289 4.98177e-08
0.28 1.4382 0 262.291 4.94393e-08
0.28 1.4382 0 263.294 4.9065e-08
0.28 1.4382 0 264.296 4.86949e-08
0.28 1.4382 0 265.299 4.83287e-08
0.28 1.4382 0 266.301 4.79664e-08
0.28 1.4382 0 267.304 4.7608e-08
0.28 1.4382 0 268.306 4.72534e-08
0.28 1.4382 0 269.309 4.69025e-08
0.28 1.4382 0 270.311 4.65553e-08
0.28 1.4382 0 271.314 4.62117e-08
0.28 1.4382 0 272.316 4.58716e-08
0.28 1.4382 0 273.319 4.55351e-08
0.28 1.4382 0 274.321 4.5202e-08
0.28 1.4382 0 275.324 4.48722e-08
0.28 1.4382 0 276.326 4.45458e-08
0.28 1.4382 0 277.329 4.42227e-08
0.28 1.4382 0 278.331 4.39028e-08
0.28 1.4382 0 279.333 4.35861e-08
0.28 1.4382 0 280.336 4.32725e-08
0.28 1.4382 0 281.338 4.2962e-08
0.28 1.4382 0 282.341 4.26545e-08
0.28 1.4382 0 283.343 4.23501e-08
0.28 1.4382 0 284.346 4.20485e-08
0.28 1.4382 0 285.348 4.17499e-08
0.28 1.4382 0 286.351 4.14542e-08
0.28 1.4382 0 287.353 4.11613e-08
0.28 1.4382 0 288.356 4.08711e-08
0.28 1.4382 0 289.358 4.05837e-08
0.28 1.4382 0 290.361 4.0299e-08
0.28 1.4382 0 291.363 4.0017e-08
0.28 1.4382 0 292.366 3.97377e-08
0.28 1.4382 0 293.368 3.94609e-08
0.28 1.4382 0 294.37 3.91867e-08
0.28 1.4382 0 295.373 3.8915e-08
0.28 1.4382 0 296.375 3.86458e-08
0.28 1.4382 0 297.378 3.83791e-08
0.28 1.4382 0 298.38 3.81148e-08
0.28 1.4382 0 299.383 3.78529e-08
0.28 1.4382 0 300.385 3.75933e-08
0.28 1.4382 0 301.388 3.73361e-08
0.28 1.4382 0 302.39 3.70813e-08
0.28 1.4382 0 303.393 3.68287e-08
0.28 1.4382 0 304.395 3.65783e-08
0.28 1.4382 0 305.398 3.63302e-08
0.28 1.4382 0 306.4 3.60842e-08
0.28 1.4382 0 307.403 3.58405e-08
0.28 1.4382 0 308.405 3.55988e-08
0.28 1.4382 0 309.408 3.53593e-08
0.28 1.4382 0 310.41 3.51219e-08
0.28 1.4382 0 311.412 3.48865e-08
0.28 1.4382 0 312.415 3.46532e-08
0.28 1.4382 0 313.417 3.44219e-08
0.28 1.4382 0 314.42 3.41926e-08
0.28 1.4382 0 315.422 3.39652e-08
0.28 1.4382 0 316.425 3.37398e-08
0.28 1.4382 0 317.427 3.35163e-08
0.28 1.4382 0 318.43 3.32948e-08
0.28 1.4382 0 319.432 3.30751e-08
0.28 1.4382 0 320.435 3.28572e-08
0.28 1.4382 0 321.437 3.26412e-08
0.28 1.4382 0 322.44 3.2427e-08
0.28 1.4382 0 323.442 3.22146e-08
0.28 1.4382 0 324.445 3.2004e-08
0.28 1.4382 0 325.447 3.17951e-08
0.28 1.4382 0 326.449 3.1588e-08
0.28 1.4382 0 327.452 3.13825e-08
0.28 1.4382 0 328.454 3.11788e-08
0.28 1.4382 0 329.457 3.09768e-08
0.28 1.4382 0 330.459 3.07764e-08
0.28 1.4382 0 331.462 3.05776e-08
0.28 1.4382 0 332.464 3.03805e-08
0.28 1.4382 0 333.467 3.0185e-08
0.28 1.4382 0 334.469 2.99911e-08
0.28 1.4382 0 335.472 2.97987e-08
0.28 1.4382 0 336.474 2.96079e-08
0.28 1.4382 0 337.477 2.94186e-08
0.28 1.4382 0 338.479 2.92309e-08
0.28 1.4382 0 339.482 2.90447e-08
0.28 1.4382 0 340.484 2.88599e-08
0.28 1.4382 0 341.487 2.86767e-08
0.28 1.4382 0 342.489 2.84949e-08
0.28 1.4382 0 343.491 2.83145e-08
0.28 1.4382 0 344.494 2.81356e-08
0.28 1.4382 0 345.496 2.79581e-08
0.28 1.4382 0 346.499 2.77819e-08
0.28 1.4382 0 347.501 2.76072e-08
0.28 1.4382 0 348.504 2.74339e-08
0.28 1.4382 0 349.506 2.72619e-08
0.28 1.4382 0 350.509 2.70912e-08
0.28 1.4382 0 351.511 2.69219e-08
0.28 1.4382 0 352.514 2.67539e-08
0.28 1.4382 0 353.516 2.65872e-08
0.28 1.4382 0 354.519 2.64218e-08
0.28 1.4382 0 355.521 2.62577e-08
0.28 1.4382 0 356.524 2.60948e-08
0.28 1.4382 0 357.526 2.59332e-08
0.28 1.4382 0 358.528 2.57729e-08
0.28 1.4382 0 359.531 2.56138e-08
0.28 1.4382 0 360.533 2.54558e-08
0.28 1.4382 0 361.536 2.52991e-08
0.28 1.4382 0 362.538 2.51436e-08
0.28 1.4382 0 363.541 2.49893e-08
0.28 1.4382 0 364.543 2.48361e-08
0.28 1.4382 0 365.546 2.46841e-08
0.28 1.4382 0 366.548 2.45333e-08
0.28 1.4382 0 367.551 2.43836e-08
0.28 1.4382 0 368.553 2.4235e-08
0.28 1.4382 0 369.556 2.40875e-08
0.28 1.4382 0 370.558 2.39412e-08
0.28 1.4382 0 371.561 2.37959e-08
0.28 1.4382 0 372.563 2.36517e-08
0.28 1.4382 0 373.566 2.35086e-08
0.28 1.4382 0 374.568 2.33666e-08
0.28 1.4382 0 375.57 2.32256e-08
0.28 1.4382 0 376.573 2.30857e-08
0.28 1.4382 0 377.575 2.29468e-08
0.28 1.4382 0 378.578 2.28089e-08
0.28 1.4382 0 379.58 2.2672e-08
0.28 1.4382 0 380.583 2.25362e-08
0.28 1.4382 0 381.585 2.24013e-08
0.28 1.4382 0 382.588 2.22675e-08
0.28 1.4382 0 383.59 2.21346e-08
0.28 1.4382 0 384.593 2.20026e-08
0.28 1.4382 0 385.595 2.18717e-08
0.28 1.4382 0 386.598 2.17417e-08
0.28 1.4382 0 387.6 2.16126e-08
0.28 1.4382 0 388.603 2.14845e-08
0.28 1.4382 0 389.605 2.13573e-08
0.28 1.4382 0 390.607 2.1231e-08
0.28 1.4382 0 391.61 2.11057e-08
0.28 1.4382 0 392.612 2.09812e-08
0.28 1.4382 0 393.615 2.08576e-08
0.28 1.4382 0 394.617 2.0735e-08
0.28 1.4382 0 395.62 2.06132e-08
0.28 1.4382 0 396.622 2.04922e-08
0.28 1.4382 0 397.625 2.03721e-08
0.28 1.4382 0 398.627 2.02529e-08
0.28 1.4382 0 399.63 2.01346e-08
0.28 1.4382 0 400.632 2.0017e-08
0.28 1.4382 0 401.635 1.99004e-08
0.28 1.4382 0 402.637 1.97845e-08
0.28 1.4382 0 403.64 1.96694e-08
0.28 1.4382 0 404.642 1.95552e-08
0.28 1.4382 0 405.645 1.94418e-08
0.28 1.4382 0 406.647 1.93291e-08
0.28 1.4382 0 407.649 1.92173e-08
0.28 1.4382 0 408.652 1.91062e-08
0.28 1.4382 0 409.654 1.8996e-08
0.28 1.4382 0 410.657 1.88865e-08
0.28 1.4382 0 411.659 1.87777e-08
0.28 1.4382 0 412.662 1.86697e-08
0.28 1.4382 0 413.664 1.85625e-08
0.28 1.4382 0 414.667 1.8456e-08
0.28 1.4382 0 415.669 1.83502e-08
0.28 1.4382 0 416.672 1.82452e-08
0.28 1.4382 0 417.674 1.81409e-08
0.28 1.4382 0 418.677 1.80373e-08
0.28 1.4382 0 419.679 1.79345e-08
0.28 1.4382 0 420.682 1.78323e-08
0.28 1.4382 0 421.684 1.77308e-08
0.28 1.4382 0 422.686 1.76301e-08
0.28 1.4382 0 423.689 1.753e-08
0.28 1.4382 0 424.691 1.74306e-08
0.28 1.4382 0 425.694 1.73319e-08
0.28 1.4382 0 426.696 1.72339e-08
0.28 1.4382 0 427.699 1.71365e-08
0.28 1.4382 0 428.701 1.70398e-08
0.28 1.4382 0 429.704 1.69437e-08
0.28 1.4382 0 430.706 1.68483e-08
0.28 1.4382 0 431.709 1.67536e-08
0.28 1.4382 0 432.711 1.66595e-08
0.28 1.4382 0 433.714 1.6566e-08
0.28 1.4382 0 434.716 1.64731e-08
0.28 1.4382 0 435.719 1.63809e-08
0.28 1.4382 0 436.721 1.62893e-08
0.28 1.4382 0 437.724 1.61983e-08
0.28 1.4382 0 438.726 1.61079e-08
0.28 1.4382 0 439.728 1.60181e-08
0.28 1.4382 0 440.731 1.59289e-08
0.28 1.4382 0 441.733 1.58403e-08
0.28 1.4382 0 442.736 1.57523e-08
0.28 1.4382 0 443.738 1.56649e-08
0.28 1.4382 0 444.741 1.55781e-08
0.28 1.4382 0 445.743 1.54918e-08
0.28 1.4382 0 446.746 1.54061e-08
0.28 1.4382 0 447.748 1.5321e-08
0.28 1.4382 0 448.751 1.52364e-08
0.28 1.4382 0 449.753 1.51524e-08
0.28 1.4382 0 450.756 1.5069e-08
0.28 1.4382 0 451.758 1.49861e-08
0.28 1.4382 0 452.761 1.49037e-08
0.28 1.4382 0 453.763 1.48219e-08
0.28 1.4382 0 454.765 1.47406e-08
0.28 1.4382 0 455.768 1.46598e-08
0.28 1.4382 0 456.77 1.45796e-08
0.28 1.4382 0 457.773 1.44999e-08
0.28 1.4382 0 458.775 1.44207e-08
0.28 1.4382 0 459.778 1.4342e-08
0.28 1.4382 0 460.78 1.42639e-08
0.28 1.4382 0 461.783 1.41862e-08
0.28 1.4382 0 462.785 1.41091e-08
0.28 1.4382 0 463.788 1.40324e-08
0.28 1.4382 0 464.79 1.39562e-08
0.28 1.4382 0 465.793 1.38806e-08
0.28 1.4382 0 466.795 1.38054e-08
0.28 1.4382 0 467.798 1.37307e-08
0.28 1.4382 0 468.8 1.36565e-08
0.28 1.4382 0 469.803 1.35827e-08
0.28 1.4382 0 470.805 1.35094e-08
0.28 1.4382 0 471.807 1.34366e-08
0.28 1.4382 0 472.81 1.33643e-08
0.28 1.4382 0 473.812 1.32924e-08
0.28 1.4382 0 474.815 1.3221e-08
0.28 1.4382 0 475.817 1.315e-08
0.28 1.4382 0 476.82 1.30795e-08
0.28 1.4382 0 477.822 1.30094e-08
0.28 1.4382 0 478.825 1.29398e-08
0.28 1.4382 0 479.827 1.28706e-08
0.28 1.4382 0 480.83 1.28019e-08
0.28 1.4382 0 481.832 1.27336e-08
0.28 1.4382 0 482.835 1.26657e-08
0.28 1.4382 0 483.837 1.25982e-08
0.28 1.4382 0 484.84 1.25312e-08
0.28 1.4382 0 485.842 1.24646e-08
0.28 1.4382 0 486.844 1.23984e-08
0.28 1.4382 0 487.847 1.23326e-08
0.28 1.4382 0 488.849 1.22672e-08
0.28 1.4382 0 489.852 1.22023e-08
0.28 1.4382 0 490.854 1.21377e-08
0.28 1.4382 0 491.857 1.20736e-08
0.28 1.4382 0 492.859 1.20098e-08
0.28 1.4382 0 493.862 1.19465e-08
0.28 1.4382 0 494.864 1.18835e-08
0.28 1.4382 0 495.867 1.18209e-08
0.28 1.4382 0 496.869 1.17587e-08
0.28 1.4382 0 497.872 1.16969e-08
0.28 1.4382 0 498.874 1.16355e-08
0.28 1.4382 0 499.877 1.15745e-08
0.28 1.4382 0 500.879 1.15138e-08
0.28 1.4382 0 501.882 1.14535e-08
0.28 1.4382 0 502.884 1.13936e-08
0.28 1.4382 0 503.886 1.1334e-08
0.28 1.4382 0 504.889 1.12749e-08
0.28 1.4382 0 505.891 1.1216e-08
0.28 1.4382 0 506.894 1.11576e-08
0.28 1.4382 0 507.896 1.10995e-08
0.28 1.4382 0 508.899 1.10417e-08
0.28 1.4382 0 509.901 1.09843e-08
0.28 1.4382 0 510.904 1.09273e-08
0.28 1.4382 0 511.906 1.08705e-08
0.28 1.4382 0 512.909 1.08142e-08
0.28 1.4382 0 513.911 1.07582e-08
0.28 1.4382 0 514.914 1.07025e-08
0.28 1.4382 0 515.916 1.06472e-08
0.28 1.4382 0 516.919 1.05921e-08
0.28 1.4382 0 517.921 1.05375e-08
0.28 1.4382 0 518.923 1.04831e-08
0.28 1.4382 0 519.926 1.04291e-08
0.28 1.4382 0 520.928 1.03754e-08
0.28 1.4382 0 521.931 1.0322e-08
0.28 1.4382 0 522.933 1.0269e-08
0.28 1.4382 0 523.936 1.02163e-08
0.28 1.4382 0 524.938 1.01638e-08
0.28 1.4382 0 525.941 1.01117e-08
0.28 1.4382 0 526.943 1.006e-08
0.28 1.4382 0 527.946 1.00085e-08
0.28 1.4382 0 528.948 9.9573e-09
0.28 1.4382 0 529.951 9.90643e-09
0.28 1.4382 0 530.953 9.85586e-09
0.28 1.4382 0 531.956 9.80559e-09
0.28 1.4382 0 532.958 9.75563e-09
0.28 1.4382 0 533.961 9.70595e-09
0.28 1.4382 0 534.963 9.65658e-09
0.28 1.4382 0 535.965 9.60749e-09
0.28 1.4382 0 536.968 9.5587e-09
0.28 1.4382 0 537.97 9.51019e-09
0.28 1.4382 0 538.973 9.46197e-09
0.28 1.4382 0 539.975 9.41403e-09
0.28 1.4382 0 540.978 9.36637e-09
0.28 1.4382 0 541.98 9.319e-09
0.28 1.4382 0 542.983 9.2719e-09
0.28 1.4382 0 543.985 9.22508e-09
0.28 1.4382 0 544.988 9.17854e-09
0.28 1.4382 0 545.99 9.13226e-09
0.28 1.4382 0 546.993 9.08626e-09
0.28 1.4382 0 547.995 9.04052e-09
0.28 1.4382 0 548.998 8.99506e-09
0.28 1.4382 0 550 8.94985e-09
