1.67 1.4382 0 150.015 2.43617e-06
1.67 1.4382 0 151.017 4.3582e-06
1.67 1.4382 0 152.02 4.41313e-06
1.67 1.4382 0 153.022 4.23725e-06
1.67 1.4382 0 154.025 4.05977e-06
1.67 1.4382 0 155.027 3.89312e-06
1.67 1.4382 0 156.03 3.73624e-06
1.67 1.4382 0 157.032 3.58793e-06
1.67 1.4382 0 158.035 3.44729e-06
1.67 1.4382 0 159.037 3.31366e-06
1.67 1.4382 0 160.04 3.1865e-06
1.67 1.4382 0 161.042 3.06537e-06
1.67 1.4382 0 162.045 2.94989e-06
1.67 1.4382 0 163.047 2.83969e-06
1.67 1.4382 0 164.05 2.73449e-06
1.67 1.4382 0 165.052 2.63401e-06
1.67 1.4382 0 166.054 2.53798e-06
1.67 1.4382 0 167.057 2.44617e-06
1.67 1.4382 0 168.059 2.35837e-06
1.67 1.4382 0 169.062 2.27436e-06
1.67 1.4382 0 170.064 2.19397e-06
1.67 1.4382 0 171.067 2.117e-06
1.67 1.4382 0 172.069 2.04329e-06
1.67 1.4382 0 173.072 1.97268e-06
1.67 1.4382 0 174.074 1.90503e-06
1.67 1.4382 0 175.077 1.84018e-06
1.67 1.4382 0 176.079 1.77802e-06
1.67 1.4382 0 177.082 1.7184e-06
1.67 1.4382 0 178.084 1.66122e-06
1.67 1.4382 0 179.087 1.60635e-06
1.67 1.4382 0 180.089 1.55369e-06
1.67 1.4382 0 181.092 1.50315e-06
1.67 1.4382 0 182.094 1.45461e-06
1.67 1.4382 0 183.096 1.408e-06
1.67 1.4382 0 184.099 1.36322e-06
1.67 1.4382 0 185.101 1.32019e-06
1.67 1.4382 0 186.104 1.27883e-06
1.67 1.4382 0 187.106 1.23906e-06
1.67 1.4382 0 188.109 1.20082e-06
1.67 1.4382 0 189.111 1.16404e-06
1.67 1.4382 0 190.114 1.12866e-06
1.67 1.4382 0 191.116 1.0946e-06
1.67 1.4382 0 192.119 1.06182e-06
1.67 1.4382 0 193.121 1.03025e-06
1.67 1.4382 0 194.124 9.9985e-07
1.67 1.4382 0 195.126 9.70564e-07
1.67 1.4382 0 196.129 9.42344e-07
1.67 1.4382 0 197.131 9.15145e-07
1.67 1.4382 0 198.133 8.88924e-07
1.67 1.4382 0 199.136 8.63638e-07
1.67 1.4382 0 200.138 8.39248e-07
1.67 1.4382 0 201.141 8.15717e-07
1.67 1.4382 0 202.143 7.93008e-07
1.67 1.4382 0 203.146 7.71087e-07
1.67 1.4382 0 204.148 7.49922e-07
1.67 1.4382 0 205.151 7.29481e-07
1.67 1.4382 0 206.153 7.09735e-07
1.67 1.4382 0 207.156 6.90655e-07
1.67 1.4382 0 208.158 6.72214e-07
1.67 1.4382 0 209.161 6.54387e-07
1.67 1.4382 0 210.163 6.37148e-07
1.67 1.4382 0 211.166 6.20473e-07
1.67 1.4382 0 212.168 6.04342e-07
1.67 1.4382 0 213.171 5.88731e-07
1.67 1.4382 0 214.173 5.73622e-07
1.67 1.4382 0 215.175 5.58993e-07
1.67 1.4382 0 216.178 5.44826e-07
1.67 1.4382 0 217.18 5.31103e-07
1.67 1.4382 0 218.183 5.17808e-07
1.67 1.4382 0 219.185 5.04924e-07
1.67 1.4382 0 220.188 4.92435e-07
1.67 1.4382 0 221.19 4.80326e-07
1.67 1.4382 0 222.193 4.68584e-07
1.67 1.4382 0 223.195 4.57193e-07
1.67 1.4382 0 224.198 4.46142e-07
1.67 1.4382 0 225.2 4.35418e-07
1.67 1.4382 0 226.203 4.25009e-07
1.67 1.4382 0 227.205 4.14903e-07
1.67 1.4382 0 228.208 4.05089e-07
1.67 1.4382 0 229.21 3.95558e-07
1.67 1.4382 0 230.212 3.86298e-07
1.67 1.4382 0 231.215 3.773e-07
1.67 1.4382 0 232.217 3.68556e-07
1.67 1.4382 0 233.22 3.60055e-07
1.67 1.4382 0 234.222 3.5179e-07
1.67 1.4382 0 235.225 3.43752e-07
1.67 1.4382 0 236.227 3.35935e-07
1.67 1.4382 0 237.23 3.28329e-07
1.67 1.4382 0 238.232 3.20929e-07
1.67 1.4382 0 239.235 3.13726e-07
1.67 1.4382 0 240.237 3.06716e-07
1.67 1.4382 0 241.24 2.9989e-07
1.67 1.4382 0 242.242 2.93244e-07
1.67 1.4382 0 243.245 2.86771e-07
1.67 1.4382 0 244.247 2.80466e-07
1.67 1.4382 0 245.25 2.74323e-07
1.67 1.4382 0 246.252 2.68337e-07
1.67 1.4382 0 247.254 2.62503e-07
1.67 1.4382 0 248.257 2.56817e-07
1.67 1.4382 0 249.259 2.51274e-07
1.67 1.4382 0 250.262 2.45868e-07
1.67 1.4382 0 251.264 2.40597e-07
1.67 1.4382 0 252.267 2.35456e-07
1.67 1.4382 0 253.269 2.30441e-07
1.67 1.4382 0 254.272 2.25549e-07
1.67 1.4382 0 255.274 2.20775e-07
1.67 1.4382 0 256.277 2.16116e-07
1.67 1.4382 0 257.279 2.11569e-07
1.67 1.4382 0 258.282 2.0713e-07
1.67 1.4382 0 259.284 2.02796e-07
1.67 1.4382 0 260.287 1.98565e-07
1.67 1.4382 0 261.289 1.94433e-07
1.67 1.4382 0 262.291 1.90398e-07
1.67 1.4382 0 263.294 1.86457e-07
1.67 1.4382 0 264.296 1.82606e-07
1.67 1.4382 0 265.299 1.78845e-07
1.67 1.4382 0 266.301 1.75169e-07
1.67 1.4382 0 267.304 1.71577e-07
1.67 1.4382 0 268.306 1.68067e-07
1.67 1.4382 0 269.309 1.64636e-07
1.67 1.4382 0 270.311 1.61283e-07
1.67 1.4382 0 271.314 1.58004e-07
1.67 1.4382 0 272.316 1.54799e-07
1.67 1.4382 0 273.319 1.51665e-07
1.67 1.4382 0 274.321 1.486e-07
1.67 1.4382 0 275.324 1.45603e-07
1.67 1.4382 0 276.326 1.42672e-07
1.67 1.4382 0 277.329 1.39804e-07
1.67 1.4382 0 278.331 1.37e-07
1.67 1.4382 0 279.333 1.34256e-07
1.67 1.4382 0 280.336 1.31571e-07
1.67 1.4382 0 281.338 1.28945e-07
1.67 1.4382 0 282.341 1.26375e-07
1.67 1.4382 0 283.343 1.23859e-07
1.67 1.4382 0 284.346 1.21398e-07
1.67 1.4382 0 285.348 1.18989e-07
1.67 1.4382 0 286.351 1.16631e-07
1.67 1.4382 0 287.353 1.14323e-07
1.67 1.4382 0 288.356 1.12064e-07
1.67 1.4382 0 289.358 1.09852e-07
1.67 1.4382 0 290.361 1.07686e-07
1.67 1.4382 0 291.363 1.05566e-07
1.67 1.4382 0 292.366 1.0349e-07
1.67 1.4382 0 293.368 1.01457e-07
1.67 1.4382 0 294.37 9.94664e-08
1.67 1.4382 0 295.373 9.75168e-08
1.67 1.4382 0 296.375 9.56076e-08
1.67 1.4382 0 297.378 9.37376e-08
1.67 1.4382 0 298.38 9.1906e-08
1.67 1.4382 0 299.383 9.0112e-08
1.67 1.4382 0 300.385 8.83547e-08
1.67 1.4382 0 301.388 8.66332e-08
1.67 1.4382 0 302.39 8.49468e-08
1.67 1.4382 0 303.393 8.32947e-08
1.67 1.4382 0 304.395 8.1676e-08
1.67 1.4382 0 305.398 8.00901e-08
1.67 1.4382 0 306.4 7.85363e-08
1.67 1.4382 0 307.403 7.70138e-08
1.67 1.4382 0 308.405 7.55219e-08
1.67 1.4382 0 309.408 7.406e-08
1.67 1.4382 0 310.41 7.26275e-08
1.67 1.4382 0 311.412 7.12236e-08
1.67 1.4382 0 312.415 6.98478e-08
1.67 1.4382 0 313.417 6.84994e-08
1.67 1.4382 0 314.42 6.71779e-08
1.67 1.4382 0 315.422 6.58828e-08
1.67 1.4382 0 316.425 6.46133e-08
1.67 1.4382 0 317.427 6.33691e-08
1.67 1.4382 0 318.43 6.21495e-08
1.67 1.4382 0 319.432 6.0954e-08
1.67 1.4382 0 320.435 5.97822e-08
1.67 1.4382 0 321.437 5.86335e-08
1.67 1.4382 0 322.44 5.75074e-08
1.67 1.4382 0 323.442 5.64035e-08
1.67 1.4382 0 324.445 5.53214e-08
1.67 1.4382 0 325.447 5.42604e-08
1.67 1.4382 0 326.449 5.32203e-08
1.67 1.4382 0 327.452 5.22006e-08
1.67 1.4382 0 328.454 5.12009e-08
1.67 1.4382 0 329.457 5.02207e-08
1.67 1.4382 0 330.459 4.92597e-08
1.67 1.4382 0 331.462 4.83174e-08
1.67 1.4382 0 332.464 4.73935e-08
1.67 1.4382 0 333.467 4.64876e-08
1.67 1.4382 0 334.469 4.55994e-08
1.67 1.4382 0 335.472 4.47284e-08
1.67 1.4382 0 336.474 4.38744e-08
1.67 1.4382 0 337.477 4.30369e-08
1.67 1.4382 0 338.479 4.22157e-08
1.67 1.4382 0 339.482 4.14105e-08
1.67 1.4382 0 340.484 4.06208e-08
1.67 1.4382 0 341.487 3.98464e-08
1.67 1.4382 0 342.489 3.9087e-08
1.67 1.4382 0 343.491 3.83423e-08
1.67 1.4382 0 344.494 3.7612e-08
1.67 1.4382 0 345.496 3.68957e-08
1.67 1.4382 0 346.499 3.61934e-08
1.67 1.4382 0 347.501 3.55045e-08
1.67 1.4382 0 348.504 3.48289e-08
1.67 1.4382 0 349.506 3.41664e-08
1.67 1.4382 0 350.509 3.35166e-08
1.67 1.4382 0 351.511 3.28793e-08
1.67 1.4382 0 352.514 3.22542e-08
1.67 1.4382 0 353.516 3.16412e-08
1.67 1.4382 0 354.519 3.104e-08
1.67 1.4382 0 355.521 3.04503e-08
1.67 1.4382 0 356.524 2.98719e-08
1.67 1.4382 0 357.526 2.93046e-08
1.67 1.4382 0 358.528 2.87482e-08
1.67 1.4382 0 359.531 2.82024e-08
1.67 1.4382 0 360.533 2.76672e-08
1.67 1.4382 0 361.536 2.71421e-08
1.67 1.4382 0 362.538 2.66272e-08
1.67 1.4382 0 363.541 2.6122e-08
1.67 1.4382 0 364.543 2.56266e-08
1.67 1.4382 0 365.546 2.51406e-08
1.67 1.4382 0 366.548 2.46639e-08
1.67 1.4382 0 367.551 2.41963e-08
1.67 1.4382 0 368.553 2.37377e-08
1.67 1.4382 0 369.556 2.32878e-08
1.67 1.4382 0 370.558 2.28465e-08
1.67 1.4382 0 371.561 2.24136e-08
1.67 1.4382 0 372.563 2.1989e-08
1.67 1.4382 0 373.566 2.15725e-08
1.67 1.4382 0 374.568 2.11639e-08
1.67 1.4382 0 375.57 2.07631e-08
1.67 1.4382 0 376.573 2.037e-08
1.67 1.4382 0 377.575 1.99843e-08
1.67 1.4382 0 378.578 1.9606e-08
1.67 1.4382 0 379.58 1.92349e-08
1.67 1.4382 0 380.583 1.88708e-08
1.67 1.4382 0 381.585 1.85137e-08
1.67 1.4382 0 382.588 1.81634e-08
1.67 1.4382 0 383.59 1.78198e-08
1.67 1.4382 0 384.593 1.74827e-08
1.67 1.4382 0 385.595 1.7152e-08
1.67 1.4382 0 386.598 1.68276e-08
1.67 1.4382 0 387.6 1.65093e-08
1.67 1.4382 0 388.603 1.61971e-08
1.67 1.4382 0 389.605 1.58909e-08
1.67 1.4382 0 390.607 1.55904e-08
1.67 1.4382 0 391.61 1.52957e-08
1.67 1.4382 0 392.612 1.50065e-08
1.67 1.4382 0 393.615 1.47229e-08
1.67 1.4382 0 394.617 1.44446e-08
1.67 1.4382 0 395.62 1.41717e-08
1.67 1.4382 0 396.622 1.39039e-08
1.67 1.4382 0 397.625 1.36412e-08
1.67 1.4382 0 398.627 1.33834e-08
1.67 1.4382 0 399.63 1.31306e-08
1.67 1.4382 0 400.632 1.28826e-08
1.67 1.4382 0 401.635 1.26392e-08
1.67 1.4382 0 402.637 1.24005e-08
1.67 1.4382 0 403.64 1.21663e-08
1.67 1.4382 0 404.642 1.19366e-08
1.67 1.4382 0 405.645 1.17112e-08
1.67 1.4382 0 406.647 1.149e-08
1.67 1.4382 0 407.649 1.12731e-08
1.67 1.4382 0 408.652 1.10603e-08
1.67 1.4382 0 409.654 1.08515e-08
1.67 1.4382 0 410.657 1.06466e-08
1.67 1.4382 0 411.659 1.04457e-08
1.67 1.4382 0 412.662 1.02485e-08
1.67 1.4382 0 413.664 1.00551e-08
1.67 1.4382 0 414.667 9.86538e-09
1.67 1.4382 0 415.669 9.67923e-09
1.67 1.4382 0 416.672 9.4966e-09
1.67 1.4382 0 417.674 9.31742e-09
1.67 1.4382 0 418.677 9.14164e-09
1.67 1.4382 0 419.679 8.96918e-09
1.67 1.4382 0 420.682 8.79999e-09
1.67 1.4382 0 421.684 8.634e-09
1.67 1.4382 0 422.686 8.47116e-09
1.67 1.4382 0 423.689 8.31139e-09
1.67 1.4382 0 424.691 8.15465e-09
1.67 1.4382 0 425.694 8.00087e-09
1.67 1.4382 0 426.696 7.85e-09
1.67 1.4382 0 427.699 7.70199e-09
1.67 1.4382 0 428.701 7.55677e-09
1.67 1.4382 0 429.704 7.4143e-09
1.67 1.4382 0 430.706 7.27453e-09
1.67 1.4382 0 431.709 7.1374e-09
1.67 1.4382 0 432.711 7.00286e-09
1.67 1.4382 0 433.714 6.87087e-09
1.67 1.4382 0 434.716 6.74137e-09
1.67 1.4382 0 435.719 6.61432e-09
1.67 1.4382 0 436.721 6.48967e-09
1.67 1.4382 0 437.724 6.36738e-09
1.67 1.4382 0 438.726 6.2474e-09
1.67 1.4382 0 439.728 6.12968e-09
1.67 1.4382 0 440.731 6.01419e-09
1.67 1.4382 0 441.733 5.90089e-09
1.67 1.4382 0 442.736 5.78972e-09
1.67 1.4382 0 443.738 5.68066e-09
1.67 1.4382 0 444.741 5.57365e-09
1.67 1.4382 0 445.743 5.46867e-09
1.67 1.4382 0 446.746 5.36567e-09
1.67 1.4382 0 447.748 5.26462e-09
1.67 1.4382 0 448.751 5.16547e-09
1.67 1.4382 0 449.753 5.0682e-09
1.67 1.4382 0 450.756 4.97276e-09
1.67 1.4382 0 451.758 4.87913e-09
1.67 1.4382 0 452.761 4.78726e-09
1.67 1.4382 0 453.763 4.69713e-09
1.67 1.4382 0 454.765 4.60871e-09
1.67 1.4382 0 455.768 4.52195e-09
1.67 1.4382 0 456.77 4.43683e-09
1.67 1.4382 0 457.773 4.35331e-09
1.67 1.4382 0 458.775 4.27137e-09
1.67 1.4382 0 459.778 4.19098e-09
1.67 1.4382 0 460.78 4.11211e-09
1.67 1.4382 0 461.783 4.03473e-09
1.67 1.4382 0 462.785 3.9588e-09
1.67 1.4382 0 463.788 3.88431e-09
1.67 1.4382 0 464.79 3.81122e-09
1.67 1.4382 0 465.793 3.73952e-09
1.67 1.4382 0 466.795 3.66916e-09
1.67 1.4382 0 467.798 3.60014e-09
1.67 1.4382 0 468.8 3.53242e-09
1.67 1.4382 0 469.803 3.46597e-09
1.67 1.4382 0 470.805 3.40078e-09
1.67 1.4382 0 471.807 3.33681e-09
1.67 1.4382 0 472.81 3.27406e-09
1.67 1.4382 0 473.812 3.21249e-09
1.67 1.4382 0 474.815 3.15207e-09
1.67 1.4382 0 475.817 3.0928e-09
1.67 1.4382 0 476.82 3.03465e-09
1.67 1.4382 0 477.822 2.97759e-09
1.67 1.4382 0 478.825 2.92161e-09
1.67 1.4382 0 479.827 2.86668e-09
1.67 1.4382 0 480.83 2.81279e-09
1.67 1.4382 0 481.832 2.75992e-09
1.67 1.4382 0 482.835 2.70804e-09
1.67 1.4382 0 483.837 2.65714e-09
1.67 1.4382 0 484.84 2.6072e-09
1.67 1.4382 0 485.842 2.5582e-09
1.67 1.4382 0 486.844 2.51013e-09
1.67 1.4382 0 487.847 2.46296e-09
1.67 1.4382 0 488.849 2.41668e-09
1.67 1.4382 0 489.852 2.37127e-09
1.67 1.4382 0 490.854 2.32672e-09
1.67 1.4382 0 491.857 2.28301e-09
1.67 1.4382 0 492.859 2.24012e-09
1.67 1.4382 0 493.862 2.19804e-09
1.67 1.4382 0 494.864 2.15675e-09
1.67 1.4382 0 495.867 2.11624e-09
1.67 1.4382 0 496.869 2.07649e-09
1.67 1.4382 0 497.872 2.0375e-09
1.67 1.4382 0 498.874 1.99923e-09
1.67 1.4382 0 499.877 1.96169e-09
1.67 1.4382 0 500.879 1.92485e-09
1.67 1.4382 0 501.882 1.88871e-09
1.67 1.4382 0 502.884 1.85325e-09
1.67 1.4382 0 503.886 1.81846e-09
1.67 1.4382 0 504.889 1.78432e-09
1.67 1.4382 0 505.891 1.75082e-09
1.67 1.4382 0 506.894 1.71796e-09
1.67 1.4382 0 507.896 1.68571e-09
1.67 1.4382 0 508.899 1.65408e-09
1.67 1.4382 0 509.901 1.62303e-09
1.67 1.4382 0 510.904 1.59257e-09
1.67 1.4382 0 511.906 1.56269e-09
1.67 1.4382 0 512.909 1.53336e-09
1.67 1.4382 0 513.911 1.50459e-09
1.67 1.4382 0 514.914 1.47636e-09
1.67 1.4382 0 515.916 1.44867e-09
1.67 1.4382 0 516.919 1.42149e-09
1.67 1.4382 0 517.921 1.39482e-09
1.67 1.4382 0 518.923 1.36866e-09
1.67 1.4382 0 519.926 1.34299e-09
1.67 1.4382 0 520.928 1.3178e-09
1.67 1.4382 0 521.931 1.29308e-09
1.67 1.4382 0 522.933 1.26883e-09
1.67 1.4382 0 523.936 1.24504e-09
1.67 1.4382 0 524.938 1.22169e-09
1.67 1.4382 0 525.941 1.19879e-09
1.67 1.4382 0 526.943 1.17631e-09
1.67 1.4382 0 527.946 1.15426e-09
1.67 1.4382 0 528.948 1.13262e-09
1.67 1.4382 0 529.951 1.11139e-09
1.67 1.4382 0 530.953 1.09056e-09
1.67 1.4382 0 531.956 1.07012e-09
1.67 1.4382 0 532.958 1.05006e-09
1.67 1.4382 0 533.961 1.03038e-09
1.67 1.4382 0 534.963 1.01107e-09
1.67 1.4382 0 535.965 9.92124e-10
1.67 1.4382 0 536.968 9.73534e-10
1.67 1.4382 0 537.97 9.55293e-10
1.67 1.4382 0 538.973 9.37395e-10
1.67 1.4382 0 539.975 9.19833e-10
1.67 1.4382 0 540.978 9.02602e-10
1.67 1.4382 0 541.98 8.85694e-10
1.67 1.4382 0 542.983 8.69104e-10
1.67 1.4382 0 543.985 8.52826e-10
1.67 1.4382 0 544.988 8.36854e-10
1.67 1.4382 0 545.99 8.21181e-10
1.67 1.4382 0 546.993 8.05803e-10
1.67 1.4382 0 547.995 7.90714e-10
1.67 1.4382 0 548.998 7.75909e-10
1.67 1.4382 0 550 7.61382e-10
