2.05 1.4382 0 150.015 6.66523e-06
2.05 1.4382 0 151.017 1.15381e-05
2.05 1.4382 0 152.02 1.20683e-05
2.05 1.4382 0 153.022 1.16242e-05
2.05 1.4382 0 154.025 1.10961e-05
2.05 1.4382 0 155.027 1.05872e-05
2.05 1.4382 0 156.03 1.01057e-05
2.05 1.4382 0 157.032 9.65009e-06
2.05 1.4382 0 158.035 9.2184e-06
2.05 1.4382 0 159.037 8.80894e-06
2.05 1.4382 0 160.04 8.42024e-06
2.05 1.4382 0 161.042 8.051e-06
2.05 1.4382 0 162.045 7.70005e-06
2.05 1.4382 0 163.047 7.36633e-06
2.05 1.4382 0 164.05 7.04885e-06
2.05 1.4382 0 165.052 6.7467e-06
2.05 1.4382 0 166.054 6.45906e-06
2.05 1.4382 0 167.057 6.18512e-06
2.05 1.4382 0 168.059 5.92416e-06
2.05 1.4382 0 169.062 5.67548e-06
2.05 1.4382 0 170.064 5.43845e-06
2.05 1.4382 0 171.067 5.21245e-06
2.05 1.4382 0 172.069 4.99693e-06
2.05 1.4382 0 173.072 4.79133e-06
2.05 1.4382 0 174.074 4.59515e-06
2.05 1.4382 0 175.077 4.40792e-06
2.05 1.4382 0 176.079 4.22918e-06
2.05 1.4382 0 177.082 4.05851e-06
2.05 1.4382 0 178.084 3.89551e-06
2.05 1.4382 0 179.087 3.7398e-06
2.05 1.4382 0 180.089 3.59101e-06
2.05 1.4382 0 181.092 3.44882e-06
2.05 1.4382 0 182.094 3.31289e-06
2.05 1.4382 0 183.096 3.18292e-06
2.05 1.4382 0 184.099 3.05863e-06
2.05 1.4382 0 185.101 2.93974e-06
2.05 1.4382 0 186.104 2.826e-06
2.05 1.4382 0 187.106 2.71715e-06
2.05 1.4382 0 188.109 2.61297e-06
2.05 1.4382 0 189.111 2.51323e-06
2.05 1.4382 0 190.114 2.41773e-06
2.05 1.4382 0 191.116 2.32627e-06
2.05 1.4382 0 192.119 2.23866e-06
2.05 1.4382 0 193.121 2.15472e-06
2.05 1.4382 0 194.124 2.07428e-06
2.05 1.4382 0 195.126 1.99718e-06
2.05 1.4382 0 196.129 1.92327e-06
2.05 1.4382 0 197.131 1.85241e-06
2.05 1.4382 0 198.133 1.78444e-06
2.05 1.4382 0 199.136 1.71925e-06
2.05 1.4382 0 200.138 1.65671e-06
2.05 1.4382 0 201.141 1.5967e-06
2.05 1.4382 0 202.143 1.53911e-06
2.05 1.4382 0 203.146 1.48382e-06
2.05 1.4382 0 204.148 1.43074e-06
2.05 1.4382 0 205.151 1.37977e-06
2.05 1.4382 0 206.153 1.33082e-06
2.05 1.4382 0 207.156 1.2838e-06
2.05 1.4382 0 208.158 1.23863e-06
2.05 1.4382 0 209.161 1.19522e-06
2.05 1.4382 0 210.163 1.1535e-06
2.05 1.4382 0 211.166 1.11339e-06
2.05 1.4382 0 212.168 1.07483e-06
2.05 1.4382 0 213.171 1.03776e-06
2.05 1.4382 0 214.173 1.0021e-06
2.05 1.4382 0 215.175 9.67804e-07
2.05 1.4382 0 216.178 9.34808e-07
2.05 1.4382 0 217.18 9.03059e-07
2.05 1.4382 0 218.183 8.72505e-07
2.05 1.4382 0 219.185 8.43096e-07
2.05 1.4382 0 220.188 8.14786e-07
2.05 1.4382 0 221.19 7.87528e-07
2.05 1.4382 0 222.193 7.61279e-07
2.05 1.4382 0 223.195 7.35999e-07
2.05 1.4382 0 224.198 7.11647e-07
2.05 1.4382 0 225.2 6.88186e-07
2.05 1.4382 0 226.203 6.65581e-07
2.05 1.4382 0 227.205 6.43796e-07
2.05 1.4382 0 228.208 6.22799e-07
2.05 1.4382 0 229.21 6.02558e-07
2.05 1.4382 0 230.212 5.83044e-07
2.05 1.4382 0 231.215 5.64227e-07
2.05 1.4382 0 232.217 5.4608e-07
2.05 1.4382 0 233.22 5.28577e-07
2.05 1.4382 0 234.222 5.11692e-07
2.05 1.4382 0 235.225 4.95402e-07
2.05 1.4382 0 236.227 4.79683e-07
2.05 1.4382 0 237.23 4.64513e-07
2.05 1.4382 0 238.232 4.49871e-07
2.05 1.4382 0 239.235 4.35737e-07
2.05 1.4382 0 240.237 4.22092e-07
2.05 1.4382 0 241.24 4.08916e-07
2.05 1.4382 0 242.242 3.96192e-07
2.05 1.4382 0 243.245 3.83903e-07
2.05 1.4382 0 244.247 3.72032e-07
2.05 1.4382 0 245.25 3.60564e-07
2.05 1.4382 0 246.252 3.49484e-07
2.05 1.4382 0 247.254 3.38778e-07
2.05 1.4382 0 248.257 3.2843e-07
2.05 1.4382 0 249.259 3.18429e-07
2.05 1.4382 0 250.262 3.08762e-07
2.05 1.4382 0 251.264 2.99415e-07
2.05 1.4382 0 252.267 2.90379e-07
2.05 1.4382 0 253.269 2.8164e-07
2.05 1.4382 0 254.272 2.73189e-07
2.05 1.4382 0 255.274 2.65014e-07
2.05 1.4382 0 256.277 2.57107e-07
2.05 1.4382 0 257.279 2.49457e-07
2.05 1.4382 0 258.282 2.42056e-07
2.05 1.4382 0 259.284 2.34894e-07
2.05 1.4382 0 260.287 2.27963e-07
2.05 1.4382 0 261.289 2.21254e-07
2.05 1.4382 0 262.291 2.14761e-07
2.05 1.4382 0 263.294 2.08475e-07
2.05 1.4382 0 264.296 2.02388e-07
2.05 1.4382 0 265.299 1.96496e-07
2.05 1.4382 0 266.301 1.90789e-07
2.05 1.4382 0 267.304 1.85262e-07
2.05 1.4382 0 268.306 1.79909e-07
2.05 1.4382 0 269.309 1.74724e-07
2.05 1.4382 0 270.311 1.69701e-07
2.05 1.4382 0 271.314 1.64835e-07
2.05 1.4382 0 272.316 1.60119e-07
2.05 1.4382 0 273.319 1.5555e-07
2.05 1.4382 0 274.321 1.51121e-07
2.05 1.4382 0 275.324 1.46829e-07
2.05 1.4382 0 276.326 1.42669e-07
2.05 1.4382 0 277.329 1.38636e-07
2.05 1.4382 0 278.331 1.34726e-07
2.05 1.4382 0 279.333 1.30935e-07
2.05 1.4382 0 280.336 1.27259e-07
2.05 1.4382 0 281.338 1.23694e-07
2.05 1.4382 0 282.341 1.20237e-07
2.05 1.4382 0 283.343 1.16884e-07
2.05 1.4382 0 284.346 1.13632e-07
2.05 1.4382 0 285.348 1.10477e-07
2.05 1.4382 0 286.351 1.07416e-07
2.05 1.4382 0 287.353 1.04446e-07
2.05 1.4382 0 288.356 1.01565e-07
2.05 1.4382 0 289.358 9.87682e-08
2.05 1.4382 0 290.361 9.60546e-08
2.05 1.4382 0 291.363 9.34208e-08
2.05 1.4382 0 292.366 9.08645e-08
2.05 1.4382 0 293.368 8.8383e-08
2.05 1.4382 0 294.37 8.59742e-08
2.05 1.4382 0 295.373 8.36355e-08
2.05 1.4382 0 296.375 8.13649e-08
2.05 1.4382 0 297.378 7.91602e-08
2.05 1.4382 0 298.38 7.70193e-08
2.05 1.4382 0 299.383 7.49402e-08
2.05 1.4382 0 300.385 7.2921e-08
2.05 1.4382 0 301.388 7.09599e-08
2.05 1.4382 0 302.39 6.90549e-08
2.05 1.4382 0 303.393 6.72045e-08
2.05 1.4382 0 304.395 6.54069e-08
2.05 1.4382 0 305.398 6.36604e-08
2.05 1.4382 0 306.4 6.19636e-08
2.05 1.4382 0 307.403 6.03148e-08
2.05 1.4382 0 308.405 5.87127e-08
2.05 1.4382 0 309.408 5.71558e-08
2.05 1.4382 0 310.41 5.56427e-08
2.05 1.4382 0 311.412 5.41722e-08
2.05 1.4382 0 312.415 5.27428e-08
2.05 1.4382 0 313.417 5.13534e-08
2.05 1.4382 0 314.42 5.00029e-08
2.05 1.4382 0 315.422 4.86899e-08
2.05 1.4382 0 316.425 4.74134e-08
2.05 1.4382 0 317.427 4.61724e-08
2.05 1.4382 0 318.43 4.49657e-08
2.05 1.4382 0 319.432 4.37923e-08
2.05 1.4382 0 320.435 4.26513e-08
2.05 1.4382 0 321.437 4.15416e-08
2.05 1.4382 0 322.44 4.04625e-08
2.05 1.4382 0 323.442 3.94129e-08
2.05 1.4382 0 324.445 3.8392e-08
2.05 1.4382 0 325.447 3.7399e-08
2.05 1.4382 0 326.449 3.64331e-08
2.05 1.4382 0 327.452 3.54934e-08
2.05 1.4382 0 328.454 3.45793e-08
2.05 1.4382 0 329.457 3.36899e-08
2.05 1.4382 0 330.459 3.28245e-08
2.05 1.4382 0 331.462 3.19826e-08
2.05 1.4382 0 332.464 3.11633e-08
2.05 1.4382 0 333.467 3.03661e-08
2.05 1.4382 0 334.469 2.95902e-08
2.05 1.4382 0 335.472 2.88352e-08
2.05 1.4382 0 336.474 2.81004e-08
2.05 1.4382 0 337.477 2.73852e-08
2.05 1.4382 0 338.479 2.66891e-08
2.05 1.4382 0 339.482 2.60115e-08
2.05 1.4382 0 340.484 2.53519e-08
2.05 1.4382 0 341.487 2.47098e-08
2.05 1.4382 0 342.489 2.40848e-08
2.05 1.4382 0 343.491 2.34763e-08
2.05 1.4382 0 344.494 2.28838e-08
2.05 1.4382 0 345.496 2.2307e-08
2.05 1.4382 0 346.499 2.17453e-08
2.05 1.4382 0 347.501 2.11984e-08
2.05 1.4382 0 348.504 2.06659e-08
2.05 1.4382 0 349.506 2.01473e-08
2.05 1.4382 0 350.509 1.96423e-08
2.05 1.4382 0 351.511 1.91505e-08
2.05 1.4382 0 352.514 1.86715e-08
2.05 1.4382 0 353.516 1.8205e-08
2.05 1.4382 0 354.519 1.77506e-08
2.05 1.4382 0 355.521 1.73081e-08
2.05 1.4382 0 356.524 1.6877e-08
2.05 1.4382 0 357.526 1.6457e-08
2.05 1.4382 0 358.528 1.6048e-08
2.05 1.4382 0 359.531 1.56495e-08
2.05 1.4382 0 360.533 1.52612e-08
2.05 1.4382 0 361.536 1.4883e-08
2.05 1.4382 0 362.538 1.45145e-08
2.05 1.4382 0 363.541 1.41555e-08
2.05 1.4382 0 364.543 1.38057e-08
2.05 1.4382 0 365.546 1.34648e-08
2.05 1.4382 0 366.548 1.31327e-08
2.05 1.4382 0 367.551 1.28091e-08
2.05 1.4382 0 368.553 1.24937e-08
2.05 1.4382 0 369.556 1.21864e-08
2.05 1.4382 0 370.558 1.18869e-08
2.05 1.4382 0 371.561 1.1595e-08
2.05 1.4382 0 372.563 1.13105e-08
2.05 1.4382 0 373.566 1.10332e-08
2.05 1.4382 0 374.568 1.0763e-08
2.05 1.4382 0 375.57 1.04996e-08
2.05 1.4382 0 376.573 1.02429e-08
2.05 1.4382 0 377.575 9.9926e-09
2.05 1.4382 0 378.578 9.74866e-09
2.05 1.4382 0 379.58 9.51087e-09
2.05 1.4382 0 380.583 9.27906e-09
2.05 1.4382 0 381.585 9.05308e-09
2.05 1.4382 0 382.588 8.83278e-09
2.05 1.4382 0 383.59 8.618e-09
2.05 1.4382 0 384.593 8.4086e-09
2.05 1.4382 0 385.595 8.20445e-09
2.05 1.4382 0 386.598 8.0054e-09
2.05 1.4382 0 387.6 7.81132e-09
2.05 1.4382 0 388.603 7.62209e-09
2.05 1.4382 0 389.605 7.43758e-09
2.05 1.4382 0 390.607 7.25766e-09
2.05 1.4382 0 391.61 7.08221e-09
2.05 1.4382 0 392.612 6.91113e-09
2.05 1.4382 0 393.615 6.7443e-09
2.05 1.4382 0 394.617 6.58161e-09
2.05 1.4382 0 395.62 6.42294e-09
2.05 1.4382 0 396.622 6.26821e-09
2.05 1.4382 0 397.625 6.1173e-09
2.05 1.4382 0 398.627 5.97013e-09
2.05 1.4382 0 399.63 5.82659e-09
2.05 1.4382 0 400.632 5.68659e-09
2.05 1.4382 0 401.635 5.55004e-09
2.05 1.4382 0 402.637 5.41685e-09
2.05 1.4382 0 403.64 5.28695e-09
2.05 1.4382 0 404.642 5.16023e-09
2.05 1.4382 0 405.645 5.03663e-09
2.05 1.4382 0 406.647 4.91606e-09
2.05 1.4382 0 407.649 4.79845e-09
2.05 1.4382 0 408.652 4.68372e-09
2.05 1.4382 0 409.654 4.5718e-09
2.05 1.4382 0 410.657 4.46261e-09
2.05 1.4382 0 411.659 4.3561e-09
2.05 1.4382 0 412.662 4.25218e-09
2.05 1.4382 0 413.664 4.15081e-09
2.05 1.4382 0 414.667 4.0519e-09
2.05 1.4382 0 415.669 3.95541e-09
2.05 1.4382 0 416.672 3.86126e-09
2.05 1.4382 0 417.674 3.7694e-09
2.05 1.4382 0 418.677 3.67978e-09
2.05 1.4382 0 419.679 3.59234e-09
2.05 1.4382 0 420.682 3.50701e-09
2.05 1.4382 0 421.684 3.42376e-09
2.05 1.4382 0 422.686 3.34252e-09
2.05 1.4382 0 423.689 3.26326e-09
2.05 1.4382 0 424.691 3.18591e-09
2.05 1.4382 0 425.694 3.11043e-09
2.05 1.4382 0 426.696 3.03678e-09
2.05 1.4382 0 427.699 2.9649e-09
2.05 1.4382 0 428.701 2.89477e-09
2.05 1.4382 0 429.704 2.82632e-09
2.05 1.4382 0 430.706 2.75952e-09
2.05 1.4382 0 431.709 2.69433e-09
2.05 1.4382 0 432.711 2.63072e-09
2.05 1.4382 0 433.714 2.56863e-09
2.05 1.4382 0 434.716 2.50803e-09
2.05 1.4382 0 435.719 2.4489e-09
2.05 1.4382 0 436.721 2.39118e-09
2.05 1.4382 0 437.724 2.33484e-09
2.05 1.4382 0 438.726 2.27986e-09
2.05 1.4382 0 439.728 2.2262e-09
2.05 1.4382 0 440.731 2.17382e-09
2.05 1.4382 0 441.733 2.1227e-09
2.05 1.4382 0 442.736 2.0728e-09
2.05 1.4382 0 443.738 2.02409e-09
2.05 1.4382 0 444.741 1.97655e-09
2.05 1.4382 0 445.743 1.93014e-09
2.05 1.4382 0 446.746 1.88484e-09
2.05 1.4382 0 447.748 1.84062e-09
2.05 1.4382 0 448.751 1.79746e-09
2.05 1.4382 0 449.753 1.75532e-09
2.05 1.4382 0 450.756 1.71419e-09
2.05 1.4382 0 451.758 1.67404e-09
2.05 1.4382 0 452.761 1.63484e-09
2.05 1.4382 0 453.763 1.59658e-09
2.05 1.4382 0 454.765 1.55922e-09
2.05 1.4382 0 455.768 1.52275e-09
2.05 1.4382 0 456.77 1.48715e-09
2.05 1.4382 0 457.773 1.4524e-09
2.05 1.4382 0 458.775 1.41846e-09
2.05 1.4382 0 459.778 1.38534e-09
2.05 1.4382 0 460.78 1.35299e-09
2.05 1.4382 0 461.783 1.32142e-09
2.05 1.4382 0 462.785 1.29059e-09
2.05 1.4382 0 463.788 1.26049e-09
2.05 1.4382 0 464.79 1.23111e-09
2.05 1.4382 0 465.793 1.20241e-09
2.05 1.4382 0 466.795 1.1744e-09
2.05 1.4382 0 467.798 1.14705e-09
2.05 1.4382 0 468.8 1.12034e-09
2.05 1.4382 0 469.803 1.09427e-09
2.05 1.4382 0 470.805 1.0688e-09
2.05 1.4382 0 471.807 1.04394e-09
2.05 1.4382 0 472.81 1.01967e-09
2.05 1.4382 0 473.812 9.95967e-10
2.05 1.4382 0 474.815 9.72823e-10
2.05 1.4382 0 475.817 9.50223e-10
2.05 1.4382 0 476.82 9.28156e-10
2.05 1.4382 0 477.822 9.06607e-10
2.05 1.4382 0 478.825 8.85565e-10
2.05 1.4382 0 479.827 8.65017e-10
2.05 1.4382 0 480.83 8.44952e-10
2.05 1.4382 0 481.832 8.25359e-10
2.05 1.4382 0 482.835 8.06225e-10
2.05 1.4382 0 483.837 7.8754e-10
2.05 1.4382 0 484.84 7.69293e-10
2.05 1.4382 0 485.842 7.51474e-10
2.05 1.4382 0 486.844 7.34073e-10
2.05 1.4382 0 487.847 7.1708e-10
2.05 1.4382 0 488.849 7.00484e-10
2.05 1.4382 0 489.852 6.84277e-10
2.05 1.4382 0 490.854 6.68449e-10
2.05 1.4382 0 491.857 6.52992e-10
2.05 1.4382 0 492.859 6.37896e-10
2.05 1.4382 0 493.862 6.23152e-10
2.05 1.4382 0 494.864 6.08754e-10
2.05 1.4382 0 495.867 5.94691e-10
2.05 1.4382 0 496.869 5.80957e-10
2.05 1.4382 0 497.872 5.67544e-10
2.05 1.4382 0 498.874 5.54444e-10
2.05 1.4382 0 499.877 5.41649e-10
2.05 1.4382 0 500.879 5.29153e-10
2.05 1.4382 0 501.882 5.16947e-10
2.05 1.4382 0 502.884 5.05027e-10
2.05 1.4382 0 503.886 4.93384e-10
2.05 1.4382 0 504.889 4.82012e-10
2.05 1.4382 0 505.891 4.70905e-10
2.05 1.4382 0 506.894 4.60057e-10
2.05 1.4382 0 507.896 4.49461e-10
2.05 1.4382 0 508.899 4.39111e-10
2.05 1.4382 0 509.901 4.29002e-10
2.05 1.4382 0 510.904 4.19128e-10
2.05 1.4382 0 511.906 4.09483e-10
2.05 1.4382 0 512.909 4.00063e-10
2.05 1.4382 0 513.911 3.90861e-10
2.05 1.4382 0 514.914 3.81873e-10
2.05 1.4382 0 515.916 3.73094e-10
2.05 1.4382 0 516.919 3.64518e-10
2.05 1.4382 0 517.921 3.56141e-10
2.05 1.4382 0 518.923 3.47959e-10
2.05 1.4382 0 519.926 3.39966e-10
2.05 1.4382 0 520.928 3.32158e-10
2.05 1.4382 0 521.931 3.24532e-10
2.05 1.4382 0 522.933 3.17082e-10
2.05 1.4382 0 523.936 3.09804e-10
2.05 1.4382 0 524.938 3.02695e-10
2.05 1.4382 0 525.941 2.95751e-10
2.05 1.4382 0 526.943 2.88967e-10
2.05 1.4382 0 527.946 2.8234e-10
2.05 1.4382 0 528.948 2.75867e-10
2.05 1.4382 0 529.951 2.69543e-10
2.05 1.4382 0 530.953 2.63365e-10
2.05 1.4382 0 531.956 2.5733e-10
2.05 1.4382 0 532.958 2.51434e-10
2.05 1.4382 0 533.961 2.45675e-10
2.05 1.4382 0 534.963 2.40049e-10
2.05 1.4382 0 535.965 2.34552e-10
2.05 1.4382 0 536.968 2.29183e-10
2.05 1.4382 0 537.97 2.23937e-10
2.05 1.4382 0 538.973 2.18812e-10
2.05 1.4382 0 539.975 2.13806e-10
2.05 1.4382 0 540.978 2.08915e-10
2.05 1.4382 0 541.98 2.04136e-10
2.05 1.4382 0 542.983 1.99468e-10
2.05 1.4382 0 543.985 1.94908e-10
2.05 1.4382 0 544.988 1.90452e-10
2.05 1.4382 0 545.99 1.86099e-10
2.05 1.4382 0 546.993 1.81846e-10
2.05 1.4382 0 547.995 1.77692e-10
2.05 1.4382 0 548.998 1.73632e-10
2.05 1.4382 0 550 1.69667e-10
