2.46 1.4382 0 150.015 1.92302e-05
2.46 1.4382 0 151.017 3.3185e-05
2.46 1.4382 0 152.02 3.44979e-05
2.46 1.4382 0 153.022 3.29959e-05
2.46 1.4382 0 154.025 3.12718e-05
2.46 1.4382 0 155.027 2.96268e-05
2.46 1.4382 0 156.03 2.80839e-05
2.46 1.4382 0 157.032 2.66377e-05
2.46 1.4382 0 158.035 2.52808e-05
2.46 1.4382 0 159.037 2.40064e-05
2.46 1.4382 0 160.04 2.28087e-05
2.46 1.4382 0 161.042 2.1682e-05
2.46 1.4382 0 162.045 2.06215e-05
2.46 1.4382 0 163.047 1.96226e-05
2.46 1.4382 0 164.05 1.86811e-05
2.46 1.4382 0 165.052 1.77932e-05
2.46 1.4382 0 166.054 1.69555e-05
2.46 1.4382 0 167.057 1.61645e-05
2.46 1.4382 0 168.059 1.54172e-05
2.46 1.4382 0 169.062 1.4711e-05
2.46 1.4382 0 170.064 1.40431e-05
2.46 1.4382 0 171.067 1.34111e-05
2.46 1.4382 0 172.069 1.28128e-05
2.46 1.4382 0 173.072 1.22461e-05
2.46 1.4382 0 174.074 1.17091e-05
2.46 1.4382 0 175.077 1.11999e-05
2.46 1.4382 0 176.079 1.0717e-05
2.46 1.4382 0 177.082 1.02586e-05
2.46 1.4382 0 178.084 9.82335e-06
2.46 1.4382 0 179.087 9.4099e-06
2.46 1.4382 0 180.089 9.01696e-06
2.46 1.4382 0 181.092 8.64334e-06
2.46 1.4382 0 182.094 8.28792e-06
2.46 1.4382 0 183.096 7.94967e-06
2.46 1.4382 0 184.099 7.62763e-06
2.46 1.4382 0 185.101 7.32087e-06
2.46 1.4382 0 186.104 7.02855e-06
2.46 1.4382 0 187.106 6.74988e-06
2.46 1.4382 0 188.109 6.4841e-06
2.46 1.4382 0 189.111 6.23052e-06
2.46 1.4382 0 190.114 5.98848e-06
2.46 1.4382 0 191.116 5.75737e-06
2.46 1.4382 0 192.119 5.53661e-06
2.46 1.4382 0 193.121 5.32565e-06
2.46 1.4382 0 194.124 5.12398e-06
2.46 1.4382 0 195.126 4.93113e-06
2.46 1.4382 0 196.129 4.74664e-06
2.46 1.4382 0 197.131 4.57009e-06
2.46 1.4382 0 198.133 4.40109e-06
2.46 1.4382 0 199.136 4.23924e-06
2.46 1.4382 0 200.138 4.08421e-06
2.46 1.4382 0 201.141 3.93565e-06
2.46 1.4382 0 202.143 3.79325e-06
2.46 1.4382 0 203.146 3.65671e-06
2.46 1.4382 0 204.148 3.52575e-06
2.46 1.4382 0 205.151 3.4001e-06
2.46 1.4382 0 206.153 3.27953e-06
2.46 1.4382 0 207.156 3.16378e-06
2.46 1.4382 0 208.158 3.05263e-06
2.46 1.4382 0 209.161 2.94588e-06
2.46 1.4382 0 210.163 2.84331e-06
2.46 1.4382 0 211.166 2.74475e-06
2.46 1.4382 0 212.168 2.65002e-06
2.46 1.4382 0 213.171 2.55893e-06
2.46 1.4382 0 214.173 2.47133e-06
2.46 1.4382 0 215.175 2.38707e-06
2.46 1.4382 0 216.178 2.306e-06
2.46 1.4382 0 217.18 2.22798e-06
2.46 1.4382 0 218.183 2.15288e-06
2.46 1.4382 0 219.185 2.08058e-06
2.46 1.4382 0 220.188 2.01095e-06
2.46 1.4382 0 221.19 1.94389e-06
2.46 1.4382 0 222.193 1.87929e-06
2.46 1.4382 0 223.195 1.81704e-06
2.46 1.4382 0 224.198 1.75705e-06
2.46 1.4382 0 225.2 1.69923e-06
2.46 1.4382 0 226.203 1.64348e-06
2.46 1.4382 0 227.205 1.58973e-06
2.46 1.4382 0 228.208 1.53789e-06
2.46 1.4382 0 229.21 1.48789e-06
2.46 1.4382 0 230.212 1.43965e-06
2.46 1.4382 0 231.215 1.39311e-06
2.46 1.4382 0 232.217 1.3482e-06
2.46 1.4382 0 233.22 1.30485e-06
2.46 1.4382 0 234.222 1.263e-06
2.46 1.4382 0 235.225 1.2226e-06
2.46 1.4382 0 236.227 1.18359e-06
2.46 1.4382 0 237.23 1.14592e-06
2.46 1.4382 0 238.232 1.10954e-06
2.46 1.4382 0 239.235 1.07439e-06
2.46 1.4382 0 240.237 1.04044e-06
2.46 1.4382 0 241.24 1.00763e-06
2.46 1.4382 0 242.242 9.75926e-07
2.46 1.4382 0 243.245 9.45289e-07
2.46 1.4382 0 244.247 9.15676e-07
2.46 1.4382 0 245.25 8.87051e-07
2.46 1.4382 0 246.252 8.59377e-07
2.46 1.4382 0 247.254 8.3262e-07
2.46 1.4382 0 248.257 8.06748e-07
2.46 1.4382 0 249.259 7.81727e-07
2.46 1.4382 0 250.262 7.57529e-07
2.46 1.4382 0 251.264 7.34122e-07
2.46 1.4382 0 252.267 7.11481e-07
2.46 1.4382 0 253.269 6.89576e-07
2.46 1.4382 0 254.272 6.68383e-07
2.46 1.4382 0 255.274 6.47877e-07
2.46 1.4382 0 256.277 6.28033e-07
2.46 1.4382 0 257.279 6.08829e-07
2.46 1.4382 0 258.282 5.90242e-07
2.46 1.4382 0 259.284 5.72251e-07
2.46 1.4382 0 260.287 5.54836e-07
2.46 1.4382 0 261.289 5.37977e-07
2.46 1.4382 0 262.291 5.21655e-07
2.46 1.4382 0 263.294 5.05851e-07
2.46 1.4382 0 264.296 4.90549e-07
2.46 1.4382 0 265.299 4.7573e-07
2.46 1.4382 0 266.301 4.6138e-07
2.46 1.4382 0 267.304 4.47481e-07
2.46 1.4382 0 268.306 4.3402e-07
2.46 1.4382 0 269.309 4.20981e-07
2.46 1.4382 0 270.311 4.0835e-07
2.46 1.4382 0 271.314 3.96114e-07
2.46 1.4382 0 272.316 3.8426e-07
2.46 1.4382 0 273.319 3.72774e-07
2.46 1.4382 0 274.321 3.61646e-07
2.46 1.4382 0 275.324 3.50863e-07
2.46 1.4382 0 276.326 3.40414e-07
2.46 1.4382 0 277.329 3.30288e-07
2.46 1.4382 0 278.331 3.20475e-07
2.46 1.4382 0 279.333 3.10964e-07
2.46 1.4382 0 280.336 3.01745e-07
2.46 1.4382 0 281.338 2.9281e-07
2.46 1.4382 0 282.341 2.84149e-07
2.46 1.4382 0 283.343 2.75752e-07
2.46 1.4382 0 284.346 2.67613e-07
2.46 1.4382 0 285.348 2.59722e-07
2.46 1.4382 0 286.351 2.52071e-07
2.46 1.4382 0 287.353 2.44653e-07
2.46 1.4382 0 288.356 2.37461e-07
2.46 1.4382 0 289.358 2.30487e-07
2.46 1.4382 0 290.361 2.23724e-07
2.46 1.4382 0 291.363 2.17166e-07
2.46 1.4382 0 292.366 2.10806e-07
2.46 1.4382 0 293.368 2.04638e-07
2.46 1.4382 0 294.37 1.98656e-07
2.46 1.4382 0 295.373 1.92854e-07
2.46 1.4382 0 296.375 1.87226e-07
2.46 1.4382 0 297.378 1.81768e-07
2.46 1.4382 0 298.38 1.76473e-07
2.46 1.4382 0 299.383 1.71337e-07
2.46 1.4382 0 300.385 1.66354e-07
2.46 1.4382 0 301.388 1.61521e-07
2.46 1.4382 0 302.39 1.56831e-07
2.46 1.4382 0 303.393 1.52282e-07
2.46 1.4382 0 304.395 1.47867e-07
2.46 1.4382 0 305.398 1.43585e-07
2.46 1.4382 0 306.4 1.39429e-07
2.46 1.4382 0 307.403 1.35397e-07
2.46 1.4382 0 308.405 1.31484e-07
2.46 1.4382 0 309.408 1.27688e-07
2.46 1.4382 0 310.41 1.24003e-07
2.46 1.4382 0 311.412 1.20428e-07
2.46 1.4382 0 312.415 1.16958e-07
2.46 1.4382 0 313.417 1.13591e-07
2.46 1.4382 0 314.42 1.10322e-07
2.46 1.4382 0 315.422 1.0715e-07
2.46 1.4382 0 316.425 1.04072e-07
2.46 1.4382 0 317.427 1.01084e-07
2.46 1.4382 0 318.43 9.81831e-08
2.46 1.4382 0 319.432 9.53677e-08
2.46 1.4382 0 320.435 9.26348e-08
2.46 1.4382 0 321.437 8.9982e-08
2.46 1.4382 0 322.44 8.74068e-08
2.46 1.4382 0 323.442 8.49068e-08
2.46 1.4382 0 324.445 8.24799e-08
2.46 1.4382 0 325.447 8.01238e-08
2.46 1.4382 0 326.449 7.78364e-08
2.46 1.4382 0 327.452 7.56156e-08
2.46 1.4382 0 328.454 7.34595e-08
2.46 1.4382 0 329.457 7.13661e-08
2.46 1.4382 0 330.459 6.93335e-08
2.46 1.4382 0 331.462 6.73599e-08
2.46 1.4382 0 332.464 6.54436e-08
2.46 1.4382 0 333.467 6.35829e-08
2.46 1.4382 0 334.469 6.17761e-08
2.46 1.4382 0 335.472 6.00216e-08
2.46 1.4382 0 336.474 5.83179e-08
2.46 1.4382 0 337.477 5.66634e-08
2.46 1.4382 0 338.479 5.50567e-08
2.46 1.4382 0 339.482 5.34964e-08
2.46 1.4382 0 340.484 5.19811e-08
2.46 1.4382 0 341.487 5.05095e-08
2.46 1.4382 0 342.489 4.90802e-08
2.46 1.4382 0 343.491 4.76921e-08
2.46 1.4382 0 344.494 4.6344e-08
2.46 1.4382 0 345.496 4.50346e-08
2.46 1.4382 0 346.499 4.37628e-08
2.46 1.4382 0 347.501 4.25275e-08
2.46 1.4382 0 348.504 4.13277e-08
2.46 1.4382 0 349.506 4.01623e-08
2.46 1.4382 0 350.509 3.90303e-08
2.46 1.4382 0 351.511 3.79307e-08
2.46 1.4382 0 352.514 3.68625e-08
2.46 1.4382 0 353.516 3.58249e-08
2.46 1.4382 0 354.519 3.4817e-08
2.46 1.4382 0 355.521 3.38379e-08
2.46 1.4382 0 356.524 3.28867e-08
2.46 1.4382 0 357.526 3.19627e-08
2.46 1.4382 0 358.528 3.1065e-08
2.46 1.4382 0 359.531 3.01929e-08
2.46 1.4382 0 360.533 2.93456e-08
2.46 1.4382 0 361.536 2.85225e-08
2.46 1.4382 0 362.538 2.77228e-08
2.46 1.4382 0 363.541 2.69458e-08
2.46 1.4382 0 364.543 2.61909e-08
2.46 1.4382 0 365.546 2.54575e-08
2.46 1.4382 0 366.548 2.47449e-08
2.46 1.4382 0 367.551 2.40525e-08
2.46 1.4382 0 368.553 2.33797e-08
2.46 1.4382 0 369.556 2.2726e-08
2.46 1.4382 0 370.558 2.20909e-08
2.46 1.4382 0 371.561 2.14737e-08
2.46 1.4382 0 372.563 2.0874e-08
2.46 1.4382 0 373.566 2.02913e-08
2.46 1.4382 0 374.568 1.9725e-08
2.46 1.4382 0 375.57 1.91747e-08
2.46 1.4382 0 376.573 1.864e-08
2.46 1.4382 0 377.575 1.81204e-08
2.46 1.4382 0 378.578 1.76155e-08
2.46 1.4382 0 379.58 1.71247e-08
2.46 1.4382 0 380.583 1.66479e-08
2.46 1.4382 0 381.585 1.61844e-08
2.46 1.4382 0 382.588 1.57341e-08
2.46 1.4382 0 383.59 1.52964e-08
2.46 1.4382 0 384.593 1.4871e-08
2.46 1.4382 0 385.595 1.44576e-08
2.46 1.4382 0 386.598 1.40558e-08
2.46 1.4382 0 387.6 1.36653e-08
2.46 1.4382 0 388.603 1.32858e-08
2.46 1.4382 0 389.605 1.2917e-08
2.46 1.4382 0 390.607 1.25585e-08
2.46 1.4382 0 391.61 1.221e-08
2.46 1.4382 0 392.612 1.18714e-08
2.46 1.4382 0 393.615 1.15422e-08
2.46 1.4382 0 394.617 1.12222e-08
2.46 1.4382 0 395.62 1.09113e-08
2.46 1.4382 0 396.622 1.0609e-08
2.46 1.4382 0 397.625 1.03152e-08
2.46 1.4382 0 398.627 1.00296e-08
2.46 1.4382 0 399.63 9.75199e-09
2.46 1.4382 0 400.632 9.48216e-09
2.46 1.4382 0 401.635 9.21986e-09
2.46 1.4382 0 402.637 8.9649e-09
2.46 1.4382 0 403.64 8.71705e-09
2.46 1.4382 0 404.642 8.47613e-09
2.46 1.4382 0 405.645 8.24193e-09
2.46 1.4382 0 406.647 8.01426e-09
2.46 1.4382 0 407.649 7.79294e-09
2.46 1.4382 0 408.652 7.5778e-09
2.46 1.4382 0 409.654 7.36865e-09
2.46 1.4382 0 410.657 7.16533e-09
2.46 1.4382 0 411.659 6.96767e-09
2.46 1.4382 0 412.662 6.77551e-09
2.46 1.4382 0 413.664 6.5887e-09
2.46 1.4382 0 414.667 6.40709e-09
2.46 1.4382 0 415.669 6.23053e-09
2.46 1.4382 0 416.672 6.05888e-09
2.46 1.4382 0 417.674 5.892e-09
2.46 1.4382 0 418.677 5.72976e-09
2.46 1.4382 0 419.679 5.57203e-09
2.46 1.4382 0 420.682 5.41867e-09
2.46 1.4382 0 421.684 5.26957e-09
2.46 1.4382 0 422.686 5.12461e-09
2.46 1.4382 0 423.689 4.98367e-09
2.46 1.4382 0 424.691 4.84665e-09
2.46 1.4382 0 425.694 4.71341e-09
2.46 1.4382 0 426.696 4.58388e-09
2.46 1.4382 0 427.699 4.45793e-09
2.46 1.4382 0 428.701 4.33547e-09
2.46 1.4382 0 429.704 4.2164e-09
2.46 1.4382 0 430.706 4.10063e-09
2.46 1.4382 0 431.709 3.98806e-09
2.46 1.4382 0 432.711 3.87861e-09
2.46 1.4382 0 433.714 3.77218e-09
2.46 1.4382 0 434.716 3.6687e-09
2.46 1.4382 0 435.719 3.56808e-09
2.46 1.4382 0 436.721 3.47024e-09
2.46 1.4382 0 437.724 3.3751e-09
2.46 1.4382 0 438.726 3.28259e-09
2.46 1.4382 0 439.728 3.19264e-09
2.46 1.4382 0 440.731 3.10517e-09
2.46 1.4382 0 441.733 3.02011e-09
2.46 1.4382 0 442.736 2.9374e-09
2.46 1.4382 0 443.738 2.85697e-09
2.46 1.4382 0 444.741 2.77876e-09
2.46 1.4382 0 445.743 2.70271e-09
2.46 1.4382 0 446.746 2.62875e-09
2.46 1.4382 0 447.748 2.55683e-09
2.46 1.4382 0 448.751 2.4869e-09
2.46 1.4382 0 449.753 2.41888e-09
2.46 1.4382 0 450.756 2.35275e-09
2.46 1.4382 0 451.758 2.28843e-09
2.46 1.4382 0 452.761 2.22588e-09
2.46 1.4382 0 453.763 2.16506e-09
2.46 1.4382 0 454.765 2.1059e-09
2.46 1.4382 0 455.768 2.04838e-09
2.46 1.4382 0 456.77 1.99243e-09
2.46 1.4382 0 457.773 1.93803e-09
2.46 1.4382 0 458.775 1.88512e-09
2.46 1.4382 0 459.778 1.83366e-09
2.46 1.4382 0 460.78 1.78362e-09
2.46 1.4382 0 461.783 1.73495e-09
2.46 1.4382 0 462.785 1.68762e-09
2.46 1.4382 0 463.788 1.64158e-09
2.46 1.4382 0 464.79 1.59681e-09
2.46 1.4382 0 465.793 1.55327e-09
2.46 1.4382 0 466.795 1.51093e-09
2.46 1.4382 0 467.798 1.46974e-09
2.46 1.4382 0 468.8 1.42969e-09
2.46 1.4382 0 469.803 1.39073e-09
2.46 1.4382 0 470.805 1.35284e-09
2.46 1.4382 0 471.807 1.31599e-09
2.46 1.4382 0 472.81 1.28015e-09
2.46 1.4382 0 473.812 1.24529e-09
2.46 1.4382 0 474.815 1.21139e-09
2.46 1.4382 0 475.817 1.17841e-09
2.46 1.4382 0 476.82 1.14634e-09
2.46 1.4382 0 477.822 1.11514e-09
2.46 1.4382 0 478.825 1.0848e-09
2.46 1.4382 0 479.827 1.05529e-09
2.46 1.4382 0 480.83 1.02659e-09
2.46 1.4382 0 481.832 9.98669e-10
2.46 1.4382 0 482.835 9.71514e-10
2.46 1.4382 0 483.837 9.45101e-10
2.46 1.4382 0 484.84 9.19411e-10
2.46 1.4382 0 485.842 8.94422e-10
2.46 1.4382 0 486.844 8.70117e-10
2.46 1.4382 0 487.847 8.46475e-10
2.46 1.4382 0 488.849 8.23479e-10
2.46 1.4382 0 489.852 8.01112e-10
2.46 1.4382 0 490.854 7.79355e-10
2.46 1.4382 0 491.857 7.58192e-10
2.46 1.4382 0 492.859 7.37606e-10
2.46 1.4382 0 493.862 7.17583e-10
2.46 1.4382 0 494.864 6.98105e-10
2.46 1.4382 0 495.867 6.7916e-10
2.46 1.4382 0 496.869 6.60731e-10
2.46 1.4382 0 497.872 6.42804e-10
2.46 1.4382 0 498.874 6.25367e-10
2.46 1.4382 0 499.877 6.08404e-10
2.46 1.4382 0 500.879 5.91904e-10
2.46 1.4382 0 501.882 5.75854e-10
2.46 1.4382 0 502.884 5.60241e-10
2.46 1.4382 0 503.886 5.45054e-10
2.46 1.4382 0 504.889 5.3028e-10
2.46 1.4382 0 505.891 5.15909e-10
2.46 1.4382 0 506.894 5.01929e-10
2.46 1.4382 0 507.896 4.88329e-10
2.46 1.4382 0 508.899 4.751e-10
2.46 1.4382 0 509.901 4.62231e-10
2.46 1.4382 0 510.904 4.49712e-10
2.46 1.4382 0 511.906 4.37534e-10
2.46 1.4382 0 512.909 4.25687e-10
2.46 1.4382 0 513.911 4.14162e-10
2.46 1.4382 0 514.914 4.0295e-10
2.46 1.4382 0 515.916 3.92044e-10
2.46 1.4382 0 516.919 3.81434e-10
2.46 1.4382 0 517.921 3.71113e-10
2.46 1.4382 0 518.923 3.61072e-10
2.46 1.4382 0 519.926 3.51303e-10
2.46 1.4382 0 520.928 3.41801e-10
2.46 1.4382 0 521.931 3.32556e-10
2.46 1.4382 0 522.933 3.23563e-10
2.46 1.4382 0 523.936 3.14814e-10
2.46 1.4382 0 524.938 3.06302e-10
2.46 1.4382 0 525.941 2.98022e-10
2.46 1.4382 0 526.943 2.89966e-10
2.46 1.4382 0 527.946 2.82129e-10
2.46 1.4382 0 528.948 2.74505e-10
2.46 1.4382 0 529.951 2.67088e-10
2.46 1.4382 0 530.953 2.59871e-10
2.46 1.4382 0 531.956 2.52851e-10
2.46 1.4382 0 532.958 2.46021e-10
2.46 1.4382 0 533.961 2.39377e-10
2.46 1.4382 0 534.963 2.32912e-10
2.46 1.4382 0 535.965 2.26623e-10
2.46 1.4382 0 536.968 2.20504e-10
2.46 1.4382 0 537.97 2.14551e-10
2.46 1.4382 0 538.973 2.0876e-10
2.46 1.4382 0 539.975 2.03125e-10
2.46 1.4382 0 540.978 1.97644e-10
2.46 1.4382 0 541.98 1.9231e-10
2.46 1.4382 0 542.983 1.87121e-10
2.46 1.4382 0 543.985 1.82073e-10
2.46 1.4382 0 544.988 1.77161e-10
2.46 1.4382 0 545.99 1.72383e-10
2.46 1.4382 0 546.993 1.67734e-10
2.46 1.4382 0 547.995 1.6321e-10
2.46 1.4382 0 548.998 1.58809e-10
2.46 1.4382 0 550 1.54528e-10
