2.355 1.4382 0 150.015 1.28523e-05
2.355 1.4382 0 151.017 2.26985e-05
2.355 1.4382 0 152.02 2.24683e-05
2.355 1.4382 0 153.022 2.10281e-05
2.355 1.4382 0 154.025 1.96217e-05
2.355 1.4382 0 155.027 1.83197e-05
2.355 1.4382 0 156.03 1.71163e-05
2.355 1.4382 0 157.032 1.60025e-05
2.355 1.4382 0 158.035 1.49705e-05
2.355 1.4382 0 159.037 1.40136e-05
2.355 1.4382 0 160.04 1.31255e-05
2.355 1.4382 0 161.042 1.2301e-05
2.355 1.4382 0 162.045 1.15349e-05
2.355 1.4382 0 163.047 1.08227e-05
2.355 1.4382 0 164.05 1.01604e-05
2.355 1.4382 0 165.052 9.54402e-06
2.355 1.4382 0 166.054 8.97018e-06
2.355 1.4382 0 167.057 8.43566e-06
2.355 1.4382 0 168.059 7.93753e-06
2.355 1.4382 0 169.062 7.47307e-06
2.355 1.4382 0 170.064 7.03981e-06
2.355 1.4382 0 171.067 6.63545e-06
2.355 1.4382 0 172.069 6.25788e-06
2.355 1.4382 0 173.072 5.90514e-06
2.355 1.4382 0 174.074 5.57545e-06
2.355 1.4382 0 175.077 5.26714e-06
2.355 1.4382 0 176.079 4.97868e-06
2.355 1.4382 0 177.082 4.70866e-06
2.355 1.4382 0 178.084 4.45577e-06
2.355 1.4382 0 179.087 4.2188e-06
2.355 1.4382 0 180.089 3.99664e-06
2.355 1.4382 0 181.092 3.78825e-06
2.355 1.4382 0 182.094 3.59268e-06
2.355 1.4382 0 183.096 3.40905e-06
2.355 1.4382 0 184.099 3.23653e-06
2.355 1.4382 0 185.101 3.07437e-06
2.355 1.4382 0 186.104 2.92186e-06
2.355 1.4382 0 187.106 2.77837e-06
2.355 1.4382 0 188.109 2.64327e-06
2.355 1.4382 0 189.111 2.51601e-06
2.355 1.4382 0 190.114 2.39608e-06
2.355 1.4382 0 191.116 2.283e-06
2.355 1.4382 0 192.119 2.1763e-06
2.355 1.4382 0 193.121 2.07559e-06
2.355 1.4382 0 194.124 1.98048e-06
2.355 1.4382 0 195.126 1.8906e-06
2.355 1.4382 0 196.129 1.80563e-06
2.355 1.4382 0 197.131 1.72525e-06
2.355 1.4382 0 198.133 1.64917e-06
2.355 1.4382 0 199.136 1.57714e-06
2.355 1.4382 0 200.138 1.50889e-06
2.355 1.4382 0 201.141 1.44421e-06
2.355 1.4382 0 202.143 1.38286e-06
2.355 1.4382 0 203.146 1.32465e-06
2.355 1.4382 0 204.148 1.26939e-06
2.355 1.4382 0 205.151 1.2169e-06
2.355 1.4382 0 206.153 1.16703e-06
2.355 1.4382 0 207.156 1.11961e-06
2.355 1.4382 0 208.158 1.07451e-06
2.355 1.4382 0 209.161 1.03159e-06
2.355 1.4382 0 210.163 9.90733e-07
2.355 1.4382 0 211.166 9.51811e-07
2.355 1.4382 0 212.168 9.14721e-07
2.355 1.4382 0 213.171 8.7936e-07
2.355 1.4382 0 214.173 8.45632e-07
2.355 1.4382 0 215.175 8.13448e-07
2.355 1.4382 0 216.178 7.82725e-07
2.355 1.4382 0 217.18 7.53382e-07
2.355 1.4382 0 218.183 7.25347e-07
2.355 1.4382 0 219.185 6.9855e-07
2.355 1.4382 0 220.188 6.72926e-07
2.355 1.4382 0 221.19 6.48414e-07
2.355 1.4382 0 222.193 6.24956e-07
2.355 1.4382 0 223.195 6.02499e-07
2.355 1.4382 0 224.198 5.80992e-07
2.355 1.4382 0 225.2 5.60387e-07
2.355 1.4382 0 226.203 5.40638e-07
2.355 1.4382 0 227.205 5.21705e-07
2.355 1.4382 0 228.208 5.03546e-07
2.355 1.4382 0 229.21 4.86123e-07
2.355 1.4382 0 230.212 4.69403e-07
2.355 1.4382 0 231.215 4.5335e-07
2.355 1.4382 0 232.217 4.37934e-07
2.355 1.4382 0 233.22 4.23124e-07
2.355 1.4382 0 234.222 4.08892e-07
2.355 1.4382 0 235.225 3.95212e-07
2.355 1.4382 0 236.227 3.82059e-07
2.355 1.4382 0 237.23 3.69407e-07
2.355 1.4382 0 238.232 3.57236e-07
2.355 1.4382 0 239.235 3.45523e-07
2.355 1.4382 0 240.237 3.34247e-07
2.355 1.4382 0 241.24 3.23391e-07
2.355 1.4382 0 242.242 3.12936e-07
2.355 1.4382 0 243.245 3.02863e-07
2.355 1.4382 0 244.247 2.93158e-07
2.355 1.4382 0 245.25 2.83803e-07
2.355 1.4382 0 246.252 2.74786e-07
2.355 1.4382 0 247.254 2.6609e-07
2.355 1.4382 0 248.257 2.57704e-07
2.355 1.4382 0 249.259 2.49613e-07
2.355 1.4382 0 250.262 2.41807e-07
2.355 1.4382 0 251.264 2.34274e-07
2.355 1.4382 0 252.267 2.27002e-07
2.355 1.4382 0 253.269 2.19981e-07
2.355 1.4382 0 254.272 2.13201e-07
2.355 1.4382 0 255.274 2.06653e-07
2.355 1.4382 0 256.277 2.00327e-07
2.355 1.4382 0 257.279 1.94215e-07
2.355 1.4382 0 258.282 1.88309e-07
2.355 1.4382 0 259.284 1.82601e-07
2.355 1.4382 0 260.287 1.77082e-07
2.355 1.4382 0 261.289 1.71747e-07
2.355 1.4382 0 262.291 1.66588e-07
2.355 1.4382 0 263.294 1.61598e-07
2.355 1.4382 0 264.296 1.56772e-07
2.355 1.4382 0 265.299 1.52102e-07
2.355 1.4382 0 266.301 1.47584e-07
2.355 1.4382 0 267.304 1.43212e-07
2.355 1.4382 0 268.306 1.38981e-07
2.355 1.4382 0 269.309 1.34885e-07
2.355 1.4382 0 270.311 1.3092e-07
2.355 1.4382 0 271.314 1.2708e-07
2.355 1.4382 0 272.316 1.23362e-07
2.355 1.4382 0 273.319 1.19762e-07
2.355 1.4382 0 274.321 1.16275e-07
2.355 1.4382 0 275.324 1.12896e-07
2.355 1.4382 0 276.326 1.09623e-07
2.355 1.4382 0 277.329 1.06452e-07
2.355 1.4382 0 278.331 1.03379e-07
2.355 1.4382 0 279.333 1.00401e-07
2.355 1.4382 0 280.336 9.7515e-08
2.355 1.4382 0 281.338 9.47172e-08
2.355 1.4382 0 282.341 9.2005e-08
2.355 1.4382 0 283.343 8.93755e-08
2.355 1.4382 0 284.346 8.68259e-08
2.355 1.4382 0 285.348 8.43536e-08
2.355 1.4382 0 286.351 8.1956e-08
2.355 1.4382 0 287.353 7.96306e-08
2.355 1.4382 0 288.356 7.73752e-08
2.355 1.4382 0 289.358 7.51873e-08
2.355 1.4382 0 290.361 7.30648e-08
2.355 1.4382 0 291.363 7.10056e-08
2.355 1.4382 0 292.366 6.90076e-08
2.355 1.4382 0 293.368 6.70689e-08
2.355 1.4382 0 294.37 6.51875e-08
2.355 1.4382 0 295.373 6.33617e-08
2.355 1.4382 0 296.375 6.15896e-08
2.355 1.4382 0 297.378 5.98696e-08
2.355 1.4382 0 298.38 5.81999e-08
2.355 1.4382 0 299.383 5.65791e-08
2.355 1.4382 0 300.385 5.50056e-08
2.355 1.4382 0 301.388 5.34779e-08
2.355 1.4382 0 302.39 5.19946e-08
2.355 1.4382 0 303.393 5.05543e-08
2.355 1.4382 0 304.395 4.91556e-08
2.355 1.4382 0 305.398 4.77973e-08
2.355 1.4382 0 306.4 4.64782e-08
2.355 1.4382 0 307.403 4.5197e-08
2.355 1.4382 0 308.405 4.39526e-08
2.355 1.4382 0 309.408 4.27439e-08
2.355 1.4382 0 310.41 4.15697e-08
2.355 1.4382 0 311.412 4.0429e-08
2.355 1.4382 0 312.415 3.93209e-08
2.355 1.4382 0 313.417 3.82442e-08
2.355 1.4382 0 314.42 3.71982e-08
2.355 1.4382 0 315.422 3.61818e-08
2.355 1.4382 0 316.425 3.51942e-08
2.355 1.4382 0 317.427 3.42345e-08
2.355 1.4382 0 318.43 3.33019e-08
2.355 1.4382 0 319.432 3.23955e-08
2.355 1.4382 0 320.435 3.15147e-08
2.355 1.4382 0 321.437 3.06585e-08
2.355 1.4382 0 322.44 2.98264e-08
2.355 1.4382 0 323.442 2.90177e-08
2.355 1.4382 0 324.445 2.82315e-08
2.355 1.4382 0 325.447 2.74673e-08
2.355 1.4382 0 326.449 2.67244e-08
2.355 1.4382 0 327.452 2.60022e-08
2.355 1.4382 0 328.454 2.53001e-08
2.355 1.4382 0 329.457 2.46175e-08
2.355 1.4382 0 330.459 2.39538e-08
2.355 1.4382 0 331.462 2.33085e-08
2.355 1.4382 0 332.464 2.26811e-08
2.355 1.4382 0 333.467 2.2071e-08
2.355 1.4382 0 334.469 2.14778e-08
2.355 1.4382 0 335.472 2.0901e-08
2.355 1.4382 0 336.474 2.034e-08
2.355 1.4382 0 337.477 1.97944e-08
2.355 1.4382 0 338.479 1.92639e-08
2.355 1.4382 0 339.482 1.87479e-08
2.355 1.4382 0 340.484 1.82461e-08
2.355 1.4382 0 341.487 1.77581e-08
2.355 1.4382 0 342.489 1.72834e-08
2.355 1.4382 0 343.491 1.68216e-08
2.355 1.4382 0 344.494 1.63725e-08
2.355 1.4382 0 345.496 1.59357e-08
2.355 1.4382 0 346.499 1.55107e-08
2.355 1.4382 0 347.501 1.50974e-08
2.355 1.4382 0 348.504 1.46952e-08
2.355 1.4382 0 349.506 1.4304e-08
2.355 1.4382 0 350.509 1.39235e-08
2.355 1.4382 0 351.511 1.35533e-08
2.355 1.4382 0 352.514 1.31931e-08
2.355 1.4382 0 353.516 1.28426e-08
2.355 1.4382 0 354.519 1.25017e-08
2.355 1.4382 0 355.521 1.217e-08
2.355 1.4382 0 356.524 1.18472e-08
2.355 1.4382 0 357.526 1.15332e-08
2.355 1.4382 0 358.528 1.12276e-08
2.355 1.4382 0 359.531 1.09303e-08
2.355 1.4382 0 360.533 1.0641e-08
2.355 1.4382 0 361.536 1.03595e-08
2.355 1.4382 0 362.538 1.00855e-08
2.355 1.4382 0 363.541 9.81894e-09
2.355 1.4382 0 364.543 9.55952e-09
2.355 1.4382 0 365.546 9.30707e-09
2.355 1.4382 0 366.548 9.06139e-09
2.355 1.4382 0 367.551 8.8223e-09
2.355 1.4382 0 368.553 8.58961e-09
2.355 1.4382 0 369.556 8.36315e-09
2.355 1.4382 0 370.558 8.14276e-09
2.355 1.4382 0 371.561 7.92826e-09
2.355 1.4382 0 372.563 7.71949e-09
2.355 1.4382 0 373.566 7.5163e-09
2.355 1.4382 0 374.568 7.31853e-09
2.355 1.4382 0 375.57 7.12604e-09
2.355 1.4382 0 376.573 6.93868e-09
2.355 1.4382 0 377.575 6.75631e-09
2.355 1.4382 0 378.578 6.5788e-09
2.355 1.4382 0 379.58 6.40602e-09
2.355 1.4382 0 380.583 6.23783e-09
2.355 1.4382 0 381.585 6.07411e-09
2.355 1.4382 0 382.588 5.91475e-09
2.355 1.4382 0 383.59 5.75962e-09
2.355 1.4382 0 384.593 5.6086e-09
2.355 1.4382 0 385.595 5.4616e-09
2.355 1.4382 0 386.598 5.31849e-09
2.355 1.4382 0 387.6 5.17918e-09
2.355 1.4382 0 388.603 5.04356e-09
2.355 1.4382 0 389.605 4.91153e-09
2.355 1.4382 0 390.607 4.78299e-09
2.355 1.4382 0 391.61 4.65786e-09
2.355 1.4382 0 392.612 4.53603e-09
2.355 1.4382 0 393.615 4.41743e-09
2.355 1.4382 0 394.617 4.30196e-09
2.355 1.4382 0 395.62 4.18954e-09
2.355 1.4382 0 396.622 4.08008e-09
2.355 1.4382 0 397.625 3.97352e-09
2.355 1.4382 0 398.627 3.86977e-09
2.355 1.4382 0 399.63 3.76875e-09
2.355 1.4382 0 400.632 3.6704e-09
2.355 1.4382 0 401.635 3.57464e-09
2.355 1.4382 0 402.637 3.4814e-09
2.355 1.4382 0 403.64 3.39061e-09
2.355 1.4382 0 404.642 3.30221e-09
2.355 1.4382 0 405.645 3.21614e-09
2.355 1.4382 0 406.647 3.13234e-09
2.355 1.4382 0 407.649 3.05073e-09
2.355 1.4382 0 408.652 2.97127e-09
2.355 1.4382 0 409.654 2.8939e-09
2.355 1.4382 0 410.657 2.81856e-09
2.355 1.4382 0 411.659 2.7452e-09
2.355 1.4382 0 412.662 2.67376e-09
2.355 1.4382 0 413.664 2.6042e-09
2.355 1.4382 0 414.667 2.53646e-09
2.355 1.4382 0 415.669 2.4705e-09
2.355 1.4382 0 416.672 2.40627e-09
2.355 1.4382 0 417.674 2.34372e-09
2.355 1.4382 0 418.677 2.28281e-09
2.355 1.4382 0 419.679 2.22349e-09
2.355 1.4382 0 420.682 2.16573e-09
2.355 1.4382 0 421.684 2.10948e-09
2.355 1.4382 0 422.686 2.0547e-09
2.355 1.4382 0 423.689 2.00135e-09
2.355 1.4382 0 424.691 1.9494e-09
2.355 1.4382 0 425.694 1.8988e-09
2.355 1.4382 0 426.696 1.84953e-09
2.355 1.4382 0 427.699 1.80155e-09
2.355 1.4382 0 428.701 1.75482e-09
2.355 1.4382 0 429.704 1.70931e-09
2.355 1.4382 0 430.706 1.66498e-09
2.355 1.4382 0 431.709 1.62182e-09
2.355 1.4382 0 432.711 1.57978e-09
2.355 1.4382 0 433.714 1.53883e-09
2.355 1.4382 0 434.716 1.49896e-09
2.355 1.4382 0 435.719 1.46012e-09
2.355 1.4382 0 436.721 1.4223e-09
2.355 1.4382 0 437.724 1.38546e-09
2.355 1.4382 0 438.726 1.34959e-09
2.355 1.4382 0 439.728 1.31464e-09
2.355 1.4382 0 440.731 1.28061e-09
2.355 1.4382 0 441.733 1.24746e-09
2.355 1.4382 0 442.736 1.21518e-09
2.355 1.4382 0 443.738 1.18374e-09
2.355 1.4382 0 444.741 1.15311e-09
2.355 1.4382 0 445.743 1.12328e-09
2.355 1.4382 0 446.746 1.09423e-09
2.355 1.4382 0 447.748 1.06593e-09
2.355 1.4382 0 448.751 1.03837e-09
2.355 1.4382 0 449.753 1.01153e-09
2.355 1.4382 0 450.756 9.8538e-10
2.355 1.4382 0 451.758 9.59912e-10
2.355 1.4382 0 452.761 9.35106e-10
2.355 1.4382 0 453.763 9.10944e-10
2.355 1.4382 0 454.765 8.8741e-10
2.355 1.4382 0 455.768 8.64486e-10
2.355 1.4382 0 456.77 8.42158e-10
2.355 1.4382 0 457.773 8.20409e-10
2.355 1.4382 0 458.775 7.99225e-10
2.355 1.4382 0 459.778 7.7859e-10
2.355 1.4382 0 460.78 7.5849e-10
2.355 1.4382 0 461.783 7.38912e-10
2.355 1.4382 0 462.785 7.19842e-10
2.355 1.4382 0 463.788 7.01266e-10
2.355 1.4382 0 464.79 6.83171e-10
2.355 1.4382 0 465.793 6.65546e-10
2.355 1.4382 0 466.795 6.48377e-10
2.355 1.4382 0 467.798 6.31653e-10
2.355 1.4382 0 468.8 6.15362e-10
2.355 1.4382 0 469.803 5.99493e-10
2.355 1.4382 0 470.805 5.84036e-10
2.355 1.4382 0 471.807 5.68978e-10
2.355 1.4382 0 472.81 5.54311e-10
2.355 1.4382 0 473.812 5.40023e-10
2.355 1.4382 0 474.815 5.26105e-10
2.355 1.4382 0 475.817 5.12547e-10
2.355 1.4382 0 476.82 4.9934e-10
2.355 1.4382 0 477.822 4.86474e-10
2.355 1.4382 0 478.825 4.73941e-10
2.355 1.4382 0 479.827 4.61733e-10
2.355 1.4382 0 480.83 4.4984e-10
2.355 1.4382 0 481.832 4.38255e-10
2.355 1.4382 0 482.835 4.26969e-10
2.355 1.4382 0 483.837 4.15975e-10
2.355 1.4382 0 484.84 4.05265e-10
2.355 1.4382 0 485.842 3.94832e-10
2.355 1.4382 0 486.844 3.84668e-10
2.355 1.4382 0 487.847 3.74767e-10
2.355 1.4382 0 488.849 3.65122e-10
2.355 1.4382 0 489.852 3.55726e-10
2.355 1.4382 0 490.854 3.46573e-10
2.355 1.4382 0 491.857 3.37656e-10
2.355 1.4382 0 492.859 3.28969e-10
2.355 1.4382 0 493.862 3.20506e-10
2.355 1.4382 0 494.864 3.12262e-10
2.355 1.4382 0 495.867 3.04231e-10
2.355 1.4382 0 496.869 2.96407e-10
2.355 1.4382 0 497.872 2.88785e-10
2.355 1.4382 0 498.874 2.81359e-10
2.355 1.4382 0 499.877 2.74125e-10
2.355 1.4382 0 500.879 2.67078e-10
2.355 1.4382 0 501.882 2.60212e-10
2.355 1.4382 0 502.884 2.53524e-10
2.355 1.4382 0 503.886 2.47008e-10
2.355 1.4382 0 504.889 2.4066e-10
2.355 1.4382 0 505.891 2.34475e-10
2.355 1.4382 0 506.894 2.2845e-10
2.355 1.4382 0 507.896 2.22581e-10
2.355 1.4382 0 508.899 2.16862e-10
2.355 1.4382 0 509.901 2.11291e-10
2.355 1.4382 0 510.904 2.05864e-10
2.355 1.4382 0 511.906 2.00576e-10
2.355 1.4382 0 512.909 1.95425e-10
2.355 1.4382 0 513.911 1.90406e-10
2.355 1.4382 0 514.914 1.85517e-10
2.355 1.4382 0 515.916 1.80753e-10
2.355 1.4382 0 516.919 1.76112e-10
2.355 1.4382 0 517.921 1.71591e-10
2.355 1.4382 0 518.923 1.67186e-10
2.355 1.4382 0 519.926 1.62894e-10
2.355 1.4382 0 520.928 1.58713e-10
2.355 1.4382 0 521.931 1.5464e-10
2.355 1.4382 0 522.933 1.50671e-10
2.355 1.4382 0 523.936 1.46805e-10
2.355 1.4382 0 524.938 1.43038e-10
2.355 1.4382 0 525.941 1.39368e-10
2.355 1.4382 0 526.943 1.35792e-10
2.355 1.4382 0 527.946 1.32308e-10
2.355 1.4382 0 528.948 1.28914e-10
2.355 1.4382 0 529.951 1.25608e-10
2.355 1.4382 0 530.953 1.22386e-10
2.355 1.4382 0 531.956 1.19247e-10
2.355 1.4382 0 532.958 1.16189e-10
2.355 1.4382 0 533.961 1.1321e-10
2.355 1.4382 0 534.963 1.10307e-10
2.355 1.4382 0 535.965 1.07478e-10
2.355 1.4382 0 536.968 1.04723e-10
2.355 1.4382 0 537.97 1.02038e-10
2.355 1.4382 0 538.973 9.94223e-11
2.355 1.4382 0 539.975 9.68738e-11
2.355 1.4382 0 540.978 9.43907e-11
2.355 1.4382 0 541.98 9.19715e-11
2.355 1.4382 0 542.983 8.96144e-11
2.355 1.4382 0 543.985 8.73179e-11
2.355 1.4382 0 544.988 8.50804e-11
2.355 1.4382 0 545.99 8.29003e-11
2.355 1.4382 0 546.993 8.07763e-11
2.355 1.4382 0 547.995 7.87068e-11
2.355 1.4382 0 548.998 7.66904e-11
2.355 1.4382 0 550 7.47259e-11
