0.84 1.4382 0 150.015 1.44251e-06
0.84 1.4382 0 151.017 2.61224e-06
0.84 1.4382 0 152.02 2.70193e-06
0.84 1.4382 0 153.022 2.65549e-06
0.84 1.4382 0 154.025 2.60566e-06
0.84 1.4382 0 155.027 2.55938e-06
0.84 1.4382 0 156.03 2.51592e-06
0.84 1.4382 0 157.032 2.47461e-06
0.84 1.4382 0 158.035 2.435e-06
0.84 1.4382 0 159.037 2.3968e-06
0.84 1.4382 0 160.04 2.3598e-06
0.84 1.4382 0 161.042 2.32386e-06
0.84 1.4382 0 162.045 2.28887e-06
0.84 1.4382 0 163.047 2.25475e-06
0.84 1.4382 0 164.05 2.22142e-06
0.84 1.4382 0 165.052 2.18882e-06
0.84 1.4382 0 166.054 2.15692e-06
0.84 1.4382 0 167.057 2.12567e-06
0.84 1.4382 0 168.059 2.09503e-06
0.84 1.4382 0 169.062 2.06498e-06
0.84 1.4382 0 170.064 2.0355e-06
0.84 1.4382 0 171.067 2.00655e-06
0.84 1.4382 0 172.069 1.97813e-06
0.84 1.4382 0 173.072 1.9502e-06
0.84 1.4382 0 174.074 1.92275e-06
0.84 1.4382 0 175.077 1.89578e-06
0.84 1.4382 0 176.079 1.86926e-06
0.84 1.4382 0 177.082 1.84318e-06
0.84 1.4382 0 178.084 1.81752e-06
0.84 1.4382 0 179.087 1.79229e-06
0.84 1.4382 0 180.089 1.76746e-06
0.84 1.4382 0 181.092 1.74303e-06
0.84 1.4382 0 182.094 1.71898e-06
0.84 1.4382 0 183.096 1.69532e-06
0.84 1.4382 0 184.099 1.67202e-06
0.84 1.4382 0 185.101 1.64908e-06
0.84 1.4382 0 186.104 1.6265e-06
0.84 1.4382 0 187.106 1.60427e-06
0.84 1.4382 0 188.109 1.58237e-06
0.84 1.4382 0 189.111 1.56081e-06
0.84 1.4382 0 190.114 1.53957e-06
0.84 1.4382 0 191.116 1.51865e-06
0.84 1.4382 0 192.119 1.49804e-06
0.84 1.4382 0 193.121 1.47775e-06
0.84 1.4382 0 194.124 1.45775e-06
0.84 1.4382 0 195.126 1.43805e-06
0.84 1.4382 0 196.129 1.41864e-06
0.84 1.4382 0 197.131 1.39952e-06
0.84 1.4382 0 198.133 1.38068e-06
0.84 1.4382 0 199.136 1.36211e-06
0.84 1.4382 0 200.138 1.34381e-06
0.84 1.4382 0 201.141 1.32579e-06
0.84 1.4382 0 202.143 1.30802e-06
0.84 1.4382 0 203.146 1.29051e-06
0.84 1.4382 0 204.148 1.27325e-06
0.84 1.4382 0 205.151 1.25624e-06
0.84 1.4382 0 206.153 1.23948e-06
0.84 1.4382 0 207.156 1.22296e-06
0.84 1.4382 0 208.158 1.20667e-06
0.84 1.4382 0 209.161 1.19062e-06
0.84 1.4382 0 210.163 1.17479e-06
0.84 1.4382 0 211.166 1.15919e-06
0.84 1.4382 0 212.168 1.14382e-06
0.84 1.4382 0 213.171 1.12866e-06
0.84 1.4382 0 214.173 1.11372e-06
0.84 1.4382 0 215.175 1.09899e-06
0.84 1.4382 0 216.178 1.08446e-06
0.84 1.4382 0 217.18 1.07015e-06
0.84 1.4382 0 218.183 1.05603e-06
0.84 1.4382 0 219.185 1.04211e-06
0.84 1.4382 0 220.188 1.02839e-06
0.84 1.4382 0 221.19 1.01486e-06
0.84 1.4382 0 222.193 1.00152e-06
0.84 1.4382 0 223.195 9.88371e-07
0.84 1.4382 0 224.198 9.75403e-07
0.84 1.4382 0 225.2 9.62616e-07
0.84 1.4382 0 226.203 9.50008e-07
0.84 1.4382 0 227.205 9.37575e-07
0.84 1.4382 0 228.208 9.25316e-07
0.84 1.4382 0 229.21 9.13227e-07
0.84 1.4382 0 230.212 9.01306e-07
0.84 1.4382 0 231.215 8.89551e-07
0.84 1.4382 0 232.217 8.77958e-07
0.84 1.4382 0 233.22 8.66526e-07
0.84 1.4382 0 234.222 8.55253e-07
0.84 1.4382 0 235.225 8.44135e-07
0.84 1.4382 0 236.227 8.33171e-07
0.84 1.4382 0 237.23 8.22358e-07
0.84 1.4382 0 238.232 8.11694e-07
0.84 1.4382 0 239.235 8.01177e-07
0.84 1.4382 0 240.237 7.90804e-07
0.84 1.4382 0 241.24 7.80574e-07
0.84 1.4382 0 242.242 7.70485e-07
0.84 1.4382 0 243.245 7.60534e-07
0.84 1.4382 0 244.247 7.5072e-07
0.84 1.4382 0 245.25 7.41039e-07
0.84 1.4382 0 246.252 7.31492e-07
0.84 1.4382 0 247.254 7.22074e-07
0.84 1.4382 0 248.257 7.12786e-07
0.84 1.4382 0 249.259 7.03624e-07
0.84 1.4382 0 250.262 6.94587e-07
0.84 1.4382 0 251.264 6.85673e-07
0.84 1.4382 0 252.267 6.76881e-07
0.84 1.4382 0 253.269 6.68208e-07
0.84 1.4382 0 254.272 6.59653e-07
0.84 1.4382 0 255.274 6.51214e-07
0.84 1.4382 0 256.277 6.42889e-07
0.84 1.4382 0 257.279 6.34678e-07
0.84 1.4382 0 258.282 6.26577e-07
0.84 1.4382 0 259.284 6.18586e-07
0.84 1.4382 0 260.287 6.10704e-07
0.84 1.4382 0 261.289 6.02927e-07
0.84 1.4382 0 262.291 5.95256e-07
0.84 1.4382 0 263.294 5.87688e-07
0.84 1.4382 0 264.296 5.80222e-07
0.84 1.4382 0 265.299 5.72856e-07
0.84 1.4382 0 266.301 5.6559e-07
0.84 1.4382 0 267.304 5.58421e-07
0.84 1.4382 0 268.306 5.51349e-07
0.84 1.4382 0 269.309 5.44372e-07
0.84 1.4382 0 270.311 5.37488e-07
0.84 1.4382 0 271.314 5.30696e-07
0.84 1.4382 0 272.316 5.23995e-07
0.84 1.4382 0 273.319 5.17384e-07
0.84 1.4382 0 274.321 5.10861e-07
0.84 1.4382 0 275.324 5.04426e-07
0.84 1.4382 0 276.326 4.98076e-07
0.84 1.4382 0 277.329 4.91811e-07
0.84 1.4382 0 278.331 4.85629e-07
0.84 1.4382 0 279.333 4.7953e-07
0.84 1.4382 0 280.336 4.73512e-07
0.84 1.4382 0 281.338 4.67573e-07
0.84 1.4382 0 282.341 4.61714e-07
0.84 1.4382 0 283.343 4.55933e-07
0.84 1.4382 0 284.346 4.50228e-07
0.84 1.4382 0 285.348 4.44598e-07
0.84 1.4382 0 286.351 4.39044e-07
0.84 1.4382 0 287.353 4.33562e-07
0.84 1.4382 0 288.356 4.28153e-07
0.84 1.4382 0 289.358 4.22816e-07
0.84 1.4382 0 290.361 4.17549e-07
0.84 1.4382 0 291.363 4.12351e-07
0.84 1.4382 0 292.366 4.07222e-07
0.84 1.4382 0 293.368 4.02161e-07
0.84 1.4382 0 294.37 3.97166e-07
0.84 1.4382 0 295.373 3.92236e-07
0.84 1.4382 0 296.375 3.87372e-07
0.84 1.4382 0 297.378 3.82571e-07
0.84 1.4382 0 298.38 3.77833e-07
0.84 1.4382 0 299.383 3.73158e-07
0.84 1.4382 0 300.385 3.68543e-07
0.84 1.4382 0 301.388 3.63989e-07
0.84 1.4382 0 302.39 3.59495e-07
0.84 1.4382 0 303.393 3.55059e-07
0.84 1.4382 0 304.395 3.50681e-07
0.84 1.4382 0 305.398 3.4636e-07
0.84 1.4382 0 306.4 3.42095e-07
0.84 1.4382 0 307.403 3.37886e-07
0.84 1.4382 0 308.405 3.33732e-07
0.84 1.4382 0 309.408 3.29632e-07
0.84 1.4382 0 310.41 3.25585e-07
0.84 1.4382 0 311.412 3.2159e-07
0.84 1.4382 0 312.415 3.17648e-07
0.84 1.4382 0 313.417 3.13756e-07
0.84 1.4382 0 314.42 3.09915e-07
0.84 1.4382 0 315.422 3.06123e-07
0.84 1.4382 0 316.425 3.02381e-07
0.84 1.4382 0 317.427 2.98687e-07
0.84 1.4382 0 318.43 2.9504e-07
0.84 1.4382 0 319.432 2.91441e-07
0.84 1.4382 0 320.435 2.87888e-07
0.84 1.4382 0 321.437 2.84381e-07
0.84 1.4382 0 322.44 2.80919e-07
0.84 1.4382 0 323.442 2.77501e-07
0.84 1.4382 0 324.445 2.74127e-07
0.84 1.4382 0 325.447 2.70797e-07
0.84 1.4382 0 326.449 2.6751e-07
0.84 1.4382 0 327.452 2.64264e-07
0.84 1.4382 0 328.454 2.6106e-07
0.84 1.4382 0 329.457 2.57897e-07
0.84 1.4382 0 330.459 2.54775e-07
0.84 1.4382 0 331.462 2.51692e-07
0.84 1.4382 0 332.464 2.48649e-07
0.84 1.4382 0 333.467 2.45645e-07
0.84 1.4382 0 334.469 2.42679e-07
0.84 1.4382 0 335.472 2.3975e-07
0.84 1.4382 0 336.474 2.36859e-07
0.84 1.4382 0 337.477 2.34005e-07
0.84 1.4382 0 338.479 2.31187e-07
0.84 1.4382 0 339.482 2.28405e-07
0.84 1.4382 0 340.484 2.25658e-07
0.84 1.4382 0 341.487 2.22946e-07
0.84 1.4382 0 342.489 2.20269e-07
0.84 1.4382 0 343.491 2.17625e-07
0.84 1.4382 0 344.494 2.15015e-07
0.84 1.4382 0 345.496 2.12438e-07
0.84 1.4382 0 346.499 2.09893e-07
0.84 1.4382 0 347.501 2.0738e-07
0.84 1.4382 0 348.504 2.04899e-07
0.84 1.4382 0 349.506 2.0245e-07
0.84 1.4382 0 350.509 2.00031e-07
0.84 1.4382 0 351.511 1.97643e-07
0.84 1.4382 0 352.514 1.95284e-07
0.84 1.4382 0 353.516 1.92956e-07
0.84 1.4382 0 354.519 1.90656e-07
0.84 1.4382 0 355.521 1.88386e-07
0.84 1.4382 0 356.524 1.86144e-07
0.84 1.4382 0 357.526 1.8393e-07
0.84 1.4382 0 358.528 1.81744e-07
0.84 1.4382 0 359.531 1.79585e-07
0.84 1.4382 0 360.533 1.77453e-07
0.84 1.4382 0 361.536 1.75348e-07
0.84 1.4382 0 362.538 1.73269e-07
0.84 1.4382 0 363.541 1.71216e-07
0.84 1.4382 0 364.543 1.69188e-07
0.84 1.4382 0 365.546 1.67186e-07
0.84 1.4382 0 366.548 1.65209e-07
0.84 1.4382 0 367.551 1.63256e-07
0.84 1.4382 0 368.553 1.61328e-07
0.84 1.4382 0 369.556 1.59423e-07
0.84 1.4382 0 370.558 1.57542e-07
0.84 1.4382 0 371.561 1.55685e-07
0.84 1.4382 0 372.563 1.5385e-07
0.84 1.4382 0 373.566 1.52039e-07
0.84 1.4382 0 374.568 1.50249e-07
0.84 1.4382 0 375.57 1.48482e-07
0.84 1.4382 0 376.573 1.46737e-07
0.84 1.4382 0 377.575 1.45013e-07
0.84 1.4382 0 378.578 1.43311e-07
0.84 1.4382 0 379.58 1.41629e-07
0.84 1.4382 0 380.583 1.39968e-07
0.84 1.4382 0 381.585 1.38328e-07
0.84 1.4382 0 382.588 1.36708e-07
0.84 1.4382 0 383.59 1.35107e-07
0.84 1.4382 0 384.593 1.33527e-07
0.84 1.4382 0 385.595 1.31966e-07
0.84 1.4382 0 386.598 1.30424e-07
0.84 1.4382 0 387.6 1.28901e-07
0.84 1.4382 0 388.603 1.27396e-07
0.84 1.4382 0 389.605 1.2591e-07
0.84 1.4382 0 390.607 1.24442e-07
0.84 1.4382 0 391.61 1.22992e-07
0.84 1.4382 0 392.612 1.2156e-07
0.84 1.4382 0 393.615 1.20145e-07
0.84 1.4382 0 394.617 1.18748e-07
0.84 1.4382 0 395.62 1.17368e-07
0.84 1.4382 0 396.622 1.16004e-07
0.84 1.4382 0 397.625 1.14657e-07
0.84 1.4382 0 398.627 1.13327e-07
0.84 1.4382 0 399.63 1.12012e-07
0.84 1.4382 0 400.632 1.10714e-07
0.84 1.4382 0 401.635 1.09431e-07
0.84 1.4382 0 402.637 1.08164e-07
0.84 1.4382 0 403.64 1.06912e-07
0.84 1.4382 0 404.642 1.05676e-07
0.84 1.4382 0 405.645 1.04454e-07
0.84 1.4382 0 406.647 1.03248e-07
0.84 1.4382 0 407.649 1.02056e-07
0.84 1.4382 0 408.652 1.00878e-07
0.84 1.4382 0 409.654 9.97143e-08
0.84 1.4382 0 410.657 9.85648e-08
0.84 1.4382 0 411.659 9.74292e-08
0.84 1.4382 0 412.662 9.63073e-08
0.84 1.4382 0 413.664 9.51989e-08
0.84 1.4382 0 414.667 9.41038e-08
0.84 1.4382 0 415.669 9.3022e-08
0.84 1.4382 0 416.672 9.19531e-08
0.84 1.4382 0 417.674 9.08971e-08
0.84 1.4382 0 418.677 8.98538e-08
0.84 1.4382 0 419.679 8.8823e-08
0.84 1.4382 0 420.682 8.78045e-08
0.84 1.4382 0 421.684 8.67983e-08
0.84 1.4382 0 422.686 8.58041e-08
0.84 1.4382 0 423.689 8.48218e-08
0.84 1.4382 0 424.691 8.38513e-08
0.84 1.4382 0 425.694 8.28924e-08
0.84 1.4382 0 426.696 8.19449e-08
0.84 1.4382 0 427.699 8.10088e-08
0.84 1.4382 0 428.701 8.00838e-08
0.84 1.4382 0 429.704 7.91698e-08
0.84 1.4382 0 430.706 7.82668e-08
0.84 1.4382 0 431.709 7.73745e-08
0.84 1.4382 0 432.711 7.64928e-08
0.84 1.4382 0 433.714 7.56216e-08
0.84 1.4382 0 434.716 7.47608e-08
0.84 1.4382 0 435.719 7.39102e-08
0.84 1.4382 0 436.721 7.30697e-08
0.84 1.4382 0 437.724 7.22392e-08
0.84 1.4382 0 438.726 7.14185e-08
0.84 1.4382 0 439.728 7.06075e-08
0.84 1.4382 0 440.731 6.98062e-08
0.84 1.4382 0 441.733 6.90144e-08
0.84 1.4382 0 442.736 6.82319e-08
0.84 1.4382 0 443.738 6.74586e-08
0.84 1.4382 0 444.741 6.66945e-08
0.84 1.4382 0 445.743 6.59395e-08
0.84 1.4382 0 446.746 6.51933e-08
0.84 1.4382 0 447.748 6.4456e-08
0.84 1.4382 0 448.751 6.37273e-08
0.84 1.4382 0 449.753 6.30072e-08
0.84 1.4382 0 450.756 6.22956e-08
0.84 1.4382 0 451.758 6.15924e-08
0.84 1.4382 0 452.761 6.08974e-08
0.84 1.4382 0 453.763 6.02107e-08
0.84 1.4382 0 454.765 5.95319e-08
0.84 1.4382 0 455.768 5.88612e-08
0.84 1.4382 0 456.77 5.81983e-08
0.84 1.4382 0 457.773 5.75432e-08
0.84 1.4382 0 458.775 5.68958e-08
0.84 1.4382 0 459.778 5.62559e-08
0.84 1.4382 0 460.78 5.56236e-08
0.84 1.4382 0 461.783 5.49986e-08
0.84 1.4382 0 462.785 5.4381e-08
0.84 1.4382 0 463.788 5.37706e-08
0.84 1.4382 0 464.79 5.31673e-08
0.84 1.4382 0 465.793 5.2571e-08
0.84 1.4382 0 466.795 5.19817e-08
0.84 1.4382 0 467.798 5.13993e-08
0.84 1.4382 0 468.8 5.08237e-08
0.84 1.4382 0 469.803 5.02547e-08
0.84 1.4382 0 470.805 4.96924e-08
0.84 1.4382 0 471.807 4.91366e-08
0.84 1.4382 0 472.81 4.85873e-08
0.84 1.4382 0 473.812 4.80444e-08
0.84 1.4382 0 474.815 4.75078e-08
0.84 1.4382 0 475.817 4.69774e-08
0.84 1.4382 0 476.82 4.64532e-08
0.84 1.4382 0 477.822 4.5935e-08
0.84 1.4382 0 478.825 4.54229e-08
0.84 1.4382 0 479.827 4.49167e-08
0.84 1.4382 0 480.83 4.44163e-08
0.84 1.4382 0 481.832 4.39218e-08
0.84 1.4382 0 482.835 4.34329e-08
0.84 1.4382 0 483.837 4.29497e-08
0.84 1.4382 0 484.84 4.24721e-08
0.84 1.4382 0 485.842 4.2e-08
0.84 1.4382 0 486.844 4.15334e-08
0.84 1.4382 0 487.847 4.10721e-08
0.84 1.4382 0 488.849 4.06162e-08
0.84 1.4382 0 489.852 4.01655e-08
0.84 1.4382 0 490.854 3.972e-08
0.84 1.4382 0 491.857 3.92796e-08
0.84 1.4382 0 492.859 3.88443e-08
0.84 1.4382 0 493.862 3.8414e-08
0.84 1.4382 0 494.864 3.79886e-08
0.84 1.4382 0 495.867 3.75681e-08
0.84 1.4382 0 496.869 3.71525e-08
0.84 1.4382 0 497.872 3.67416e-08
0.84 1.4382 0 498.874 3.63355e-08
0.84 1.4382 0 499.877 3.59339e-08
0.84 1.4382 0 500.879 3.5537e-08
0.84 1.4382 0 501.882 3.51447e-08
0.84 1.4382 0 502.884 3.47568e-08
0.84 1.4382 0 503.886 3.43734e-08
0.84 1.4382 0 504.889 3.39943e-08
0.84 1.4382 0 505.891 3.36196e-08
0.84 1.4382 0 506.894 3.32492e-08
0.84 1.4382 0 507.896 3.28829e-08
0.84 1.4382 0 508.899 3.25209e-08
0.84 1.4382 0 509.901 3.2163e-08
0.84 1.4382 0 510.904 3.18092e-08
0.84 1.4382 0 511.906 3.14594e-08
0.84 1.4382 0 512.909 3.11136e-08
0.84 1.4382 0 513.911 3.07717e-08
0.84 1.4382 0 514.914 3.04337e-08
0.84 1.4382 0 515.916 3.00996e-08
0.84 1.4382 0 516.919 2.97693e-08
0.84 1.4382 0 517.921 2.94427e-08
0.84 1.4382 0 518.923 2.91198e-08
0.84 1.4382 0 519.926 2.88006e-08
0.84 1.4382 0 520.928 2.8485e-08
0.84 1.4382 0 521.931 2.8173e-08
0.84 1.4382 0 522.933 2.78645e-08
0.84 1.4382 0 523.936 2.75595e-08
0.84 1.4382 0 524.938 2.7258e-08
0.84 1.4382 0 525.941 2.69599e-08
0.84 1.4382 0 526.943 2.66651e-08
0.84 1.4382 0 527.946 2.63737e-08
0.84 1.4382 0 528.948 2.60856e-08
0.84 1.4382 0 529.951 2.58008e-08
0.84 1.4382 0 530.953 2.55191e-08
0.84 1.4382 0 531.956 2.52406e-08
0.84 1.4382 0 532.958 2.49653e-08
0.84 1.4382 0 533.961 2.46931e-08
0.84 1.4382 0 534.963 2.44239e-08
0.84 1.4382 0 535.965 2.41578e-08
0.84 1.4382 0 536.968 2.38947e-08
0.84 1.4382 0 537.97 2.36345e-08
0.84 1.4382 0 538.973 2.33773e-08
0.84 1.4382 0 539.975 2.3123e-08
0.84 1.4382 0 540.978 2.28715e-08
0.84 1.4382 0 541.98 2.26228e-08
0.84 1.4382 0 542.983 2.23769e-08
0.84 1.4382 0 543.985 2.21338e-08
0.84 1.4382 0 544.988 2.18935e-08
0.84 1.4382 0 545.99 2.16558e-08
0.84 1.4382 0 546.993 2.14208e-08
0.84 1.4382 0 547.995 2.11884e-08
0.84 1.4382 0 548.998 2.09586e-08
0.84 1.4382 0 550 2.07314e-08
