0.905 1.4382 0 150.015 7.3008e-07
0.905 1.4382 0 151.017 1.30903e-06
0.905 1.4382 0 152.02 1.33893e-06
0.905 1.4382 0 153.022 1.30524e-06
0.905 1.4382 0 154.025 1.27294e-06
0.905 1.4382 0 155.027 1.2442e-06
0.905 1.4382 0 156.03 1.21803e-06
0.905 1.4382 0 157.032 1.19374e-06
0.905 1.4382 0 158.035 1.17088e-06
0.905 1.4382 0 159.037 1.14919e-06
0.905 1.4382 0 160.04 1.12847e-06
0.905 1.4382 0 161.042 1.10857e-06
0.905 1.4382 0 162.045 1.0894e-06
0.905 1.4382 0 163.047 1.07087e-06
0.905 1.4382 0 164.05 1.05292e-06
0.905 1.4382 0 165.052 1.03549e-06
0.905 1.4382 0 166.054 1.01856e-06
0.905 1.4382 0 167.057 1.00207e-06
0.905 1.4382 0 168.059 9.85994e-07
0.905 1.4382 0 169.062 9.70315e-07
0.905 1.4382 0 170.064 9.55004e-07
0.905 1.4382 0 171.067 9.40044e-07
0.905 1.4382 0 172.069 9.25415e-07
0.905 1.4382 0 173.072 9.11103e-07
0.905 1.4382 0 174.074 8.97092e-07
0.905 1.4382 0 175.077 8.83371e-07
0.905 1.4382 0 176.079 8.69928e-07
0.905 1.4382 0 177.082 8.56752e-07
0.905 1.4382 0 178.084 8.43833e-07
0.905 1.4382 0 179.087 8.31162e-07
0.905 1.4382 0 180.089 8.18732e-07
0.905 1.4382 0 181.092 8.06533e-07
0.905 1.4382 0 182.094 7.94559e-07
0.905 1.4382 0 183.096 7.82804e-07
0.905 1.4382 0 184.099 7.7126e-07
0.905 1.4382 0 185.101 7.59922e-07
0.905 1.4382 0 186.104 7.48783e-07
0.905 1.4382 0 187.106 7.3784e-07
0.905 1.4382 0 188.109 7.27086e-07
0.905 1.4382 0 189.111 7.16516e-07
0.905 1.4382 0 190.114 7.06127e-07
0.905 1.4382 0 191.116 6.95913e-07
0.905 1.4382 0 192.119 6.85871e-07
0.905 1.4382 0 193.121 6.75996e-07
0.905 1.4382 0 194.124 6.66285e-07
0.905 1.4382 0 195.126 6.56733e-07
0.905 1.4382 0 196.129 6.47338e-07
0.905 1.4382 0 197.131 6.38096e-07
0.905 1.4382 0 198.133 6.29003e-07
0.905 1.4382 0 199.136 6.20057e-07
0.905 1.4382 0 200.138 6.11254e-07
0.905 1.4382 0 201.141 6.02592e-07
0.905 1.4382 0 202.143 5.94067e-07
0.905 1.4382 0 203.146 5.85676e-07
0.905 1.4382 0 204.148 5.77418e-07
0.905 1.4382 0 205.151 5.6929e-07
0.905 1.4382 0 206.153 5.61288e-07
0.905 1.4382 0 207.156 5.53411e-07
0.905 1.4382 0 208.158 5.45655e-07
0.905 1.4382 0 209.161 5.3802e-07
0.905 1.4382 0 210.163 5.30502e-07
0.905 1.4382 0 211.166 5.231e-07
0.905 1.4382 0 212.168 5.15811e-07
0.905 1.4382 0 213.171 5.08633e-07
0.905 1.4382 0 214.173 5.01565e-07
0.905 1.4382 0 215.175 4.94603e-07
0.905 1.4382 0 216.178 4.87747e-07
0.905 1.4382 0 217.18 4.80994e-07
0.905 1.4382 0 218.183 4.74343e-07
0.905 1.4382 0 219.185 4.67792e-07
0.905 1.4382 0 220.188 4.61339e-07
0.905 1.4382 0 221.19 4.54983e-07
0.905 1.4382 0 222.193 4.48721e-07
0.905 1.4382 0 223.195 4.42552e-07
0.905 1.4382 0 224.198 4.36475e-07
0.905 1.4382 0 225.2 4.30488e-07
0.905 1.4382 0 226.203 4.2459e-07
0.905 1.4382 0 227.205 4.18778e-07
0.905 1.4382 0 228.208 4.13052e-07
0.905 1.4382 0 229.21 4.07411e-07
0.905 1.4382 0 230.212 4.01852e-07
0.905 1.4382 0 231.215 3.96374e-07
0.905 1.4382 0 232.217 3.90977e-07
0.905 1.4382 0 233.22 3.85658e-07
0.905 1.4382 0 234.222 3.80417e-07
0.905 1.4382 0 235.225 3.75252e-07
0.905 1.4382 0 236.227 3.70162e-07
0.905 1.4382 0 237.23 3.65146e-07
0.905 1.4382 0 238.232 3.60203e-07
0.905 1.4382 0 239.235 3.55331e-07
0.905 1.4382 0 240.237 3.50529e-07
0.905 1.4382 0 241.24 3.45797e-07
0.905 1.4382 0 242.242 3.41132e-07
0.905 1.4382 0 243.245 3.36535e-07
0.905 1.4382 0 244.247 3.32004e-07
0.905 1.4382 0 245.25 3.27538e-07
0.905 1.4382 0 246.252 3.23136e-07
0.905 1.4382 0 247.254 3.18796e-07
0.905 1.4382 0 248.257 3.14519e-07
0.905 1.4382 0 249.259 3.10303e-07
0.905 1.4382 0 250.262 3.06146e-07
0.905 1.4382 0 251.264 3.02049e-07
0.905 1.4382 0 252.267 2.98011e-07
0.905 1.4382 0 253.269 2.94029e-07
0.905 1.4382 0 254.272 2.90104e-07
0.905 1.4382 0 255.274 2.86234e-07
0.905 1.4382 0 256.277 2.8242e-07
0.905 1.4382 0 257.279 2.78659e-07
0.905 1.4382 0 258.282 2.74951e-07
0.905 1.4382 0 259.284 2.71296e-07
0.905 1.4382 0 260.287 2.67692e-07
0.905 1.4382 0 261.289 2.64139e-07
0.905 1.4382 0 262.291 2.60635e-07
0.905 1.4382 0 263.294 2.57181e-07
0.905 1.4382 0 264.296 2.53776e-07
0.905 1.4382 0 265.299 2.50418e-07
0.905 1.4382 0 266.301 2.47107e-07
0.905 1.4382 0 267.304 2.43842e-07
0.905 1.4382 0 268.306 2.40623e-07
0.905 1.4382 0 269.309 2.37449e-07
0.905 1.4382 0 270.311 2.34319e-07
0.905 1.4382 0 271.314 2.31233e-07
0.905 1.4382 0 272.316 2.2819e-07
0.905 1.4382 0 273.319 2.25189e-07
0.905 1.4382 0 274.321 2.2223e-07
0.905 1.4382 0 275.324 2.19312e-07
0.905 1.4382 0 276.326 2.16434e-07
0.905 1.4382 0 277.329 2.13596e-07
0.905 1.4382 0 278.331 2.10797e-07
0.905 1.4382 0 279.333 2.08038e-07
0.905 1.4382 0 280.336 2.05316e-07
0.905 1.4382 0 281.338 2.02632e-07
0.905 1.4382 0 282.341 1.99984e-07
0.905 1.4382 0 283.343 1.97374e-07
0.905 1.4382 0 284.346 1.94799e-07
0.905 1.4382 0 285.348 1.9226e-07
0.905 1.4382 0 286.351 1.89755e-07
0.905 1.4382 0 287.353 1.87285e-07
0.905 1.4382 0 288.356 1.84849e-07
0.905 1.4382 0 289.358 1.82446e-07
0.905 1.4382 0 290.361 1.80076e-07
0.905 1.4382 0 291.363 1.77739e-07
0.905 1.4382 0 292.366 1.75434e-07
0.905 1.4382 0 293.368 1.7316e-07
0.905 1.4382 0 294.37 1.70917e-07
0.905 1.4382 0 295.373 1.68704e-07
0.905 1.4382 0 296.375 1.66522e-07
0.905 1.4382 0 297.378 1.6437e-07
0.905 1.4382 0 298.38 1.62247e-07
0.905 1.4382 0 299.383 1.60152e-07
0.905 1.4382 0 300.385 1.58086e-07
0.905 1.4382 0 301.388 1.56049e-07
0.905 1.4382 0 302.39 1.54038e-07
0.905 1.4382 0 303.393 1.52055e-07
0.905 1.4382 0 304.395 1.50099e-07
0.905 1.4382 0 305.398 1.4817e-07
0.905 1.4382 0 306.4 1.46266e-07
0.905 1.4382 0 307.403 1.44388e-07
0.905 1.4382 0 308.405 1.42536e-07
0.905 1.4382 0 309.408 1.40708e-07
0.905 1.4382 0 310.41 1.38905e-07
0.905 1.4382 0 311.412 1.37127e-07
0.905 1.4382 0 312.415 1.35372e-07
0.905 1.4382 0 313.417 1.33641e-07
0.905 1.4382 0 314.42 1.31933e-07
0.905 1.4382 0 315.422 1.30248e-07
0.905 1.4382 0 316.425 1.28586e-07
0.905 1.4382 0 317.427 1.26946e-07
0.905 1.4382 0 318.43 1.25328e-07
0.905 1.4382 0 319.432 1.23732e-07
0.905 1.4382 0 320.435 1.22156e-07
0.905 1.4382 0 321.437 1.20602e-07
0.905 1.4382 0 322.44 1.19069e-07
0.905 1.4382 0 323.442 1.17556e-07
0.905 1.4382 0 324.445 1.16064e-07
0.905 1.4382 0 325.447 1.14591e-07
0.905 1.4382 0 326.449 1.13138e-07
0.905 1.4382 0 327.452 1.11704e-07
0.905 1.4382 0 328.454 1.10289e-07
0.905 1.4382 0 329.457 1.08894e-07
0.905 1.4382 0 330.459 1.07516e-07
0.905 1.4382 0 331.462 1.06157e-07
0.905 1.4382 0 332.464 1.04816e-07
0.905 1.4382 0 333.467 1.03493e-07
0.905 1.4382 0 334.469 1.02187e-07
0.905 1.4382 0 335.472 1.00898e-07
0.905 1.4382 0 336.474 9.96266e-08
0.905 1.4382 0 337.477 9.83719e-08
0.905 1.4382 0 338.479 9.71337e-08
0.905 1.4382 0 339.482 9.59119e-08
0.905 1.4382 0 340.484 9.47061e-08
0.905 1.4382 0 341.487 9.35162e-08
0.905 1.4382 0 342.489 9.2342e-08
0.905 1.4382 0 343.491 9.11833e-08
0.905 1.4382 0 344.494 9.00397e-08
0.905 1.4382 0 345.496 8.89112e-08
0.905 1.4382 0 346.499 8.77975e-08
0.905 1.4382 0 347.501 8.66984e-08
0.905 1.4382 0 348.504 8.56137e-08
0.905 1.4382 0 349.506 8.45432e-08
0.905 1.4382 0 350.509 8.34867e-08
0.905 1.4382 0 351.511 8.2444e-08
0.905 1.4382 0 352.514 8.1415e-08
0.905 1.4382 0 353.516 8.03993e-08
0.905 1.4382 0 354.519 7.9397e-08
0.905 1.4382 0 355.521 7.84077e-08
0.905 1.4382 0 356.524 7.74313e-08
0.905 1.4382 0 357.526 7.64676e-08
0.905 1.4382 0 358.528 7.55165e-08
0.905 1.4382 0 359.531 7.45777e-08
0.905 1.4382 0 360.533 7.36512e-08
0.905 1.4382 0 361.536 7.27366e-08
0.905 1.4382 0 362.538 7.1834e-08
0.905 1.4382 0 363.541 7.0943e-08
0.905 1.4382 0 364.543 7.00636e-08
0.905 1.4382 0 365.546 6.91956e-08
0.905 1.4382 0 366.548 6.83388e-08
0.905 1.4382 0 367.551 6.74931e-08
0.905 1.4382 0 368.553 6.66583e-08
0.905 1.4382 0 369.556 6.58344e-08
0.905 1.4382 0 370.558 6.5021e-08
0.905 1.4382 0 371.561 6.42182e-08
0.905 1.4382 0 372.563 6.34257e-08
0.905 1.4382 0 373.566 6.26434e-08
0.905 1.4382 0 374.568 6.18712e-08
0.905 1.4382 0 375.57 6.11089e-08
0.905 1.4382 0 376.573 6.03564e-08
0.905 1.4382 0 377.575 5.96136e-08
0.905 1.4382 0 378.578 5.88803e-08
0.905 1.4382 0 379.58 5.81565e-08
0.905 1.4382 0 380.583 5.74419e-08
0.905 1.4382 0 381.585 5.67365e-08
0.905 1.4382 0 382.588 5.60401e-08
0.905 1.4382 0 383.59 5.53526e-08
0.905 1.4382 0 384.593 5.4674e-08
0.905 1.4382 0 385.595 5.4004e-08
0.905 1.4382 0 386.598 5.33425e-08
0.905 1.4382 0 387.6 5.26896e-08
0.905 1.4382 0 388.603 5.20449e-08
0.905 1.4382 0 389.605 5.14085e-08
0.905 1.4382 0 390.607 5.07801e-08
0.905 1.4382 0 391.61 5.01598e-08
0.905 1.4382 0 392.612 4.95474e-08
0.905 1.4382 0 393.615 4.89428e-08
0.905 1.4382 0 394.617 4.83458e-08
0.905 1.4382 0 395.62 4.77565e-08
0.905 1.4382 0 396.622 4.71746e-08
0.905 1.4382 0 397.625 4.66001e-08
0.905 1.4382 0 398.627 4.60329e-08
0.905 1.4382 0 399.63 4.54729e-08
0.905 1.4382 0 400.632 4.49199e-08
0.905 1.4382 0 401.635 4.4374e-08
0.905 1.4382 0 402.637 4.3835e-08
0.905 1.4382 0 403.64 4.33028e-08
0.905 1.4382 0 404.642 4.27773e-08
0.905 1.4382 0 405.645 4.22584e-08
0.905 1.4382 0 406.647 4.17461e-08
0.905 1.4382 0 407.649 4.12403e-08
0.905 1.4382 0 408.652 4.07408e-08
0.905 1.4382 0 409.654 4.02477e-08
0.905 1.4382 0 410.657 3.97607e-08
0.905 1.4382 0 411.659 3.92799e-08
0.905 1.4382 0 412.662 3.88051e-08
0.905 1.4382 0 413.664 3.83362e-08
0.905 1.4382 0 414.667 3.78733e-08
0.905 1.4382 0 415.669 3.74162e-08
0.905 1.4382 0 416.672 3.69648e-08
0.905 1.4382 0 417.674 3.65191e-08
0.905 1.4382 0 418.677 3.60789e-08
0.905 1.4382 0 419.679 3.56443e-08
0.905 1.4382 0 420.682 3.52151e-08
0.905 1.4382 0 421.684 3.47913e-08
0.905 1.4382 0 422.686 3.43728e-08
0.905 1.4382 0 423.689 3.39595e-08
0.905 1.4382 0 424.691 3.35513e-08
0.905 1.4382 0 425.694 3.31483e-08
0.905 1.4382 0 426.696 3.27503e-08
0.905 1.4382 0 427.699 3.23572e-08
0.905 1.4382 0 428.701 3.19691e-08
0.905 1.4382 0 429.704 3.15858e-08
0.905 1.4382 0 430.706 3.12072e-08
0.905 1.4382 0 431.709 3.08334e-08
0.905 1.4382 0 432.711 3.04642e-08
0.905 1.4382 0 433.714 3.00996e-08
0.905 1.4382 0 434.716 2.97395e-08
0.905 1.4382 0 435.719 2.93839e-08
0.905 1.4382 0 436.721 2.90327e-08
0.905 1.4382 0 437.724 2.86859e-08
0.905 1.4382 0 438.726 2.83433e-08
0.905 1.4382 0 439.728 2.8005e-08
0.905 1.4382 0 440.731 2.76709e-08
0.905 1.4382 0 441.733 2.73409e-08
0.905 1.4382 0 442.736 2.7015e-08
0.905 1.4382 0 443.738 2.66931e-08
0.905 1.4382 0 444.741 2.63752e-08
0.905 1.4382 0 445.743 2.60613e-08
0.905 1.4382 0 446.746 2.57512e-08
0.905 1.4382 0 447.748 2.54449e-08
0.905 1.4382 0 448.751 2.51424e-08
0.905 1.4382 0 449.753 2.48436e-08
0.905 1.4382 0 450.756 2.45485e-08
0.905 1.4382 0 451.758 2.4257e-08
0.905 1.4382 0 452.761 2.39692e-08
0.905 1.4382 0 453.763 2.36848e-08
0.905 1.4382 0 454.765 2.3404e-08
0.905 1.4382 0 455.768 2.31265e-08
0.905 1.4382 0 456.77 2.28525e-08
0.905 1.4382 0 457.773 2.25819e-08
0.905 1.4382 0 458.775 2.23146e-08
0.905 1.4382 0 459.778 2.20505e-08
0.905 1.4382 0 460.78 2.17897e-08
0.905 1.4382 0 461.783 2.15321e-08
0.905 1.4382 0 462.785 2.12776e-08
0.905 1.4382 0 463.788 2.10263e-08
0.905 1.4382 0 464.79 2.0778e-08
0.905 1.4382 0 465.793 2.05328e-08
0.905 1.4382 0 466.795 2.02905e-08
0.905 1.4382 0 467.798 2.00512e-08
0.905 1.4382 0 468.8 1.98148e-08
0.905 1.4382 0 469.803 1.95813e-08
0.905 1.4382 0 470.805 1.93507e-08
0.905 1.4382 0 471.807 1.91228e-08
0.905 1.4382 0 472.81 1.88977e-08
0.905 1.4382 0 473.812 1.86754e-08
0.905 1.4382 0 474.815 1.84558e-08
0.905 1.4382 0 475.817 1.82388e-08
0.905 1.4382 0 476.82 1.80245e-08
0.905 1.4382 0 477.822 1.78128e-08
0.905 1.4382 0 478.825 1.76036e-08
0.905 1.4382 0 479.827 1.7397e-08
0.905 1.4382 0 480.83 1.71929e-08
0.905 1.4382 0 481.832 1.69913e-08
0.905 1.4382 0 482.835 1.67921e-08
0.905 1.4382 0 483.837 1.65953e-08
0.905 1.4382 0 484.84 1.64009e-08
0.905 1.4382 0 485.842 1.62089e-08
0.905 1.4382 0 486.844 1.60191e-08
0.905 1.4382 0 487.847 1.58317e-08
0.905 1.4382 0 488.849 1.56465e-08
0.905 1.4382 0 489.852 1.54636e-08
0.905 1.4382 0 490.854 1.52829e-08
0.905 1.4382 0 491.857 1.51043e-08
0.905 1.4382 0 492.859 1.4928e-08
0.905 1.4382 0 493.862 1.47537e-08
0.905 1.4382 0 494.864 1.45815e-08
0.905 1.4382 0 495.867 1.44114e-08
0.905 1.4382 0 496.869 1.42434e-08
0.905 1.4382 0 497.872 1.40774e-08
0.905 1.4382 0 498.874 1.39133e-08
0.905 1.4382 0 499.877 1.37513e-08
0.905 1.4382 0 500.879 1.35912e-08
0.905 1.4382 0 501.882 1.3433e-08
0.905 1.4382 0 502.884 1.32767e-08
0.905 1.4382 0 503.886 1.31223e-08
0.905 1.4382 0 504.889 1.29697e-08
0.905 1.4382 0 505.891 1.2819e-08
0.905 1.4382 0 506.894 1.26701e-08
0.905 1.4382 0 507.896 1.25229e-08
0.905 1.4382 0 508.899 1.23775e-08
0.905 1.4382 0 509.901 1.22339e-08
0.905 1.4382 0 510.904 1.2092e-08
0.905 1.4382 0 511.906 1.19517e-08
0.905 1.4382 0 512.909 1.18132e-08
0.905 1.4382 0 513.911 1.16763e-08
0.905 1.4382 0 514.914 1.1541e-08
0.905 1.4382 0 515.916 1.14074e-08
0.905 1.4382 0 516.919 1.12753e-08
0.905 1.4382 0 517.921 1.11448e-08
0.905 1.4382 0 518.923 1.10159e-08
0.905 1.4382 0 519.926 1.08885e-08
0.905 1.4382 0 520.928 1.07626e-08
0.905 1.4382 0 521.931 1.06383e-08
0.905 1.4382 0 522.933 1.05154e-08
0.905 1.4382 0 523.936 1.03939e-08
0.905 1.4382 0 524.938 1.02739e-08
0.905 1.4382 0 525.941 1.01554e-08
0.905 1.4382 0 526.943 1.00382e-08
0.905 1.4382 0 527.946 9.92246e-09
0.905 1.4382 0 528.948 9.80807e-09
0.905 1.4382 0 529.951 9.69504e-09
0.905 1.4382 0 530.953 9.58334e-09
0.905 1.4382 0 531.956 9.47297e-09
0.905 1.4382 0 532.958 9.36391e-09
0.905 1.4382 0 533.961 9.25614e-09
0.905 1.4382 0 534.963 9.14964e-09
0.905 1.4382 0 535.965 9.04441e-09
0.905 1.4382 0 536.968 8.94042e-09
0.905 1.4382 0 537.97 8.83766e-09
0.905 1.4382 0 538.973 8.73612e-09
0.905 1.4382 0 539.975 8.63577e-09
0.905 1.4382 0 540.978 8.53661e-09
0.905 1.4382 0 541.98 8.43862e-09
0.905 1.4382 0 542.983 8.34178e-09
0.905 1.4382 0 543.985 8.24609e-09
0.905 1.4382 0 544.988 8.15153e-09
0.905 1.4382 0 545.99 8.05808e-09
0.905 1.4382 0 546.993 7.96573e-09
0.905 1.4382 0 547.995 7.87447e-09
0.905 1.4382 0 548.998 7.78429e-09
0.905 1.4382 0 550 7.69516e-09
