2.77 1.4382 0 150.015 1.65289e-05
2.77 1.4382 0 151.017 2.84168e-05
2.77 1.4382 0 152.02 2.93803e-05
2.77 1.4382 0 153.022 2.79589e-05
2.77 1.4382 0 154.025 2.63816e-05
2.77 1.4382 0 155.027 2.48987e-05
2.77 1.4382 0 156.03 2.35239e-05
2.77 1.4382 0 157.032 2.22483e-05
2.77 1.4382 0 158.035 2.10621e-05
2.77 1.4382 0 159.037 1.99573e-05
2.77 1.4382 0 160.04 1.89265e-05
2.77 1.4382 0 161.042 1.79634e-05
2.77 1.4382 0 162.045 1.70624e-05
2.77 1.4382 0 163.047 1.62185e-05
2.77 1.4382 0 164.05 1.54271e-05
2.77 1.4382 0 165.052 1.46841e-05
2.77 1.4382 0 166.054 1.39859e-05
2.77 1.4382 0 167.057 1.33291e-05
2.77 1.4382 0 168.059 1.27106e-05
2.77 1.4382 0 169.062 1.21277e-05
2.77 1.4382 0 170.064 1.15778e-05
2.77 1.4382 0 171.067 1.10585e-05
2.77 1.4382 0 172.069 1.05679e-05
2.77 1.4382 0 173.072 1.01038e-05
2.77 1.4382 0 174.074 9.66458e-06
2.77 1.4382 0 175.077 9.24851e-06
2.77 1.4382 0 176.079 8.8541e-06
2.77 1.4382 0 177.082 8.47996e-06
2.77 1.4382 0 178.084 8.12478e-06
2.77 1.4382 0 179.087 7.78739e-06
2.77 1.4382 0 180.089 7.46669e-06
2.77 1.4382 0 181.092 7.16165e-06
2.77 1.4382 0 182.094 6.87134e-06
2.77 1.4382 0 183.096 6.59489e-06
2.77 1.4382 0 184.099 6.33148e-06
2.77 1.4382 0 185.101 6.08036e-06
2.77 1.4382 0 186.104 5.84084e-06
2.77 1.4382 0 187.106 5.61226e-06
2.77 1.4382 0 188.109 5.39401e-06
2.77 1.4382 0 189.111 5.18553e-06
2.77 1.4382 0 190.114 4.98629e-06
2.77 1.4382 0 191.116 4.7958e-06
2.77 1.4382 0 192.119 4.6136e-06
2.77 1.4382 0 193.121 4.43925e-06
2.77 1.4382 0 194.124 4.27236e-06
2.77 1.4382 0 195.126 4.11254e-06
2.77 1.4382 0 196.129 3.95944e-06
2.77 1.4382 0 197.131 3.81272e-06
2.77 1.4382 0 198.133 3.67207e-06
2.77 1.4382 0 199.136 3.5372e-06
2.77 1.4382 0 200.138 3.40783e-06
2.77 1.4382 0 201.141 3.28369e-06
2.77 1.4382 0 202.143 3.16455e-06
2.77 1.4382 0 203.146 3.05016e-06
2.77 1.4382 0 204.148 2.94031e-06
2.77 1.4382 0 205.151 2.83479e-06
2.77 1.4382 0 206.153 2.73341e-06
2.77 1.4382 0 207.156 2.63598e-06
2.77 1.4382 0 208.158 2.54233e-06
2.77 1.4382 0 209.161 2.45228e-06
2.77 1.4382 0 210.163 2.36568e-06
2.77 1.4382 0 211.166 2.28239e-06
2.77 1.4382 0 212.168 2.20225e-06
2.77 1.4382 0 213.171 2.12514e-06
2.77 1.4382 0 214.173 2.05093e-06
2.77 1.4382 0 215.175 1.9795e-06
2.77 1.4382 0 216.178 1.91072e-06
2.77 1.4382 0 217.18 1.84449e-06
2.77 1.4382 0 218.183 1.78071e-06
2.77 1.4382 0 219.185 1.71928e-06
2.77 1.4382 0 220.188 1.6601e-06
2.77 1.4382 0 221.19 1.60307e-06
2.77 1.4382 0 222.193 1.54812e-06
2.77 1.4382 0 223.195 1.49516e-06
2.77 1.4382 0 224.198 1.44412e-06
2.77 1.4382 0 225.2 1.39491e-06
2.77 1.4382 0 226.203 1.34747e-06
2.77 1.4382 0 227.205 1.30172e-06
2.77 1.4382 0 228.208 1.2576e-06
2.77 1.4382 0 229.21 1.21506e-06
2.77 1.4382 0 230.212 1.17402e-06
2.77 1.4382 0 231.215 1.13443e-06
2.77 1.4382 0 232.217 1.09623e-06
2.77 1.4382 0 233.22 1.05938e-06
2.77 1.4382 0 234.222 1.02383e-06
2.77 1.4382 0 235.225 9.89513e-07
2.77 1.4382 0 236.227 9.56397e-07
2.77 1.4382 0 237.23 9.24433e-07
2.77 1.4382 0 238.232 8.9358e-07
2.77 1.4382 0 239.235 8.63796e-07
2.77 1.4382 0 240.237 8.35043e-07
2.77 1.4382 0 241.24 8.07282e-07
2.77 1.4382 0 242.242 7.80476e-07
2.77 1.4382 0 243.245 7.54593e-07
2.77 1.4382 0 244.247 7.29597e-07
2.77 1.4382 0 245.25 7.05457e-07
2.77 1.4382 0 246.252 6.82143e-07
2.77 1.4382 0 247.254 6.59623e-07
2.77 1.4382 0 248.257 6.37871e-07
2.77 1.4382 0 249.259 6.16859e-07
2.77 1.4382 0 250.262 5.96559e-07
2.77 1.4382 0 251.264 5.76948e-07
2.77 1.4382 0 252.267 5.58e-07
2.77 1.4382 0 253.269 5.39692e-07
2.77 1.4382 0 254.272 5.22002e-07
2.77 1.4382 0 255.274 5.04907e-07
2.77 1.4382 0 256.277 4.88388e-07
2.77 1.4382 0 257.279 4.72423e-07
2.77 1.4382 0 258.282 4.56994e-07
2.77 1.4382 0 259.284 4.42082e-07
2.77 1.4382 0 260.287 4.27668e-07
2.77 1.4382 0 261.289 4.13736e-07
2.77 1.4382 0 262.291 4.00269e-07
2.77 1.4382 0 263.294 3.87251e-07
2.77 1.4382 0 264.296 3.74666e-07
2.77 1.4382 0 265.299 3.62499e-07
2.77 1.4382 0 266.301 3.50737e-07
2.77 1.4382 0 267.304 3.39365e-07
2.77 1.4382 0 268.306 3.28369e-07
2.77 1.4382 0 269.309 3.17737e-07
2.77 1.4382 0 270.311 3.07457e-07
2.77 1.4382 0 271.314 2.97517e-07
2.77 1.4382 0 272.316 2.87904e-07
2.77 1.4382 0 273.319 2.78608e-07
2.77 1.4382 0 274.321 2.69619e-07
2.77 1.4382 0 275.324 2.60925e-07
2.77 1.4382 0 276.326 2.52517e-07
2.77 1.4382 0 277.329 2.44385e-07
2.77 1.4382 0 278.331 2.36519e-07
2.77 1.4382 0 279.333 2.28912e-07
2.77 1.4382 0 280.336 2.21554e-07
2.77 1.4382 0 281.338 2.14436e-07
2.77 1.4382 0 282.341 2.07551e-07
2.77 1.4382 0 283.343 2.00891e-07
2.77 1.4382 0 284.346 1.94449e-07
2.77 1.4382 0 285.348 1.88216e-07
2.77 1.4382 0 286.351 1.82187e-07
2.77 1.4382 0 287.353 1.76354e-07
2.77 1.4382 0 288.356 1.70711e-07
2.77 1.4382 0 289.358 1.65251e-07
2.77 1.4382 0 290.361 1.59968e-07
2.77 1.4382 0 291.363 1.54858e-07
2.77 1.4382 0 292.366 1.49913e-07
2.77 1.4382 0 293.368 1.45128e-07
2.77 1.4382 0 294.37 1.40498e-07
2.77 1.4382 0 295.373 1.36018e-07
2.77 1.4382 0 296.375 1.31683e-07
2.77 1.4382 0 297.378 1.27488e-07
2.77 1.4382 0 298.38 1.23429e-07
2.77 1.4382 0 299.383 1.19501e-07
2.77 1.4382 0 300.385 1.157e-07
2.77 1.4382 0 301.388 1.12021e-07
2.77 1.4382 0 302.39 1.08461e-07
2.77 1.4382 0 303.393 1.05015e-07
2.77 1.4382 0 304.395 1.01681e-07
2.77 1.4382 0 305.398 9.84532e-08
2.77 1.4382 0 306.4 9.53296e-08
2.77 1.4382 0 307.403 9.23064e-08
2.77 1.4382 0 308.405 8.93803e-08
2.77 1.4382 0 309.408 8.65481e-08
2.77 1.4382 0 310.41 8.38068e-08
2.77 1.4382 0 311.412 8.11534e-08
2.77 1.4382 0 312.415 7.8585e-08
2.77 1.4382 0 313.417 7.60989e-08
2.77 1.4382 0 314.42 7.36924e-08
2.77 1.4382 0 315.422 7.13629e-08
2.77 1.4382 0 316.425 6.91079e-08
2.77 1.4382 0 317.427 6.69249e-08
2.77 1.4382 0 318.43 6.48118e-08
2.77 1.4382 0 319.432 6.27661e-08
2.77 1.4382 0 320.435 6.07857e-08
2.77 1.4382 0 321.437 5.88684e-08
2.77 1.4382 0 322.44 5.70123e-08
2.77 1.4382 0 323.442 5.52154e-08
2.77 1.4382 0 324.445 5.34757e-08
2.77 1.4382 0 325.447 5.17915e-08
2.77 1.4382 0 326.449 5.01608e-08
2.77 1.4382 0 327.452 4.8582e-08
2.77 1.4382 0 328.454 4.70534e-08
2.77 1.4382 0 329.457 4.55734e-08
2.77 1.4382 0 330.459 4.41405e-08
2.77 1.4382 0 331.462 4.2753e-08
2.77 1.4382 0 332.464 4.14096e-08
2.77 1.4382 0 333.467 4.01089e-08
2.77 1.4382 0 334.469 3.88494e-08
2.77 1.4382 0 335.472 3.76298e-08
2.77 1.4382 0 336.474 3.64489e-08
2.77 1.4382 0 337.477 3.53054e-08
2.77 1.4382 0 338.479 3.41981e-08
2.77 1.4382 0 339.482 3.31259e-08
2.77 1.4382 0 340.484 3.20876e-08
2.77 1.4382 0 341.487 3.10821e-08
2.77 1.4382 0 342.489 3.01085e-08
2.77 1.4382 0 343.491 2.91656e-08
2.77 1.4382 0 344.494 2.82525e-08
2.77 1.4382 0 345.496 2.73683e-08
2.77 1.4382 0 346.499 2.6512e-08
2.77 1.4382 0 347.501 2.56827e-08
2.77 1.4382 0 348.504 2.48796e-08
2.77 1.4382 0 349.506 2.41018e-08
2.77 1.4382 0 350.509 2.33485e-08
2.77 1.4382 0 351.511 2.2619e-08
2.77 1.4382 0 352.514 2.19124e-08
2.77 1.4382 0 353.516 2.12282e-08
2.77 1.4382 0 354.519 2.05654e-08
2.77 1.4382 0 355.521 1.99236e-08
2.77 1.4382 0 356.524 1.93019e-08
2.77 1.4382 0 357.526 1.86998e-08
2.77 1.4382 0 358.528 1.81166e-08
2.77 1.4382 0 359.531 1.75517e-08
2.77 1.4382 0 360.533 1.70046e-08
2.77 1.4382 0 361.536 1.64747e-08
2.77 1.4382 0 362.538 1.59615e-08
2.77 1.4382 0 363.541 1.54643e-08
2.77 1.4382 0 364.543 1.49828e-08
2.77 1.4382 0 365.546 1.45163e-08
2.77 1.4382 0 366.548 1.40645e-08
2.77 1.4382 0 367.551 1.36269e-08
2.77 1.4382 0 368.553 1.3203e-08
2.77 1.4382 0 369.556 1.27924e-08
2.77 1.4382 0 370.558 1.23946e-08
2.77 1.4382 0 371.561 1.20093e-08
2.77 1.4382 0 372.563 1.1636e-08
2.77 1.4382 0 373.566 1.12745e-08
2.77 1.4382 0 374.568 1.09242e-08
2.77 1.4382 0 375.57 1.0585e-08
2.77 1.4382 0 376.573 1.02563e-08
2.77 1.4382 0 377.575 9.9379e-09
2.77 1.4382 0 378.578 9.62946e-09
2.77 1.4382 0 379.58 9.33066e-09
2.77 1.4382 0 380.583 9.04119e-09
2.77 1.4382 0 381.585 8.76077e-09
2.77 1.4382 0 382.588 8.4891e-09
2.77 1.4382 0 383.59 8.22592e-09
2.77 1.4382 0 384.593 7.97095e-09
2.77 1.4382 0 385.595 7.72394e-09
2.77 1.4382 0 386.598 7.48463e-09
2.77 1.4382 0 387.6 7.25278e-09
2.77 1.4382 0 388.603 7.02817e-09
2.77 1.4382 0 389.605 6.81055e-09
2.77 1.4382 0 390.607 6.59972e-09
2.77 1.4382 0 391.61 6.39545e-09
2.77 1.4382 0 392.612 6.19755e-09
2.77 1.4382 0 393.615 6.00581e-09
2.77 1.4382 0 394.617 5.82004e-09
2.77 1.4382 0 395.62 5.64006e-09
2.77 1.4382 0 396.622 5.46567e-09
2.77 1.4382 0 397.625 5.29671e-09
2.77 1.4382 0 398.627 5.133e-09
2.77 1.4382 0 399.63 4.97439e-09
2.77 1.4382 0 400.632 4.8207e-09
2.77 1.4382 0 401.635 4.6718e-09
2.77 1.4382 0 402.637 4.52752e-09
2.77 1.4382 0 403.64 4.38772e-09
2.77 1.4382 0 404.642 4.25226e-09
2.77 1.4382 0 405.645 4.12102e-09
2.77 1.4382 0 406.647 3.99384e-09
2.77 1.4382 0 407.649 3.87061e-09
2.77 1.4382 0 408.652 3.75121e-09
2.77 1.4382 0 409.654 3.63551e-09
2.77 1.4382 0 410.657 3.52341e-09
2.77 1.4382 0 411.659 3.41477e-09
2.77 1.4382 0 412.662 3.30951e-09
2.77 1.4382 0 413.664 3.20751e-09
2.77 1.4382 0 414.667 3.10867e-09
2.77 1.4382 0 415.669 3.01289e-09
2.77 1.4382 0 416.672 2.92008e-09
2.77 1.4382 0 417.674 2.83015e-09
2.77 1.4382 0 418.677 2.743e-09
2.77 1.4382 0 419.679 2.65855e-09
2.77 1.4382 0 420.682 2.57671e-09
2.77 1.4382 0 421.684 2.49741e-09
2.77 1.4382 0 422.686 2.42056e-09
2.77 1.4382 0 423.689 2.34608e-09
2.77 1.4382 0 424.691 2.27391e-09
2.77 1.4382 0 425.694 2.20397e-09
2.77 1.4382 0 426.696 2.1362e-09
2.77 1.4382 0 427.699 2.07052e-09
2.77 1.4382 0 428.701 2.00687e-09
2.77 1.4382 0 429.704 1.94518e-09
2.77 1.4382 0 430.706 1.88541e-09
2.77 1.4382 0 431.709 1.82747e-09
2.77 1.4382 0 432.711 1.77133e-09
2.77 1.4382 0 433.714 1.71692e-09
2.77 1.4382 0 434.716 1.66419e-09
2.77 1.4382 0 435.719 1.61309e-09
2.77 1.4382 0 436.721 1.56357e-09
2.77 1.4382 0 437.724 1.51557e-09
2.77 1.4382 0 438.726 1.46905e-09
2.77 1.4382 0 439.728 1.42397e-09
2.77 1.4382 0 440.731 1.38028e-09
2.77 1.4382 0 441.733 1.33793e-09
2.77 1.4382 0 442.736 1.2969e-09
2.77 1.4382 0 443.738 1.25712e-09
2.77 1.4382 0 444.741 1.21857e-09
2.77 1.4382 0 445.743 1.18121e-09
2.77 1.4382 0 446.746 1.145e-09
2.77 1.4382 0 447.748 1.10991e-09
2.77 1.4382 0 448.751 1.07589e-09
2.77 1.4382 0 449.753 1.04293e-09
2.77 1.4382 0 450.756 1.01097e-09
2.77 1.4382 0 451.758 9.80004e-10
2.77 1.4382 0 452.761 9.49989e-10
2.77 1.4382 0 453.763 9.20896e-10
2.77 1.4382 0 454.765 8.92699e-10
2.77 1.4382 0 455.768 8.65369e-10
2.77 1.4382 0 456.77 8.3888e-10
2.77 1.4382 0 457.773 8.13205e-10
2.77 1.4382 0 458.775 7.88319e-10
2.77 1.4382 0 459.778 7.64198e-10
2.77 1.4382 0 460.78 7.40819e-10
2.77 1.4382 0 461.783 7.18158e-10
2.77 1.4382 0 462.785 6.96193e-10
2.77 1.4382 0 463.788 6.74903e-10
2.77 1.4382 0 464.79 6.54266e-10
2.77 1.4382 0 465.793 6.34264e-10
2.77 1.4382 0 466.795 6.14875e-10
2.77 1.4382 0 467.798 5.96082e-10
2.77 1.4382 0 468.8 5.77866e-10
2.77 1.4382 0 469.803 5.60208e-10
2.77 1.4382 0 470.805 5.43093e-10
2.77 1.4382 0 471.807 5.26503e-10
2.77 1.4382 0 472.81 5.10421e-10
2.77 1.4382 0 473.812 4.94833e-10
2.77 1.4382 0 474.815 4.79722e-10
2.77 1.4382 0 475.817 4.65075e-10
2.77 1.4382 0 476.82 4.50878e-10
2.77 1.4382 0 477.822 4.37115e-10
2.77 1.4382 0 478.825 4.23774e-10
2.77 1.4382 0 479.827 4.10842e-10
2.77 1.4382 0 480.83 3.98306e-10
2.77 1.4382 0 481.832 3.86154e-10
2.77 1.4382 0 482.835 3.74374e-10
2.77 1.4382 0 483.837 3.62956e-10
2.77 1.4382 0 484.84 3.51886e-10
2.77 1.4382 0 485.842 3.41156e-10
2.77 1.4382 0 486.844 3.30754e-10
2.77 1.4382 0 487.847 3.20671e-10
2.77 1.4382 0 488.849 3.10896e-10
2.77 1.4382 0 489.852 3.0142e-10
2.77 1.4382 0 490.854 2.92234e-10
2.77 1.4382 0 491.857 2.8333e-10
2.77 1.4382 0 492.859 2.74697e-10
2.77 1.4382 0 493.862 2.66329e-10
2.77 1.4382 0 494.864 2.58216e-10
2.77 1.4382 0 495.867 2.50352e-10
2.77 1.4382 0 496.869 2.42728e-10
2.77 1.4382 0 497.872 2.35337e-10
2.77 1.4382 0 498.874 2.28171e-10
2.77 1.4382 0 499.877 2.21225e-10
2.77 1.4382 0 500.879 2.14491e-10
2.77 1.4382 0 501.882 2.07963e-10
2.77 1.4382 0 502.884 2.01634e-10
2.77 1.4382 0 503.886 1.95499e-10
2.77 1.4382 0 504.889 1.89551e-10
2.77 1.4382 0 505.891 1.83784e-10
2.77 1.4382 0 506.894 1.78194e-10
2.77 1.4382 0 507.896 1.72774e-10
2.77 1.4382 0 508.899 1.6752e-10
2.77 1.4382 0 509.901 1.62426e-10
2.77 1.4382 0 510.904 1.57487e-10
2.77 1.4382 0 511.906 1.52699e-10
2.77 1.4382 0 512.909 1.48058e-10
2.77 1.4382 0 513.911 1.43557e-10
2.77 1.4382 0 514.914 1.39194e-10
2.77 1.4382 0 515.916 1.34964e-10
2.77 1.4382 0 516.919 1.30864e-10
2.77 1.4382 0 517.921 1.26888e-10
2.77 1.4382 0 518.923 1.23033e-10
2.77 1.4382 0 519.926 1.19296e-10
2.77 1.4382 0 520.928 1.15673e-10
2.77 1.4382 0 521.931 1.1216e-10
2.77 1.4382 0 522.933 1.08754e-10
2.77 1.4382 0 523.936 1.05452e-10
2.77 1.4382 0 524.938 1.0225e-10
2.77 1.4382 0 525.941 9.91465e-11
2.77 1.4382 0 526.943 9.61371e-11
2.77 1.4382 0 527.946 9.32194e-11
2.77 1.4382 0 528.948 9.03904e-11
2.77 1.4382 0 529.951 8.76477e-11
2.77 1.4382 0 530.953 8.49884e-11
2.77 1.4382 0 531.956 8.241e-11
2.77 1.4382 0 532.958 7.99102e-11
2.77 1.4382 0 533.961 7.74864e-11
2.77 1.4382 0 534.963 7.51364e-11
2.77 1.4382 0 535.965 7.28578e-11
2.77 1.4382 0 536.968 7.06486e-11
2.77 1.4382 0 537.97 6.85066e-11
2.77 1.4382 0 538.973 6.64297e-11
2.77 1.4382 0 539.975 6.4416e-11
2.77 1.4382 0 540.978 6.24635e-11
2.77 1.4382 0 541.98 6.05704e-11
2.77 1.4382 0 542.983 5.87349e-11
2.77 1.4382 0 543.985 5.69551e-11
2.77 1.4382 0 544.988 5.52294e-11
2.77 1.4382 0 545.99 5.35562e-11
2.77 1.4382 0 546.993 5.19338e-11
2.77 1.4382 0 547.995 5.03608e-11
2.77 1.4382 0 548.998 4.88355e-11
2.77 1.4382 0 550 4.73565e-11
