2.04 1.4382 0 150.015 5.85581e-06
2.04 1.4382 0 151.017 1.01126e-05
2.04 1.4382 0 152.02 1.05355e-05
2.04 1.4382 0 153.022 1.01057e-05
2.04 1.4382 0 154.025 9.60756e-06
2.04 1.4382 0 155.027 9.13109e-06
2.04 1.4382 0 156.03 8.68274e-06
2.04 1.4382 0 157.032 8.26078e-06
2.04 1.4382 0 158.035 7.8631e-06
2.04 1.4382 0 159.037 7.48786e-06
2.04 1.4382 0 160.04 7.13348e-06
2.04 1.4382 0 161.042 6.79855e-06
2.04 1.4382 0 162.045 6.4818e-06
2.04 1.4382 0 163.047 6.18207e-06
2.04 1.4382 0 164.05 5.89832e-06
2.04 1.4382 0 165.052 5.62957e-06
2.04 1.4382 0 166.054 5.37491e-06
2.04 1.4382 0 167.057 5.13351e-06
2.04 1.4382 0 168.059 4.9046e-06
2.04 1.4382 0 169.062 4.68743e-06
2.04 1.4382 0 170.064 4.48134e-06
2.04 1.4382 0 171.067 4.2857e-06
2.04 1.4382 0 172.069 4.09989e-06
2.04 1.4382 0 173.072 3.92338e-06
2.04 1.4382 0 174.074 3.75564e-06
2.04 1.4382 0 175.077 3.59618e-06
2.04 1.4382 0 176.079 3.44453e-06
2.04 1.4382 0 177.082 3.30028e-06
2.04 1.4382 0 178.084 3.16301e-06
2.04 1.4382 0 179.087 3.03235e-06
2.04 1.4382 0 180.089 2.90793e-06
2.04 1.4382 0 181.092 2.78942e-06
2.04 1.4382 0 182.094 2.67651e-06
2.04 1.4382 0 183.096 2.56889e-06
2.04 1.4382 0 184.099 2.46628e-06
2.04 1.4382 0 185.101 2.36843e-06
2.04 1.4382 0 186.104 2.27507e-06
2.04 1.4382 0 187.106 2.18598e-06
2.04 1.4382 0 188.109 2.10094e-06
2.04 1.4382 0 189.111 2.01973e-06
2.04 1.4382 0 190.114 1.94216e-06
2.04 1.4382 0 191.116 1.86805e-06
2.04 1.4382 0 192.119 1.79721e-06
2.04 1.4382 0 193.121 1.72949e-06
2.04 1.4382 0 194.124 1.66473e-06
2.04 1.4382 0 195.126 1.60278e-06
2.04 1.4382 0 196.129 1.54349e-06
2.04 1.4382 0 197.131 1.48675e-06
2.04 1.4382 0 198.133 1.43242e-06
2.04 1.4382 0 199.136 1.38039e-06
2.04 1.4382 0 200.138 1.33054e-06
2.04 1.4382 0 201.141 1.28278e-06
2.04 1.4382 0 202.143 1.23699e-06
2.04 1.4382 0 203.146 1.19309e-06
2.04 1.4382 0 204.148 1.15099e-06
2.04 1.4382 0 205.151 1.1106e-06
2.04 1.4382 0 206.153 1.07185e-06
2.04 1.4382 0 207.156 1.03465e-06
2.04 1.4382 0 208.158 9.98937e-07
2.04 1.4382 0 209.161 9.6464e-07
2.04 1.4382 0 210.163 9.31696e-07
2.04 1.4382 0 211.166 9.00043e-07
2.04 1.4382 0 212.168 8.69622e-07
2.04 1.4382 0 213.171 8.40379e-07
2.04 1.4382 0 214.173 8.12261e-07
2.04 1.4382 0 215.175 7.85219e-07
2.04 1.4382 0 216.178 7.59204e-07
2.04 1.4382 0 217.18 7.34172e-07
2.04 1.4382 0 218.183 7.10081e-07
2.04 1.4382 0 219.185 6.86889e-07
2.04 1.4382 0 220.188 6.64558e-07
2.04 1.4382 0 221.19 6.43052e-07
2.04 1.4382 0 222.193 6.22335e-07
2.04 1.4382 0 223.195 6.02375e-07
2.04 1.4382 0 224.198 5.83139e-07
2.04 1.4382 0 225.2 5.64597e-07
2.04 1.4382 0 226.203 5.46721e-07
2.04 1.4382 0 227.205 5.29483e-07
2.04 1.4382 0 228.208 5.12857e-07
2.04 1.4382 0 229.21 4.96819e-07
2.04 1.4382 0 230.212 4.81344e-07
2.04 1.4382 0 231.215 4.6641e-07
2.04 1.4382 0 232.217 4.51995e-07
2.04 1.4382 0 233.22 4.38079e-07
2.04 1.4382 0 234.222 4.24642e-07
2.04 1.4382 0 235.225 4.11666e-07
2.04 1.4382 0 236.227 3.99132e-07
2.04 1.4382 0 237.23 3.87023e-07
2.04 1.4382 0 238.232 3.75323e-07
2.04 1.4382 0 239.235 3.64015e-07
2.04 1.4382 0 240.237 3.53087e-07
2.04 1.4382 0 241.24 3.42522e-07
2.04 1.4382 0 242.242 3.32307e-07
2.04 1.4382 0 243.245 3.22429e-07
2.04 1.4382 0 244.247 3.12875e-07
2.04 1.4382 0 245.25 3.03634e-07
2.04 1.4382 0 246.252 2.94694e-07
2.04 1.4382 0 247.254 2.86044e-07
2.04 1.4382 0 248.257 2.77673e-07
2.04 1.4382 0 249.259 2.69571e-07
2.04 1.4382 0 250.262 2.61728e-07
2.04 1.4382 0 251.264 2.54136e-07
2.04 1.4382 0 252.267 2.46785e-07
2.04 1.4382 0 253.269 2.39667e-07
2.04 1.4382 0 254.272 2.32773e-07
2.04 1.4382 0 255.274 2.26095e-07
2.04 1.4382 0 256.277 2.19626e-07
2.04 1.4382 0 257.279 2.13359e-07
2.04 1.4382 0 258.282 2.07287e-07
2.04 1.4382 0 259.284 2.01402e-07
2.04 1.4382 0 260.287 1.95699e-07
2.04 1.4382 0 261.289 1.90171e-07
2.04 1.4382 0 262.291 1.84813e-07
2.04 1.4382 0 263.294 1.79618e-07
2.04 1.4382 0 264.296 1.74581e-07
2.04 1.4382 0 265.299 1.69696e-07
2.04 1.4382 0 266.301 1.6496e-07
2.04 1.4382 0 267.304 1.60366e-07
2.04 1.4382 0 268.306 1.55909e-07
2.04 1.4382 0 269.309 1.51587e-07
2.04 1.4382 0 270.311 1.47393e-07
2.04 1.4382 0 271.314 1.43324e-07
2.04 1.4382 0 272.316 1.39376e-07
2.04 1.4382 0 273.319 1.35544e-07
2.04 1.4382 0 274.321 1.31826e-07
2.04 1.4382 0 275.324 1.28217e-07
2.04 1.4382 0 276.326 1.24714e-07
2.04 1.4382 0 277.329 1.21313e-07
2.04 1.4382 0 278.331 1.18011e-07
2.04 1.4382 0 279.333 1.14806e-07
2.04 1.4382 0 280.336 1.11693e-07
2.04 1.4382 0 281.338 1.08671e-07
2.04 1.4382 0 282.341 1.05735e-07
2.04 1.4382 0 283.343 1.02884e-07
2.04 1.4382 0 284.346 1.00115e-07
2.04 1.4382 0 285.348 9.74258e-08
2.04 1.4382 0 286.351 9.48131e-08
2.04 1.4382 0 287.353 9.22747e-08
2.04 1.4382 0 288.356 8.98086e-08
2.04 1.4382 0 289.358 8.74124e-08
2.04 1.4382 0 290.361 8.50841e-08
2.04 1.4382 0 291.363 8.28215e-08
2.04 1.4382 0 292.366 8.06226e-08
2.04 1.4382 0 293.368 7.84856e-08
2.04 1.4382 0 294.37 7.64085e-08
2.04 1.4382 0 295.373 7.43896e-08
2.04 1.4382 0 296.375 7.24271e-08
2.04 1.4382 0 297.378 7.05192e-08
2.04 1.4382 0 298.38 6.86644e-08
2.04 1.4382 0 299.383 6.68611e-08
2.04 1.4382 0 300.385 6.51078e-08
2.04 1.4382 0 301.388 6.34029e-08
2.04 1.4382 0 302.39 6.17451e-08
2.04 1.4382 0 303.393 6.0133e-08
2.04 1.4382 0 304.395 5.85651e-08
2.04 1.4382 0 305.398 5.70402e-08
2.04 1.4382 0 306.4 5.55571e-08
2.04 1.4382 0 307.403 5.41146e-08
2.04 1.4382 0 308.405 5.27114e-08
2.04 1.4382 0 309.408 5.13464e-08
2.04 1.4382 0 310.41 5.00185e-08
2.04 1.4382 0 311.412 4.87266e-08
2.04 1.4382 0 312.415 4.74697e-08
2.04 1.4382 0 313.417 4.62468e-08
2.04 1.4382 0 314.42 4.50569e-08
2.04 1.4382 0 315.422 4.38991e-08
2.04 1.4382 0 316.425 4.27724e-08
2.04 1.4382 0 317.427 4.1676e-08
2.04 1.4382 0 318.43 4.0609e-08
2.04 1.4382 0 319.432 3.95705e-08
2.04 1.4382 0 320.435 3.85598e-08
2.04 1.4382 0 321.437 3.75761e-08
2.04 1.4382 0 322.44 3.66186e-08
2.04 1.4382 0 323.442 3.56866e-08
2.04 1.4382 0 324.445 3.47793e-08
2.04 1.4382 0 325.447 3.3896e-08
2.04 1.4382 0 326.449 3.30362e-08
2.04 1.4382 0 327.452 3.21991e-08
2.04 1.4382 0 328.454 3.13841e-08
2.04 1.4382 0 329.457 3.05906e-08
2.04 1.4382 0 330.459 2.9818e-08
2.04 1.4382 0 331.462 2.90657e-08
2.04 1.4382 0 332.464 2.83331e-08
2.04 1.4382 0 333.467 2.76197e-08
2.04 1.4382 0 334.469 2.69251e-08
2.04 1.4382 0 335.472 2.62486e-08
2.04 1.4382 0 336.474 2.55897e-08
2.04 1.4382 0 337.477 2.4948e-08
2.04 1.4382 0 338.479 2.43231e-08
2.04 1.4382 0 339.482 2.37144e-08
2.04 1.4382 0 340.484 2.31215e-08
2.04 1.4382 0 341.487 2.2544e-08
2.04 1.4382 0 342.489 2.19814e-08
2.04 1.4382 0 343.491 2.14334e-08
2.04 1.4382 0 344.494 2.08996e-08
2.04 1.4382 0 345.496 2.03795e-08
2.04 1.4382 0 346.499 1.98728e-08
2.04 1.4382 0 347.501 1.93792e-08
2.04 1.4382 0 348.504 1.88983e-08
2.04 1.4382 0 349.506 1.84298e-08
2.04 1.4382 0 350.509 1.79732e-08
2.04 1.4382 0 351.511 1.75284e-08
2.04 1.4382 0 352.514 1.70949e-08
2.04 1.4382 0 353.516 1.66725e-08
2.04 1.4382 0 354.519 1.6261e-08
2.04 1.4382 0 355.521 1.58599e-08
2.04 1.4382 0 356.524 1.5469e-08
2.04 1.4382 0 357.526 1.50881e-08
2.04 1.4382 0 358.528 1.47169e-08
2.04 1.4382 0 359.531 1.43551e-08
2.04 1.4382 0 360.533 1.40024e-08
2.04 1.4382 0 361.536 1.36587e-08
2.04 1.4382 0 362.538 1.33238e-08
2.04 1.4382 0 363.541 1.29972e-08
2.04 1.4382 0 364.543 1.2679e-08
2.04 1.4382 0 365.546 1.23688e-08
2.04 1.4382 0 366.548 1.20663e-08
2.04 1.4382 0 367.551 1.17715e-08
2.04 1.4382 0 368.553 1.14842e-08
2.04 1.4382 0 369.556 1.1204e-08
2.04 1.4382 0 370.558 1.09309e-08
2.04 1.4382 0 371.561 1.06647e-08
2.04 1.4382 0 372.563 1.04051e-08
2.04 1.4382 0 373.566 1.0152e-08
2.04 1.4382 0 374.568 9.90522e-09
2.04 1.4382 0 375.57 9.66463e-09
2.04 1.4382 0 376.573 9.43006e-09
2.04 1.4382 0 377.575 9.20133e-09
2.04 1.4382 0 378.578 8.9783e-09
2.04 1.4382 0 379.58 8.76083e-09
2.04 1.4382 0 380.583 8.54877e-09
2.04 1.4382 0 381.585 8.34198e-09
2.04 1.4382 0 382.588 8.14033e-09
2.04 1.4382 0 383.59 7.94368e-09
2.04 1.4382 0 384.593 7.75191e-09
2.04 1.4382 0 385.595 7.56489e-09
2.04 1.4382 0 386.598 7.38249e-09
2.04 1.4382 0 387.6 7.20461e-09
2.04 1.4382 0 388.603 7.03113e-09
2.04 1.4382 0 389.605 6.86192e-09
2.04 1.4382 0 390.607 6.6969e-09
2.04 1.4382 0 391.61 6.53594e-09
2.04 1.4382 0 392.612 6.37894e-09
2.04 1.4382 0 393.615 6.22581e-09
2.04 1.4382 0 394.617 6.07644e-09
2.04 1.4382 0 395.62 5.93074e-09
2.04 1.4382 0 396.622 5.78862e-09
2.04 1.4382 0 397.625 5.64999e-09
2.04 1.4382 0 398.627 5.51476e-09
2.04 1.4382 0 399.63 5.38284e-09
2.04 1.4382 0 400.632 5.25414e-09
2.04 1.4382 0 401.635 5.1286e-09
2.04 1.4382 0 402.637 5.00612e-09
2.04 1.4382 0 403.64 4.88664e-09
2.04 1.4382 0 404.642 4.77007e-09
2.04 1.4382 0 405.645 4.65635e-09
2.04 1.4382 0 406.647 4.54539e-09
2.04 1.4382 0 407.649 4.43714e-09
2.04 1.4382 0 408.652 4.33152e-09
2.04 1.4382 0 409.654 4.22847e-09
2.04 1.4382 0 410.657 4.12793e-09
2.04 1.4382 0 411.659 4.02982e-09
2.04 1.4382 0 412.662 3.9341e-09
2.04 1.4382 0 413.664 3.8407e-09
2.04 1.4382 0 414.667 3.74956e-09
2.04 1.4382 0 415.669 3.66063e-09
2.04 1.4382 0 416.672 3.57386e-09
2.04 1.4382 0 417.674 3.48918e-09
2.04 1.4382 0 418.677 3.40655e-09
2.04 1.4382 0 419.679 3.32591e-09
2.04 1.4382 0 420.682 3.24722e-09
2.04 1.4382 0 421.684 3.17043e-09
2.04 1.4382 0 422.686 3.09549e-09
2.04 1.4382 0 423.689 3.02236e-09
2.04 1.4382 0 424.691 2.95099e-09
2.04 1.4382 0 425.694 2.88134e-09
2.04 1.4382 0 426.696 2.81336e-09
2.04 1.4382 0 427.699 2.74701e-09
2.04 1.4382 0 428.701 2.68226e-09
2.04 1.4382 0 429.704 2.61906e-09
2.04 1.4382 0 430.706 2.55739e-09
2.04 1.4382 0 431.709 2.49718e-09
2.04 1.4382 0 432.711 2.43843e-09
2.04 1.4382 0 433.714 2.38108e-09
2.04 1.4382 0 434.716 2.3251e-09
2.04 1.4382 0 435.719 2.27046e-09
2.04 1.4382 0 436.721 2.21713e-09
2.04 1.4382 0 437.724 2.16507e-09
2.04 1.4382 0 438.726 2.11426e-09
2.04 1.4382 0 439.728 2.06466e-09
2.04 1.4382 0 440.731 2.01624e-09
2.04 1.4382 0 441.733 1.96898e-09
2.04 1.4382 0 442.736 1.92284e-09
2.04 1.4382 0 443.738 1.87781e-09
2.04 1.4382 0 444.741 1.83384e-09
2.04 1.4382 0 445.743 1.79092e-09
2.04 1.4382 0 446.746 1.74903e-09
2.04 1.4382 0 447.748 1.70812e-09
2.04 1.4382 0 448.751 1.6682e-09
2.04 1.4382 0 449.753 1.62921e-09
2.04 1.4382 0 450.756 1.59116e-09
2.04 1.4382 0 451.758 1.55401e-09
2.04 1.4382 0 452.761 1.51773e-09
2.04 1.4382 0 453.763 1.48232e-09
2.04 1.4382 0 454.765 1.44775e-09
2.04 1.4382 0 455.768 1.41399e-09
2.04 1.4382 0 456.77 1.38104e-09
2.04 1.4382 0 457.773 1.34886e-09
2.04 1.4382 0 458.775 1.31745e-09
2.04 1.4382 0 459.778 1.28677e-09
2.04 1.4382 0 460.78 1.25683e-09
2.04 1.4382 0 461.783 1.22758e-09
2.04 1.4382 0 462.785 1.19903e-09
2.04 1.4382 0 463.788 1.17116e-09
2.04 1.4382 0 464.79 1.14394e-09
2.04 1.4382 0 465.793 1.11736e-09
2.04 1.4382 0 466.795 1.09141e-09
2.04 1.4382 0 467.798 1.06607e-09
2.04 1.4382 0 468.8 1.04132e-09
2.04 1.4382 0 469.803 1.01716e-09
2.04 1.4382 0 470.805 9.93566e-10
2.04 1.4382 0 471.807 9.70527e-10
2.04 1.4382 0 472.81 9.48029e-10
2.04 1.4382 0 473.812 9.2606e-10
2.04 1.4382 0 474.815 9.04607e-10
2.04 1.4382 0 475.817 8.83657e-10
2.04 1.4382 0 476.82 8.63199e-10
2.04 1.4382 0 477.822 8.4322e-10
2.04 1.4382 0 478.825 8.2371e-10
2.04 1.4382 0 479.827 8.04657e-10
2.04 1.4382 0 480.83 7.8605e-10
2.04 1.4382 0 481.832 7.67879e-10
2.04 1.4382 0 482.835 7.50134e-10
2.04 1.4382 0 483.837 7.32803e-10
2.04 1.4382 0 484.84 7.15878e-10
2.04 1.4382 0 485.842 6.99349e-10
2.04 1.4382 0 486.844 6.83205e-10
2.04 1.4382 0 487.847 6.67439e-10
2.04 1.4382 0 488.849 6.52042e-10
2.04 1.4382 0 489.852 6.37003e-10
2.04 1.4382 0 490.854 6.22316e-10
2.04 1.4382 0 491.857 6.07971e-10
2.04 1.4382 0 492.859 5.93961e-10
2.04 1.4382 0 493.862 5.80277e-10
2.04 1.4382 0 494.864 5.66912e-10
2.04 1.4382 0 495.867 5.53859e-10
2.04 1.4382 0 496.869 5.41109e-10
2.04 1.4382 0 497.872 5.28656e-10
2.04 1.4382 0 498.874 5.16493e-10
2.04 1.4382 0 499.877 5.04613e-10
2.04 1.4382 0 500.879 4.93009e-10
2.04 1.4382 0 501.882 4.81675e-10
2.04 1.4382 0 502.884 4.70605e-10
2.04 1.4382 0 503.886 4.59791e-10
2.04 1.4382 0 504.889 4.49229e-10
2.04 1.4382 0 505.891 4.38912e-10
2.04 1.4382 0 506.894 4.28834e-10
2.04 1.4382 0 507.896 4.1899e-10
2.04 1.4382 0 508.899 4.09375e-10
2.04 1.4382 0 509.901 3.99982e-10
2.04 1.4382 0 510.904 3.90807e-10
2.04 1.4382 0 511.906 3.81845e-10
2.04 1.4382 0 512.909 3.7309e-10
2.04 1.4382 0 513.911 3.64538e-10
2.04 1.4382 0 514.914 3.56185e-10
2.04 1.4382 0 515.916 3.48024e-10
2.04 1.4382 0 516.919 3.40052e-10
2.04 1.4382 0 517.921 3.32265e-10
2.04 1.4382 0 518.923 3.24657e-10
2.04 1.4382 0 519.926 3.17226e-10
2.04 1.4382 0 520.928 3.09966e-10
2.04 1.4382 0 521.931 3.02874e-10
2.04 1.4382 0 522.933 2.95946e-10
2.04 1.4382 0 523.936 2.89178e-10
2.04 1.4382 0 524.938 2.82566e-10
2.04 1.4382 0 525.941 2.76106e-10
2.04 1.4382 0 526.943 2.69796e-10
2.04 1.4382 0 527.946 2.63631e-10
2.04 1.4382 0 528.948 2.57608e-10
2.04 1.4382 0 529.951 2.51724e-10
2.04 1.4382 0 530.953 2.45976e-10
2.04 1.4382 0 531.956 2.4036e-10
2.04 1.4382 0 532.958 2.34874e-10
2.04 1.4382 0 533.961 2.29514e-10
2.04 1.4382 0 534.963 2.24277e-10
2.04 1.4382 0 535.965 2.19161e-10
2.04 1.4382 0 536.968 2.14162e-10
2.04 1.4382 0 537.97 2.09279e-10
2.04 1.4382 0 538.973 2.04507e-10
2.04 1.4382 0 539.975 1.99846e-10
2.04 1.4382 0 540.978 1.95291e-10
2.04 1.4382 0 541.98 1.90842e-10
2.04 1.4382 0 542.983 1.86494e-10
2.04 1.4382 0 543.985 1.82247e-10
2.04 1.4382 0 544.988 1.78096e-10
2.04 1.4382 0 545.99 1.74042e-10
2.04 1.4382 0 546.993 1.7008e-10
2.04 1.4382 0 547.995 1.66209e-10
2.04 1.4382 0 548.998 1.62427e-10
2.04 1.4382 0 550 1.58732e-10
