1.605 1.4382 0 150.015 1.40405e-06
1.605 1.4382 0 151.017 2.43388e-06
1.605 1.4382 0 152.02 2.55925e-06
1.605 1.4382 0 153.022 2.48566e-06
1.605 1.4382 0 154.025 2.39663e-06
1.605 1.4382 0 155.027 2.31199e-06
1.605 1.4382 0 156.03 2.23254e-06
1.605 1.4382 0 157.032 2.15753e-06
1.605 1.4382 0 158.035 2.08635e-06
1.605 1.4382 0 159.037 2.01856e-06
1.605 1.4382 0 160.04 1.95381e-06
1.605 1.4382 0 161.042 1.89185e-06
1.605 1.4382 0 162.045 1.83246e-06
1.605 1.4382 0 163.047 1.77547e-06
1.605 1.4382 0 164.05 1.72072e-06
1.605 1.4382 0 165.052 1.66808e-06
1.605 1.4382 0 166.054 1.61744e-06
1.605 1.4382 0 167.057 1.56869e-06
1.605 1.4382 0 168.059 1.52172e-06
1.605 1.4382 0 169.062 1.47647e-06
1.605 1.4382 0 170.064 1.43283e-06
1.605 1.4382 0 171.067 1.39075e-06
1.605 1.4382 0 172.069 1.35014e-06
1.605 1.4382 0 173.072 1.31095e-06
1.605 1.4382 0 174.074 1.27311e-06
1.605 1.4382 0 175.077 1.23656e-06
1.605 1.4382 0 176.079 1.20126e-06
1.605 1.4382 0 177.082 1.16715e-06
1.605 1.4382 0 178.084 1.13418e-06
1.605 1.4382 0 179.087 1.10231e-06
1.605 1.4382 0 180.089 1.07149e-06
1.605 1.4382 0 181.092 1.04168e-06
1.605 1.4382 0 182.094 1.01285e-06
1.605 1.4382 0 183.096 9.84952e-07
1.605 1.4382 0 184.099 9.57953e-07
1.605 1.4382 0 185.101 9.3182e-07
1.605 1.4382 0 186.104 9.0652e-07
1.605 1.4382 0 187.106 8.82023e-07
1.605 1.4382 0 188.109 8.58298e-07
1.605 1.4382 0 189.111 8.35317e-07
1.605 1.4382 0 190.114 8.13053e-07
1.605 1.4382 0 191.116 7.9148e-07
1.605 1.4382 0 192.119 7.70574e-07
1.605 1.4382 0 193.121 7.5031e-07
1.605 1.4382 0 194.124 7.30665e-07
1.605 1.4382 0 195.126 7.11619e-07
1.605 1.4382 0 196.129 6.93148e-07
1.605 1.4382 0 197.131 6.75235e-07
1.605 1.4382 0 198.133 6.57858e-07
1.605 1.4382 0 199.136 6.41e-07
1.605 1.4382 0 200.138 6.24642e-07
1.605 1.4382 0 201.141 6.08768e-07
1.605 1.4382 0 202.143 5.93361e-07
1.605 1.4382 0 203.146 5.78405e-07
1.605 1.4382 0 204.148 5.63885e-07
1.605 1.4382 0 205.151 5.49786e-07
1.605 1.4382 0 206.153 5.36094e-07
1.605 1.4382 0 207.156 5.22795e-07
1.605 1.4382 0 208.158 5.09878e-07
1.605 1.4382 0 209.161 4.97328e-07
1.605 1.4382 0 210.163 4.85134e-07
1.605 1.4382 0 211.166 4.73284e-07
1.605 1.4382 0 212.168 4.61768e-07
1.605 1.4382 0 213.171 4.50573e-07
1.605 1.4382 0 214.173 4.39691e-07
1.605 1.4382 0 215.175 4.2911e-07
1.605 1.4382 0 216.178 4.18822e-07
1.605 1.4382 0 217.18 4.08816e-07
1.605 1.4382 0 218.183 3.99085e-07
1.605 1.4382 0 219.185 3.89618e-07
1.605 1.4382 0 220.188 3.80409e-07
1.605 1.4382 0 221.19 3.71448e-07
1.605 1.4382 0 222.193 3.62729e-07
1.605 1.4382 0 223.195 3.54243e-07
1.605 1.4382 0 224.198 3.45984e-07
1.605 1.4382 0 225.2 3.37944e-07
1.605 1.4382 0 226.203 3.30117e-07
1.605 1.4382 0 227.205 3.22496e-07
1.605 1.4382 0 228.208 3.15075e-07
1.605 1.4382 0 229.21 3.07848e-07
1.605 1.4382 0 230.212 3.0081e-07
1.605 1.4382 0 231.215 2.93953e-07
1.605 1.4382 0 232.217 2.87274e-07
1.605 1.4382 0 233.22 2.80767e-07
1.605 1.4382 0 234.222 2.74426e-07
1.605 1.4382 0 235.225 2.68247e-07
1.605 1.4382 0 236.227 2.62225e-07
1.605 1.4382 0 237.23 2.56356e-07
1.605 1.4382 0 238.232 2.50635e-07
1.605 1.4382 0 239.235 2.45057e-07
1.605 1.4382 0 240.237 2.39619e-07
1.605 1.4382 0 241.24 2.34316e-07
1.605 1.4382 0 242.242 2.29145e-07
1.605 1.4382 0 243.245 2.24103e-07
1.605 1.4382 0 244.247 2.19184e-07
1.605 1.4382 0 245.25 2.14386e-07
1.605 1.4382 0 246.252 2.09706e-07
1.605 1.4382 0 247.254 2.05139e-07
1.605 1.4382 0 248.257 2.00684e-07
1.605 1.4382 0 249.259 1.96336e-07
1.605 1.4382 0 250.262 1.92093e-07
1.605 1.4382 0 251.264 1.87953e-07
1.605 1.4382 0 252.267 1.83911e-07
1.605 1.4382 0 253.269 1.79966e-07
1.605 1.4382 0 254.272 1.76115e-07
1.605 1.4382 0 255.274 1.72354e-07
1.605 1.4382 0 256.277 1.68683e-07
1.605 1.4382 0 257.279 1.65098e-07
1.605 1.4382 0 258.282 1.61598e-07
1.605 1.4382 0 259.284 1.58179e-07
1.605 1.4382 0 260.287 1.5484e-07
1.605 1.4382 0 261.289 1.51578e-07
1.605 1.4382 0 262.291 1.48392e-07
1.605 1.4382 0 263.294 1.45279e-07
1.605 1.4382 0 264.296 1.42239e-07
1.605 1.4382 0 265.299 1.39267e-07
1.605 1.4382 0 266.301 1.36364e-07
1.605 1.4382 0 267.304 1.33527e-07
1.605 1.4382 0 268.306 1.30755e-07
1.605 1.4382 0 269.309 1.28045e-07
1.605 1.4382 0 270.311 1.25397e-07
1.605 1.4382 0 271.314 1.22808e-07
1.605 1.4382 0 272.316 1.20278e-07
1.605 1.4382 0 273.319 1.17804e-07
1.605 1.4382 0 274.321 1.15385e-07
1.605 1.4382 0 275.324 1.1302e-07
1.605 1.4382 0 276.326 1.10708e-07
1.605 1.4382 0 277.329 1.08447e-07
1.605 1.4382 0 278.331 1.06236e-07
1.605 1.4382 0 279.333 1.04074e-07
1.605 1.4382 0 280.336 1.01959e-07
1.605 1.4382 0 281.338 9.98905e-08
1.605 1.4382 0 282.341 9.78673e-08
1.605 1.4382 0 283.343 9.58882e-08
1.605 1.4382 0 284.346 9.39521e-08
1.605 1.4382 0 285.348 9.2058e-08
1.605 1.4382 0 286.351 9.0205e-08
1.605 1.4382 0 287.353 8.83919e-08
1.605 1.4382 0 288.356 8.66179e-08
1.605 1.4382 0 289.358 8.48821e-08
1.605 1.4382 0 290.361 8.31834e-08
1.605 1.4382 0 291.363 8.15211e-08
1.605 1.4382 0 292.366 7.98942e-08
1.605 1.4382 0 293.368 7.8302e-08
1.605 1.4382 0 294.37 7.67436e-08
1.605 1.4382 0 295.373 7.52182e-08
1.605 1.4382 0 296.375 7.37251e-08
1.605 1.4382 0 297.378 7.22635e-08
1.605 1.4382 0 298.38 7.08327e-08
1.605 1.4382 0 299.383 6.9432e-08
1.605 1.4382 0 300.385 6.80607e-08
1.605 1.4382 0 301.388 6.6718e-08
1.605 1.4382 0 302.39 6.54034e-08
1.605 1.4382 0 303.393 6.41163e-08
1.605 1.4382 0 304.395 6.28559e-08
1.605 1.4382 0 305.398 6.16216e-08
1.605 1.4382 0 306.4 6.0413e-08
1.605 1.4382 0 307.403 5.92294e-08
1.605 1.4382 0 308.405 5.80702e-08
1.605 1.4382 0 309.408 5.69349e-08
1.605 1.4382 0 310.41 5.5823e-08
1.605 1.4382 0 311.412 5.47339e-08
1.605 1.4382 0 312.415 5.36672e-08
1.605 1.4382 0 313.417 5.26222e-08
1.605 1.4382 0 314.42 5.15987e-08
1.605 1.4382 0 315.422 5.0596e-08
1.605 1.4382 0 316.425 4.96138e-08
1.605 1.4382 0 317.427 4.86515e-08
1.605 1.4382 0 318.43 4.77088e-08
1.605 1.4382 0 319.432 4.67852e-08
1.605 1.4382 0 320.435 4.58802e-08
1.605 1.4382 0 321.437 4.49936e-08
1.605 1.4382 0 322.44 4.41248e-08
1.605 1.4382 0 323.442 4.32736e-08
1.605 1.4382 0 324.445 4.24395e-08
1.605 1.4382 0 325.447 4.16221e-08
1.605 1.4382 0 326.449 4.08212e-08
1.605 1.4382 0 327.452 4.00363e-08
1.605 1.4382 0 328.454 3.92671e-08
1.605 1.4382 0 329.457 3.85132e-08
1.605 1.4382 0 330.459 3.77744e-08
1.605 1.4382 0 331.462 3.70504e-08
1.605 1.4382 0 332.464 3.63407e-08
1.605 1.4382 0 333.467 3.56452e-08
1.605 1.4382 0 334.469 3.49634e-08
1.605 1.4382 0 335.472 3.42952e-08
1.605 1.4382 0 336.474 3.36402e-08
1.605 1.4382 0 337.477 3.29982e-08
1.605 1.4382 0 338.479 3.23688e-08
1.605 1.4382 0 339.482 3.17519e-08
1.605 1.4382 0 340.484 3.11471e-08
1.605 1.4382 0 341.487 3.05542e-08
1.605 1.4382 0 342.489 2.9973e-08
1.605 1.4382 0 343.491 2.94032e-08
1.605 1.4382 0 344.494 2.88446e-08
1.605 1.4382 0 345.496 2.82969e-08
1.605 1.4382 0 346.499 2.776e-08
1.605 1.4382 0 347.501 2.72335e-08
1.605 1.4382 0 348.504 2.67174e-08
1.605 1.4382 0 349.506 2.62113e-08
1.605 1.4382 0 350.509 2.57151e-08
1.605 1.4382 0 351.511 2.52286e-08
1.605 1.4382 0 352.514 2.47515e-08
1.605 1.4382 0 353.516 2.42837e-08
1.605 1.4382 0 354.519 2.3825e-08
1.605 1.4382 0 355.521 2.33752e-08
1.605 1.4382 0 356.524 2.29341e-08
1.605 1.4382 0 357.526 2.25016e-08
1.605 1.4382 0 358.528 2.20774e-08
1.605 1.4382 0 359.531 2.16615e-08
1.605 1.4382 0 360.533 2.12536e-08
1.605 1.4382 0 361.536 2.08535e-08
1.605 1.4382 0 362.538 2.04612e-08
1.605 1.4382 0 363.541 2.00765e-08
1.605 1.4382 0 364.543 1.96991e-08
1.605 1.4382 0 365.546 1.9329e-08
1.605 1.4382 0 366.548 1.89661e-08
1.605 1.4382 0 367.551 1.86101e-08
1.605 1.4382 0 368.553 1.82609e-08
1.605 1.4382 0 369.556 1.79185e-08
1.605 1.4382 0 370.558 1.75826e-08
1.605 1.4382 0 371.561 1.72531e-08
1.605 1.4382 0 372.563 1.693e-08
1.605 1.4382 0 373.566 1.6613e-08
1.605 1.4382 0 374.568 1.63022e-08
1.605 1.4382 0 375.57 1.59972e-08
1.605 1.4382 0 376.573 1.56981e-08
1.605 1.4382 0 377.575 1.54046e-08
1.605 1.4382 0 378.578 1.51168e-08
1.605 1.4382 0 379.58 1.48345e-08
1.605 1.4382 0 380.583 1.45575e-08
1.605 1.4382 0 381.585 1.42858e-08
1.605 1.4382 0 382.588 1.40193e-08
1.605 1.4382 0 383.59 1.37578e-08
1.605 1.4382 0 384.593 1.35013e-08
1.605 1.4382 0 385.595 1.32497e-08
1.605 1.4382 0 386.598 1.30029e-08
1.605 1.4382 0 387.6 1.27607e-08
1.605 1.4382 0 388.603 1.25231e-08
1.605 1.4382 0 389.605 1.22901e-08
1.605 1.4382 0 390.607 1.20614e-08
1.605 1.4382 0 391.61 1.18371e-08
1.605 1.4382 0 392.612 1.1617e-08
1.605 1.4382 0 393.615 1.14011e-08
1.605 1.4382 0 394.617 1.11892e-08
1.605 1.4382 0 395.62 1.09814e-08
1.605 1.4382 0 396.622 1.07775e-08
1.605 1.4382 0 397.625 1.05774e-08
1.605 1.4382 0 398.627 1.03811e-08
1.605 1.4382 0 399.63 1.01885e-08
1.605 1.4382 0 400.632 9.99952e-09
1.605 1.4382 0 401.635 9.81411e-09
1.605 1.4382 0 402.637 9.63219e-09
1.605 1.4382 0 403.64 9.45369e-09
1.605 1.4382 0 404.642 9.27855e-09
1.605 1.4382 0 405.645 9.1067e-09
1.605 1.4382 0 406.647 8.93807e-09
1.605 1.4382 0 407.649 8.77262e-09
1.605 1.4382 0 408.652 8.61027e-09
1.605 1.4382 0 409.654 8.45097e-09
1.605 1.4382 0 410.657 8.29466e-09
1.605 1.4382 0 411.659 8.14128e-09
1.605 1.4382 0 412.662 7.99077e-09
1.605 1.4382 0 413.664 7.84308e-09
1.605 1.4382 0 414.667 7.69816e-09
1.605 1.4382 0 415.669 7.55595e-09
1.605 1.4382 0 416.672 7.4164e-09
1.605 1.4382 0 417.674 7.27947e-09
1.605 1.4382 0 418.677 7.14509e-09
1.605 1.4382 0 419.679 7.01323e-09
1.605 1.4382 0 420.682 6.88383e-09
1.605 1.4382 0 421.684 6.75684e-09
1.605 1.4382 0 422.686 6.63223e-09
1.605 1.4382 0 423.689 6.50994e-09
1.605 1.4382 0 424.691 6.38994e-09
1.605 1.4382 0 425.694 6.27217e-09
1.605 1.4382 0 426.696 6.1566e-09
1.605 1.4382 0 427.699 6.04319e-09
1.605 1.4382 0 428.701 5.93188e-09
1.605 1.4382 0 429.704 5.82266e-09
1.605 1.4382 0 430.706 5.71546e-09
1.605 1.4382 0 431.709 5.61026e-09
1.605 1.4382 0 432.711 5.50702e-09
1.605 1.4382 0 433.714 5.4057e-09
1.605 1.4382 0 434.716 5.30626e-09
1.605 1.4382 0 435.719 5.20868e-09
1.605 1.4382 0 436.721 5.1129e-09
1.605 1.4382 0 437.724 5.01891e-09
1.605 1.4382 0 438.726 4.92666e-09
1.605 1.4382 0 439.728 4.83613e-09
1.605 1.4382 0 440.731 4.74727e-09
1.605 1.4382 0 441.733 4.66007e-09
1.605 1.4382 0 442.736 4.57448e-09
1.605 1.4382 0 443.738 4.49048e-09
1.605 1.4382 0 444.741 4.40804e-09
1.605 1.4382 0 445.743 4.32713e-09
1.605 1.4382 0 446.746 4.24772e-09
1.605 1.4382 0 447.748 4.16978e-09
1.605 1.4382 0 448.751 4.09328e-09
1.605 1.4382 0 449.753 4.0182e-09
1.605 1.4382 0 450.756 3.94451e-09
1.605 1.4382 0 451.758 3.87219e-09
1.605 1.4382 0 452.761 3.8012e-09
1.605 1.4382 0 453.763 3.73153e-09
1.605 1.4382 0 454.765 3.66314e-09
1.605 1.4382 0 455.768 3.59602e-09
1.605 1.4382 0 456.77 3.53014e-09
1.605 1.4382 0 457.773 3.46548e-09
1.605 1.4382 0 458.775 3.40201e-09
1.605 1.4382 0 459.778 3.33972e-09
1.605 1.4382 0 460.78 3.27858e-09
1.605 1.4382 0 461.783 3.21856e-09
1.605 1.4382 0 462.785 3.15966e-09
1.605 1.4382 0 463.788 3.10184e-09
1.605 1.4382 0 464.79 3.04509e-09
1.605 1.4382 0 465.793 2.98938e-09
1.605 1.4382 0 466.795 2.93471e-09
1.605 1.4382 0 467.798 2.88104e-09
1.605 1.4382 0 468.8 2.82836e-09
1.605 1.4382 0 469.803 2.77665e-09
1.605 1.4382 0 470.805 2.7259e-09
1.605 1.4382 0 471.807 2.67608e-09
1.605 1.4382 0 472.81 2.62718e-09
1.605 1.4382 0 473.812 2.57918e-09
1.605 1.4382 0 474.815 2.53206e-09
1.605 1.4382 0 475.817 2.48581e-09
1.605 1.4382 0 476.82 2.44041e-09
1.605 1.4382 0 477.822 2.39585e-09
1.605 1.4382 0 478.825 2.35211e-09
1.605 1.4382 0 479.827 2.30917e-09
1.605 1.4382 0 480.83 2.26702e-09
1.605 1.4382 0 481.832 2.22565e-09
1.605 1.4382 0 482.835 2.18504e-09
1.605 1.4382 0 483.837 2.14517e-09
1.605 1.4382 0 484.84 2.10604e-09
1.605 1.4382 0 485.842 2.06763e-09
1.605 1.4382 0 486.844 2.02992e-09
1.605 1.4382 0 487.847 1.99291e-09
1.605 1.4382 0 488.849 1.95657e-09
1.605 1.4382 0 489.852 1.9209e-09
1.605 1.4382 0 490.854 1.88589e-09
1.605 1.4382 0 491.857 1.85152e-09
1.605 1.4382 0 492.859 1.81778e-09
1.605 1.4382 0 493.862 1.78466e-09
1.605 1.4382 0 494.864 1.75215e-09
1.605 1.4382 0 495.867 1.72023e-09
1.605 1.4382 0 496.869 1.6889e-09
1.605 1.4382 0 497.872 1.65815e-09
1.605 1.4382 0 498.874 1.62796e-09
1.605 1.4382 0 499.877 1.59832e-09
1.605 1.4382 0 500.879 1.56922e-09
1.605 1.4382 0 501.882 1.54066e-09
1.605 1.4382 0 502.884 1.51262e-09
1.605 1.4382 0 503.886 1.4851e-09
1.605 1.4382 0 504.889 1.45808e-09
1.605 1.4382 0 505.891 1.43155e-09
1.605 1.4382 0 506.894 1.40551e-09
1.605 1.4382 0 507.896 1.37995e-09
1.605 1.4382 0 508.899 1.35485e-09
1.605 1.4382 0 509.901 1.33022e-09
1.605 1.4382 0 510.904 1.30603e-09
1.605 1.4382 0 511.906 1.28229e-09
1.605 1.4382 0 512.909 1.25898e-09
1.605 1.4382 0 513.911 1.2361e-09
1.605 1.4382 0 514.914 1.21364e-09
1.605 1.4382 0 515.916 1.19158e-09
1.605 1.4382 0 516.919 1.16994e-09
1.605 1.4382 0 517.921 1.14868e-09
1.605 1.4382 0 518.923 1.12782e-09
1.605 1.4382 0 519.926 1.10733e-09
1.605 1.4382 0 520.928 1.08722e-09
1.605 1.4382 0 521.931 1.06748e-09
1.605 1.4382 0 522.933 1.0481e-09
1.605 1.4382 0 523.936 1.02907e-09
1.605 1.4382 0 524.938 1.01039e-09
1.605 1.4382 0 525.941 9.92056e-10
1.605 1.4382 0 526.943 9.74053e-10
1.605 1.4382 0 527.946 9.56378e-10
1.605 1.4382 0 528.948 9.39026e-10
1.605 1.4382 0 529.951 9.2199e-10
1.605 1.4382 0 530.953 9.05265e-10
1.605 1.4382 0 531.956 8.88846e-10
1.605 1.4382 0 532.958 8.72726e-10
1.605 1.4382 0 533.961 8.569e-10
1.605 1.4382 0 534.963 8.41363e-10
1.605 1.4382 0 535.965 8.26109e-10
1.605 1.4382 0 536.968 8.11133e-10
1.605 1.4382 0 537.97 7.96431e-10
1.605 1.4382 0 538.973 7.81996e-10
1.605 1.4382 0 539.975 7.67824e-10
1.605 1.4382 0 540.978 7.53911e-10
1.605 1.4382 0 541.98 7.40251e-10
1.605 1.4382 0 542.983 7.26841e-10
1.605 1.4382 0 543.985 7.13674e-10
1.605 1.4382 0 544.988 7.00747e-10
1.605 1.4382 0 545.99 6.88056e-10
1.605 1.4382 0 546.993 6.75596e-10
1.605 1.4382 0 547.995 6.63363e-10
1.605 1.4382 0 548.998 6.51352e-10
1.605 1.4382 0 550 6.39561e-10
