2.91 1.4382 0 150.015 1.58916e-05
2.91 1.4382 0 151.017 2.71611e-05
2.91 1.4382 0 152.02 2.78051e-05
2.91 1.4382 0 153.022 2.61822e-05
2.91 1.4382 0 154.025 2.44501e-05
2.91 1.4382 0 155.027 2.28439e-05
2.91 1.4382 0 156.03 2.13713e-05
2.91 1.4382 0 157.032 2.00193e-05
2.91 1.4382 0 158.035 1.87754e-05
2.91 1.4382 0 159.037 1.76284e-05
2.91 1.4382 0 160.04 1.65691e-05
2.91 1.4382 0 161.042 1.5589e-05
2.91 1.4382 0 162.045 1.4681e-05
2.91 1.4382 0 163.047 1.38386e-05
2.91 1.4382 0 164.05 1.3056e-05
2.91 1.4382 0 165.052 1.2328e-05
2.91 1.4382 0 166.054 1.165e-05
2.91 1.4382 0 167.057 1.10179e-05
2.91 1.4382 0 168.059 1.04279e-05
2.91 1.4382 0 169.062 9.87654e-06
2.91 1.4382 0 170.064 9.36082e-06
2.91 1.4382 0 171.067 8.87791e-06
2.91 1.4382 0 172.069 8.42529e-06
2.91 1.4382 0 173.072 8.00066e-06
2.91 1.4382 0 174.074 7.60191e-06
2.91 1.4382 0 175.077 7.22714e-06
2.91 1.4382 0 176.079 6.87459e-06
2.91 1.4382 0 177.082 6.54267e-06
2.91 1.4382 0 178.084 6.22991e-06
2.91 1.4382 0 179.087 5.93499e-06
2.91 1.4382 0 180.089 5.65666e-06
2.91 1.4382 0 181.092 5.3938e-06
2.91 1.4382 0 182.094 5.14537e-06
2.91 1.4382 0 183.096 4.91042e-06
2.91 1.4382 0 184.099 4.68807e-06
2.91 1.4382 0 185.101 4.4775e-06
2.91 1.4382 0 186.104 4.27797e-06
2.91 1.4382 0 187.106 4.08878e-06
2.91 1.4382 0 188.109 3.90929e-06
2.91 1.4382 0 189.111 3.73891e-06
2.91 1.4382 0 190.114 3.57709e-06
2.91 1.4382 0 191.116 3.42332e-06
2.91 1.4382 0 192.119 3.27712e-06
2.91 1.4382 0 193.121 3.13805e-06
2.91 1.4382 0 194.124 3.0057e-06
2.91 1.4382 0 195.126 2.87969e-06
2.91 1.4382 0 196.129 2.75966e-06
2.91 1.4382 0 197.131 2.64528e-06
2.91 1.4382 0 198.133 2.53624e-06
2.91 1.4382 0 199.136 2.43225e-06
2.91 1.4382 0 200.138 2.33303e-06
2.91 1.4382 0 201.141 2.23834e-06
2.91 1.4382 0 202.143 2.14792e-06
2.91 1.4382 0 203.146 2.06157e-06
2.91 1.4382 0 204.148 1.97907e-06
2.91 1.4382 0 205.151 1.90022e-06
2.91 1.4382 0 206.153 1.82484e-06
2.91 1.4382 0 207.156 1.75275e-06
2.91 1.4382 0 208.158 1.68379e-06
2.91 1.4382 0 209.161 1.6178e-06
2.91 1.4382 0 210.163 1.55465e-06
2.91 1.4382 0 211.166 1.49419e-06
2.91 1.4382 0 212.168 1.43629e-06
2.91 1.4382 0 213.171 1.38083e-06
2.91 1.4382 0 214.173 1.3277e-06
2.91 1.4382 0 215.175 1.27678e-06
2.91 1.4382 0 216.178 1.22798e-06
2.91 1.4382 0 217.18 1.18119e-06
2.91 1.4382 0 218.183 1.13632e-06
2.91 1.4382 0 219.185 1.09329e-06
2.91 1.4382 0 220.188 1.05201e-06
2.91 1.4382 0 221.19 1.0124e-06
2.91 1.4382 0 222.193 9.74391e-07
2.91 1.4382 0 223.195 9.37908e-07
2.91 1.4382 0 224.198 9.02885e-07
2.91 1.4382 0 225.2 8.69257e-07
2.91 1.4382 0 226.203 8.36964e-07
2.91 1.4382 0 227.205 8.05948e-07
2.91 1.4382 0 228.208 7.76153e-07
2.91 1.4382 0 229.21 7.47528e-07
2.91 1.4382 0 230.212 7.20023e-07
2.91 1.4382 0 231.215 6.93589e-07
2.91 1.4382 0 232.217 6.68182e-07
2.91 1.4382 0 233.22 6.43758e-07
2.91 1.4382 0 234.222 6.20277e-07
2.91 1.4382 0 235.225 5.97699e-07
2.91 1.4382 0 236.227 5.75987e-07
2.91 1.4382 0 237.23 5.55105e-07
2.91 1.4382 0 238.232 5.35019e-07
2.91 1.4382 0 239.235 5.15697e-07
2.91 1.4382 0 240.237 4.97107e-07
2.91 1.4382 0 241.24 4.79219e-07
2.91 1.4382 0 242.242 4.62006e-07
2.91 1.4382 0 243.245 4.4544e-07
2.91 1.4382 0 244.247 4.29496e-07
2.91 1.4382 0 245.25 4.14148e-07
2.91 1.4382 0 246.252 3.99373e-07
2.91 1.4382 0 247.254 3.85147e-07
2.91 1.4382 0 248.257 3.7145e-07
2.91 1.4382 0 249.259 3.58261e-07
2.91 1.4382 0 250.262 3.4556e-07
2.91 1.4382 0 251.264 3.33327e-07
2.91 1.4382 0 252.267 3.21544e-07
2.91 1.4382 0 253.269 3.10194e-07
2.91 1.4382 0 254.272 2.9926e-07
2.91 1.4382 0 255.274 2.88726e-07
2.91 1.4382 0 256.277 2.78577e-07
2.91 1.4382 0 257.279 2.68798e-07
2.91 1.4382 0 258.282 2.59374e-07
2.91 1.4382 0 259.284 2.50293e-07
2.91 1.4382 0 260.287 2.4154e-07
2.91 1.4382 0 261.289 2.33104e-07
2.91 1.4382 0 262.291 2.24973e-07
2.91 1.4382 0 263.294 2.17135e-07
2.91 1.4382 0 264.296 2.09579e-07
2.91 1.4382 0 265.299 2.02294e-07
2.91 1.4382 0 266.301 1.9527e-07
2.91 1.4382 0 267.304 1.88498e-07
2.91 1.4382 0 268.306 1.81968e-07
2.91 1.4382 0 269.309 1.75672e-07
2.91 1.4382 0 270.311 1.69599e-07
2.91 1.4382 0 271.314 1.63743e-07
2.91 1.4382 0 272.316 1.58095e-07
2.91 1.4382 0 273.319 1.52647e-07
2.91 1.4382 0 274.321 1.47392e-07
2.91 1.4382 0 275.324 1.42323e-07
2.91 1.4382 0 276.326 1.37433e-07
2.91 1.4382 0 277.329 1.32716e-07
2.91 1.4382 0 278.331 1.28165e-07
2.91 1.4382 0 279.333 1.23774e-07
2.91 1.4382 0 280.336 1.19537e-07
2.91 1.4382 0 281.338 1.15449e-07
2.91 1.4382 0 282.341 1.11505e-07
2.91 1.4382 0 283.343 1.07698e-07
2.91 1.4382 0 284.346 1.04025e-07
2.91 1.4382 0 285.348 1.0048e-07
2.91 1.4382 0 286.351 9.70588e-08
2.91 1.4382 0 287.353 9.37567e-08
2.91 1.4382 0 288.356 9.05696e-08
2.91 1.4382 0 289.358 8.74932e-08
2.91 1.4382 0 290.361 8.45238e-08
2.91 1.4382 0 291.363 8.16573e-08
2.91 1.4382 0 292.366 7.88902e-08
2.91 1.4382 0 293.368 7.62189e-08
2.91 1.4382 0 294.37 7.364e-08
2.91 1.4382 0 295.373 7.11502e-08
2.91 1.4382 0 296.375 6.87464e-08
2.91 1.4382 0 297.378 6.64254e-08
2.91 1.4382 0 298.38 6.41844e-08
2.91 1.4382 0 299.383 6.20205e-08
2.91 1.4382 0 300.385 5.9931e-08
2.91 1.4382 0 301.388 5.79133e-08
2.91 1.4382 0 302.39 5.59648e-08
2.91 1.4382 0 303.393 5.40832e-08
2.91 1.4382 0 304.395 5.2266e-08
2.91 1.4382 0 305.398 5.0511e-08
2.91 1.4382 0 306.4 4.8816e-08
2.91 1.4382 0 307.403 4.71789e-08
2.91 1.4382 0 308.405 4.55977e-08
2.91 1.4382 0 309.408 4.40705e-08
2.91 1.4382 0 310.41 4.25953e-08
2.91 1.4382 0 311.412 4.11703e-08
2.91 1.4382 0 312.415 3.97939e-08
2.91 1.4382 0 313.417 3.84642e-08
2.91 1.4382 0 314.42 3.71797e-08
2.91 1.4382 0 315.422 3.59388e-08
2.91 1.4382 0 316.425 3.47401e-08
2.91 1.4382 0 317.427 3.35819e-08
2.91 1.4382 0 318.43 3.2463e-08
2.91 1.4382 0 319.432 3.13819e-08
2.91 1.4382 0 320.435 3.03374e-08
2.91 1.4382 0 321.437 2.93282e-08
2.91 1.4382 0 322.44 2.83531e-08
2.91 1.4382 0 323.442 2.74109e-08
2.91 1.4382 0 324.445 2.65005e-08
2.91 1.4382 0 325.447 2.56208e-08
2.91 1.4382 0 326.449 2.47707e-08
2.91 1.4382 0 327.452 2.39492e-08
2.91 1.4382 0 328.454 2.31554e-08
2.91 1.4382 0 329.457 2.23882e-08
2.91 1.4382 0 330.459 2.16468e-08
2.91 1.4382 0 331.462 2.09303e-08
2.91 1.4382 0 332.464 2.02379e-08
2.91 1.4382 0 333.467 1.95686e-08
2.91 1.4382 0 334.469 1.89218e-08
2.91 1.4382 0 335.472 1.82967e-08
2.91 1.4382 0 336.474 1.76925e-08
2.91 1.4382 0 337.477 1.71085e-08
2.91 1.4382 0 338.479 1.6544e-08
2.91 1.4382 0 339.482 1.59984e-08
2.91 1.4382 0 340.484 1.5471e-08
2.91 1.4382 0 341.487 1.49612e-08
2.91 1.4382 0 342.489 1.44684e-08
2.91 1.4382 0 343.491 1.3992e-08
2.91 1.4382 0 344.494 1.35316e-08
2.91 1.4382 0 345.496 1.30864e-08
2.91 1.4382 0 346.499 1.26561e-08
2.91 1.4382 0 347.501 1.22401e-08
2.91 1.4382 0 348.504 1.18379e-08
2.91 1.4382 0 349.506 1.14491e-08
2.91 1.4382 0 350.509 1.10732e-08
2.91 1.4382 0 351.511 1.07098e-08
2.91 1.4382 0 352.514 1.03584e-08
2.91 1.4382 0 353.516 1.00187e-08
2.91 1.4382 0 354.519 9.69026e-09
2.91 1.4382 0 355.521 9.37271e-09
2.91 1.4382 0 356.524 9.06567e-09
2.91 1.4382 0 357.526 8.7688e-09
2.91 1.4382 0 358.528 8.48175e-09
2.91 1.4382 0 359.531 8.2042e-09
2.91 1.4382 0 360.533 7.93582e-09
2.91 1.4382 0 361.536 7.67632e-09
2.91 1.4382 0 362.538 7.42538e-09
2.91 1.4382 0 363.541 7.18273e-09
2.91 1.4382 0 364.543 6.94809e-09
2.91 1.4382 0 365.546 6.72119e-09
2.91 1.4382 0 366.548 6.50177e-09
2.91 1.4382 0 367.551 6.28959e-09
2.91 1.4382 0 368.553 6.08439e-09
2.91 1.4382 0 369.556 5.88596e-09
2.91 1.4382 0 370.558 5.69405e-09
2.91 1.4382 0 371.561 5.50846e-09
2.91 1.4382 0 372.563 5.32898e-09
2.91 1.4382 0 373.566 5.1554e-09
2.91 1.4382 0 374.568 4.98752e-09
2.91 1.4382 0 375.57 4.82516e-09
2.91 1.4382 0 376.573 4.66813e-09
2.91 1.4382 0 377.575 4.51626e-09
2.91 1.4382 0 378.578 4.36937e-09
2.91 1.4382 0 379.58 4.2273e-09
2.91 1.4382 0 380.583 4.08989e-09
2.91 1.4382 0 381.585 3.95698e-09
2.91 1.4382 0 382.588 3.82843e-09
2.91 1.4382 0 383.59 3.70409e-09
2.91 1.4382 0 384.593 3.58383e-09
2.91 1.4382 0 385.595 3.4675e-09
2.91 1.4382 0 386.598 3.35497e-09
2.91 1.4382 0 387.6 3.24613e-09
2.91 1.4382 0 388.603 3.14085e-09
2.91 1.4382 0 389.605 3.03901e-09
2.91 1.4382 0 390.607 2.94049e-09
2.91 1.4382 0 391.61 2.8452e-09
2.91 1.4382 0 392.612 2.75302e-09
2.91 1.4382 0 393.615 2.66385e-09
2.91 1.4382 0 394.617 2.57758e-09
2.91 1.4382 0 395.62 2.49414e-09
2.91 1.4382 0 396.622 2.41341e-09
2.91 1.4382 0 397.625 2.33532e-09
2.91 1.4382 0 398.627 2.25977e-09
2.91 1.4382 0 399.63 2.18668e-09
2.91 1.4382 0 400.632 2.11598e-09
2.91 1.4382 0 401.635 2.04758e-09
2.91 1.4382 0 402.637 1.9814e-09
2.91 1.4382 0 403.64 1.91738e-09
2.91 1.4382 0 404.642 1.85544e-09
2.91 1.4382 0 405.645 1.79552e-09
2.91 1.4382 0 406.647 1.73754e-09
2.91 1.4382 0 407.649 1.68145e-09
2.91 1.4382 0 408.652 1.62718e-09
2.91 1.4382 0 409.654 1.57468e-09
2.91 1.4382 0 410.657 1.52388e-09
2.91 1.4382 0 411.659 1.47473e-09
2.91 1.4382 0 412.662 1.42718e-09
2.91 1.4382 0 413.664 1.38117e-09
2.91 1.4382 0 414.667 1.33665e-09
2.91 1.4382 0 415.669 1.29358e-09
2.91 1.4382 0 416.672 1.2519e-09
2.91 1.4382 0 417.674 1.21158e-09
2.91 1.4382 0 418.677 1.17256e-09
2.91 1.4382 0 419.679 1.13481e-09
2.91 1.4382 0 420.682 1.09828e-09
2.91 1.4382 0 421.684 1.06293e-09
2.91 1.4382 0 422.686 1.02873e-09
2.91 1.4382 0 423.689 9.95635e-10
2.91 1.4382 0 424.691 9.6361e-10
2.91 1.4382 0 425.694 9.32623e-10
2.91 1.4382 0 426.696 9.02637e-10
2.91 1.4382 0 427.699 8.73621e-10
2.91 1.4382 0 428.701 8.45544e-10
2.91 1.4382 0 429.704 8.18374e-10
2.91 1.4382 0 430.706 7.92082e-10
2.91 1.4382 0 431.709 7.6664e-10
2.91 1.4382 0 432.711 7.42019e-10
2.91 1.4382 0 433.714 7.18194e-10
2.91 1.4382 0 434.716 6.95138e-10
2.91 1.4382 0 435.719 6.72826e-10
2.91 1.4382 0 436.721 6.51234e-10
2.91 1.4382 0 437.724 6.30339e-10
2.91 1.4382 0 438.726 6.10118e-10
2.91 1.4382 0 439.728 5.9055e-10
2.91 1.4382 0 440.731 5.71612e-10
2.91 1.4382 0 441.733 5.53285e-10
2.91 1.4382 0 442.736 5.35548e-10
2.91 1.4382 0 443.738 5.18383e-10
2.91 1.4382 0 444.741 5.01771e-10
2.91 1.4382 0 445.743 4.85694e-10
2.91 1.4382 0 446.746 4.70135e-10
2.91 1.4382 0 447.748 4.55077e-10
2.91 1.4382 0 448.751 4.40504e-10
2.91 1.4382 0 449.753 4.264e-10
2.91 1.4382 0 450.756 4.12749e-10
2.91 1.4382 0 451.758 3.99538e-10
2.91 1.4382 0 452.761 3.86751e-10
2.91 1.4382 0 453.763 3.74376e-10
2.91 1.4382 0 454.765 3.62399e-10
2.91 1.4382 0 455.768 3.50807e-10
2.91 1.4382 0 456.77 3.39587e-10
2.91 1.4382 0 457.773 3.28728e-10
2.91 1.4382 0 458.775 3.18218e-10
2.91 1.4382 0 459.778 3.08045e-10
2.91 1.4382 0 460.78 2.982e-10
2.91 1.4382 0 461.783 2.8867e-10
2.91 1.4382 0 462.785 2.79446e-10
2.91 1.4382 0 463.788 2.70518e-10
2.91 1.4382 0 464.79 2.61877e-10
2.91 1.4382 0 465.793 2.53513e-10
2.91 1.4382 0 466.795 2.45418e-10
2.91 1.4382 0 467.798 2.37582e-10
2.91 1.4382 0 468.8 2.29997e-10
2.91 1.4382 0 469.803 2.22656e-10
2.91 1.4382 0 470.805 2.1555e-10
2.91 1.4382 0 471.807 2.08672e-10
2.91 1.4382 0 472.81 2.02014e-10
2.91 1.4382 0 473.812 1.9557e-10
2.91 1.4382 0 474.815 1.89331e-10
2.91 1.4382 0 475.817 1.83293e-10
2.91 1.4382 0 476.82 1.77449e-10
2.91 1.4382 0 477.822 1.71791e-10
2.91 1.4382 0 478.825 1.66314e-10
2.91 1.4382 0 479.827 1.61013e-10
2.91 1.4382 0 480.83 1.55882e-10
2.91 1.4382 0 481.832 1.50914e-10
2.91 1.4382 0 482.835 1.46106e-10
2.91 1.4382 0 483.837 1.41451e-10
2.91 1.4382 0 484.84 1.36946e-10
2.91 1.4382 0 485.842 1.32584e-10
2.91 1.4382 0 486.844 1.28362e-10
2.91 1.4382 0 487.847 1.24275e-10
2.91 1.4382 0 488.849 1.20318e-10
2.91 1.4382 0 489.852 1.16488e-10
2.91 1.4382 0 490.854 1.12781e-10
2.91 1.4382 0 491.857 1.09192e-10
2.91 1.4382 0 492.859 1.05717e-10
2.91 1.4382 0 493.862 1.02353e-10
2.91 1.4382 0 494.864 9.90974e-11
2.91 1.4382 0 495.867 9.59452e-11
2.91 1.4382 0 496.869 9.28937e-11
2.91 1.4382 0 497.872 8.99397e-11
2.91 1.4382 0 498.874 8.70799e-11
2.91 1.4382 0 499.877 8.43113e-11
2.91 1.4382 0 500.879 8.16312e-11
2.91 1.4382 0 501.882 7.90365e-11
2.91 1.4382 0 502.884 7.65246e-11
2.91 1.4382 0 503.886 7.40928e-11
2.91 1.4382 0 504.889 7.17386e-11
2.91 1.4382 0 505.891 6.94594e-11
2.91 1.4382 0 506.894 6.72529e-11
2.91 1.4382 0 507.896 6.51168e-11
2.91 1.4382 0 508.899 6.30487e-11
2.91 1.4382 0 509.901 6.10466e-11
2.91 1.4382 0 510.904 5.91082e-11
2.91 1.4382 0 511.906 5.72316e-11
2.91 1.4382 0 512.909 5.54148e-11
2.91 1.4382 0 513.911 5.36559e-11
2.91 1.4382 0 514.914 5.1953e-11
2.91 1.4382 0 515.916 5.03043e-11
2.91 1.4382 0 516.919 4.87081e-11
2.91 1.4382 0 517.921 4.71627e-11
2.91 1.4382 0 518.923 4.56665e-11
2.91 1.4382 0 519.926 4.42179e-11
2.91 1.4382 0 520.928 4.28155e-11
2.91 1.4382 0 521.931 4.14577e-11
2.91 1.4382 0 522.933 4.0143e-11
2.91 1.4382 0 523.936 3.88702e-11
2.91 1.4382 0 524.938 3.76379e-11
2.91 1.4382 0 525.941 3.64448e-11
2.91 1.4382 0 526.943 3.52896e-11
2.91 1.4382 0 527.946 3.41711e-11
2.91 1.4382 0 528.948 3.30882e-11
2.91 1.4382 0 529.951 3.20398e-11
2.91 1.4382 0 530.953 3.10246e-11
2.91 1.4382 0 531.956 3.00417e-11
2.91 1.4382 0 532.958 2.90901e-11
2.91 1.4382 0 533.961 2.81687e-11
2.91 1.4382 0 534.963 2.72765e-11
2.91 1.4382 0 535.965 2.64128e-11
2.91 1.4382 0 536.968 2.55764e-11
2.91 1.4382 0 537.97 2.47666e-11
2.91 1.4382 0 538.973 2.39825e-11
2.91 1.4382 0 539.975 2.32234e-11
2.91 1.4382 0 540.978 2.24883e-11
2.91 1.4382 0 541.98 2.17765e-11
2.91 1.4382 0 542.983 2.10874e-11
2.91 1.4382 0 543.985 2.04201e-11
2.91 1.4382 0 544.988 1.9774e-11
2.91 1.4382 0 545.99 1.91484e-11
2.91 1.4382 0 546.993 1.85427e-11
2.91 1.4382 0 547.995 1.79561e-11
2.91 1.4382 0 548.998 1.73882e-11
2.91 1.4382 0 550 1.68383e-11
