2.055 1.4382 0 150.015 7.48034e-06
2.055 1.4382 0 151.017 1.29597e-05
2.055 1.4382 0 152.02 1.35722e-05
2.055 1.4382 0 153.022 1.30888e-05
2.055 1.4382 0 154.025 1.25084e-05
2.055 1.4382 0 155.027 1.19475e-05
2.055 1.4382 0 156.03 1.14155e-05
2.055 1.4382 0 157.032 1.09111e-05
2.055 1.4382 0 158.035 1.04323e-05
2.055 1.4382 0 159.037 9.97735e-06
2.055 1.4382 0 160.04 9.54474e-06
2.055 1.4382 0 161.042 9.13312e-06
2.055 1.4382 0 162.045 8.74127e-06
2.055 1.4382 0 163.047 8.3681e-06
2.055 1.4382 0 164.05 8.01258e-06
2.055 1.4382 0 165.052 7.67375e-06
2.055 1.4382 0 166.054 7.35073e-06
2.055 1.4382 0 167.057 7.04271e-06
2.055 1.4382 0 168.059 6.7489e-06
2.055 1.4382 0 169.062 6.46857e-06
2.055 1.4382 0 170.064 6.20105e-06
2.055 1.4382 0 171.067 5.94569e-06
2.055 1.4382 0 172.069 5.70188e-06
2.055 1.4382 0 173.072 5.46905e-06
2.055 1.4382 0 174.074 5.24666e-06
2.055 1.4382 0 175.077 5.0342e-06
2.055 1.4382 0 176.079 4.83118e-06
2.055 1.4382 0 177.082 4.63714e-06
2.055 1.4382 0 178.084 4.45165e-06
2.055 1.4382 0 179.087 4.27431e-06
2.055 1.4382 0 180.089 4.10471e-06
2.055 1.4382 0 181.092 3.9425e-06
2.055 1.4382 0 182.094 3.78732e-06
2.055 1.4382 0 183.096 3.63884e-06
2.055 1.4382 0 184.099 3.49675e-06
2.055 1.4382 0 185.101 3.36074e-06
2.055 1.4382 0 186.104 3.23054e-06
2.055 1.4382 0 187.106 3.10587e-06
2.055 1.4382 0 188.109 2.98648e-06
2.055 1.4382 0 189.111 2.87213e-06
2.055 1.4382 0 190.114 2.76258e-06
2.055 1.4382 0 191.116 2.65762e-06
2.055 1.4382 0 192.119 2.55704e-06
2.055 1.4382 0 193.121 2.46063e-06
2.055 1.4382 0 194.124 2.36822e-06
2.055 1.4382 0 195.126 2.27961e-06
2.055 1.4382 0 196.129 2.19464e-06
2.055 1.4382 0 197.131 2.11315e-06
2.055 1.4382 0 198.133 2.03499e-06
2.055 1.4382 0 199.136 1.95999e-06
2.055 1.4382 0 200.138 1.88803e-06
2.055 1.4382 0 201.141 1.81898e-06
2.055 1.4382 0 202.143 1.75269e-06
2.055 1.4382 0 203.146 1.68906e-06
2.055 1.4382 0 204.148 1.62797e-06
2.055 1.4382 0 205.151 1.56931e-06
2.055 1.4382 0 206.153 1.51296e-06
2.055 1.4382 0 207.156 1.45884e-06
2.055 1.4382 0 208.158 1.40684e-06
2.055 1.4382 0 209.161 1.35688e-06
2.055 1.4382 0 210.163 1.30887e-06
2.055 1.4382 0 211.166 1.26273e-06
2.055 1.4382 0 212.168 1.21837e-06
2.055 1.4382 0 213.171 1.17573e-06
2.055 1.4382 0 214.173 1.13472e-06
2.055 1.4382 0 215.175 1.09528e-06
2.055 1.4382 0 216.178 1.05735e-06
2.055 1.4382 0 217.18 1.02087e-06
2.055 1.4382 0 218.183 9.85764e-07
2.055 1.4382 0 219.185 9.51986e-07
2.055 1.4382 0 220.188 9.19479e-07
2.055 1.4382 0 221.19 8.88191e-07
2.055 1.4382 0 222.193 8.58073e-07
2.055 1.4382 0 223.195 8.29076e-07
2.055 1.4382 0 224.198 8.01155e-07
2.055 1.4382 0 225.2 7.74266e-07
2.055 1.4382 0 226.203 7.48369e-07
2.055 1.4382 0 227.205 7.23422e-07
2.055 1.4382 0 228.208 6.99388e-07
2.055 1.4382 0 229.21 6.7623e-07
2.055 1.4382 0 230.212 6.53914e-07
2.055 1.4382 0 231.215 6.32406e-07
2.055 1.4382 0 232.217 6.11675e-07
2.055 1.4382 0 233.22 5.91688e-07
2.055 1.4382 0 234.222 5.72419e-07
2.055 1.4382 0 235.225 5.53837e-07
2.055 1.4382 0 236.227 5.35917e-07
2.055 1.4382 0 237.23 5.18632e-07
2.055 1.4382 0 238.232 5.01959e-07
2.055 1.4382 0 239.235 4.85873e-07
2.055 1.4382 0 240.237 4.70352e-07
2.055 1.4382 0 241.24 4.55374e-07
2.055 1.4382 0 242.242 4.40919e-07
2.055 1.4382 0 243.245 4.26966e-07
2.055 1.4382 0 244.247 4.13497e-07
2.055 1.4382 0 245.25 4.00492e-07
2.055 1.4382 0 246.252 3.87936e-07
2.055 1.4382 0 247.254 3.7581e-07
2.055 1.4382 0 248.257 3.64098e-07
2.055 1.4382 0 249.259 3.52786e-07
2.055 1.4382 0 250.262 3.41858e-07
2.055 1.4382 0 251.264 3.313e-07
2.055 1.4382 0 252.267 3.21099e-07
2.055 1.4382 0 253.269 3.1124e-07
2.055 1.4382 0 254.272 3.01713e-07
2.055 1.4382 0 255.274 2.92503e-07
2.055 1.4382 0 256.277 2.83601e-07
2.055 1.4382 0 257.279 2.74994e-07
2.055 1.4382 0 258.282 2.66672e-07
2.055 1.4382 0 259.284 2.58624e-07
2.055 1.4382 0 260.287 2.50842e-07
2.055 1.4382 0 261.289 2.43314e-07
2.055 1.4382 0 262.291 2.36033e-07
2.055 1.4382 0 263.294 2.28989e-07
2.055 1.4382 0 264.296 2.22174e-07
2.055 1.4382 0 265.299 2.15579e-07
2.055 1.4382 0 266.301 2.09198e-07
2.055 1.4382 0 267.304 2.03022e-07
2.055 1.4382 0 268.306 1.97044e-07
2.055 1.4382 0 269.309 1.91257e-07
2.055 1.4382 0 270.311 1.85655e-07
2.055 1.4382 0 271.314 1.80231e-07
2.055 1.4382 0 272.316 1.7498e-07
2.055 1.4382 0 273.319 1.69894e-07
2.055 1.4382 0 274.321 1.64968e-07
2.055 1.4382 0 275.324 1.60198e-07
2.055 1.4382 0 276.326 1.55576e-07
2.055 1.4382 0 277.329 1.511e-07
2.055 1.4382 0 278.331 1.46762e-07
2.055 1.4382 0 279.333 1.4256e-07
2.055 1.4382 0 280.336 1.38487e-07
2.055 1.4382 0 281.338 1.34541e-07
2.055 1.4382 0 282.341 1.30716e-07
2.055 1.4382 0 283.343 1.27008e-07
2.055 1.4382 0 284.346 1.23414e-07
2.055 1.4382 0 285.348 1.1993e-07
2.055 1.4382 0 286.351 1.16552e-07
2.055 1.4382 0 287.353 1.13276e-07
2.055 1.4382 0 288.356 1.101e-07
2.055 1.4382 0 289.358 1.0702e-07
2.055 1.4382 0 290.361 1.04033e-07
2.055 1.4382 0 291.363 1.01135e-07
2.055 1.4382 0 292.366 9.8324e-08
2.055 1.4382 0 293.368 9.55972e-08
2.055 1.4382 0 294.37 9.29517e-08
2.055 1.4382 0 295.373 9.03848e-08
2.055 1.4382 0 296.375 8.78941e-08
2.055 1.4382 0 297.378 8.5477e-08
2.055 1.4382 0 298.38 8.31312e-08
2.055 1.4382 0 299.383 8.08545e-08
2.055 1.4382 0 300.385 7.86446e-08
2.055 1.4382 0 301.388 7.64994e-08
2.055 1.4382 0 302.39 7.44169e-08
2.055 1.4382 0 303.393 7.23951e-08
2.055 1.4382 0 304.395 7.0432e-08
2.055 1.4382 0 305.398 6.85258e-08
2.055 1.4382 0 306.4 6.66748e-08
2.055 1.4382 0 307.403 6.48772e-08
2.055 1.4382 0 308.405 6.31313e-08
2.055 1.4382 0 309.408 6.14356e-08
2.055 1.4382 0 310.41 5.97884e-08
2.055 1.4382 0 311.412 5.81883e-08
2.055 1.4382 0 312.415 5.66339e-08
2.055 1.4382 0 313.417 5.51237e-08
2.055 1.4382 0 314.42 5.36563e-08
2.055 1.4382 0 315.422 5.22305e-08
2.055 1.4382 0 316.425 5.0845e-08
2.055 1.4382 0 317.427 4.94986e-08
2.055 1.4382 0 318.43 4.81901e-08
2.055 1.4382 0 319.432 4.69182e-08
2.055 1.4382 0 320.435 4.5682e-08
2.055 1.4382 0 321.437 4.44804e-08
2.055 1.4382 0 322.44 4.33123e-08
2.055 1.4382 0 323.442 4.21767e-08
2.055 1.4382 0 324.445 4.10726e-08
2.055 1.4382 0 325.447 3.99991e-08
2.055 1.4382 0 326.449 3.89554e-08
2.055 1.4382 0 327.452 3.79404e-08
2.055 1.4382 0 328.454 3.69534e-08
2.055 1.4382 0 329.457 3.59935e-08
2.055 1.4382 0 330.459 3.506e-08
2.055 1.4382 0 331.462 3.4152e-08
2.055 1.4382 0 332.464 3.32688e-08
2.055 1.4382 0 333.467 3.24098e-08
2.055 1.4382 0 334.469 3.15741e-08
2.055 1.4382 0 335.472 3.07611e-08
2.055 1.4382 0 336.474 2.99702e-08
2.055 1.4382 0 337.477 2.92006e-08
2.055 1.4382 0 338.479 2.84519e-08
2.055 1.4382 0 339.482 2.77234e-08
2.055 1.4382 0 340.484 2.70145e-08
2.055 1.4382 0 341.487 2.63246e-08
2.055 1.4382 0 342.489 2.56532e-08
2.055 1.4382 0 343.491 2.49998e-08
2.055 1.4382 0 344.494 2.43639e-08
2.055 1.4382 0 345.496 2.37449e-08
2.055 1.4382 0 346.499 2.31425e-08
2.055 1.4382 0 347.501 2.2556e-08
2.055 1.4382 0 348.504 2.19851e-08
2.055 1.4382 0 349.506 2.14294e-08
2.055 1.4382 0 350.509 2.08883e-08
2.055 1.4382 0 351.511 2.03616e-08
2.055 1.4382 0 352.514 1.98487e-08
2.055 1.4382 0 353.516 1.93493e-08
2.055 1.4382 0 354.519 1.88631e-08
2.055 1.4382 0 355.521 1.83896e-08
2.055 1.4382 0 356.524 1.79285e-08
2.055 1.4382 0 357.526 1.74795e-08
2.055 1.4382 0 358.528 1.70423e-08
2.055 1.4382 0 359.531 1.66164e-08
2.055 1.4382 0 360.533 1.62016e-08
2.055 1.4382 0 361.536 1.57976e-08
2.055 1.4382 0 362.538 1.54041e-08
2.055 1.4382 0 363.541 1.50208e-08
2.055 1.4382 0 364.543 1.46475e-08
2.055 1.4382 0 365.546 1.42837e-08
2.055 1.4382 0 366.548 1.39294e-08
2.055 1.4382 0 367.551 1.35842e-08
2.055 1.4382 0 368.553 1.32479e-08
2.055 1.4382 0 369.556 1.29203e-08
2.055 1.4382 0 370.558 1.2601e-08
2.055 1.4382 0 371.561 1.229e-08
2.055 1.4382 0 372.563 1.19869e-08
2.055 1.4382 0 373.566 1.16916e-08
2.055 1.4382 0 374.568 1.14038e-08
2.055 1.4382 0 375.57 1.11233e-08
2.055 1.4382 0 376.573 1.085e-08
2.055 1.4382 0 377.575 1.05837e-08
2.055 1.4382 0 378.578 1.03241e-08
2.055 1.4382 0 379.58 1.00711e-08
2.055 1.4382 0 380.583 9.8245e-09
2.055 1.4382 0 381.585 9.58416e-09
2.055 1.4382 0 382.588 9.3499e-09
2.055 1.4382 0 383.59 9.12156e-09
2.055 1.4382 0 384.593 8.89898e-09
2.055 1.4382 0 385.595 8.68201e-09
2.055 1.4382 0 386.598 8.4705e-09
2.055 1.4382 0 387.6 8.26431e-09
2.055 1.4382 0 388.603 8.0633e-09
2.055 1.4382 0 389.605 7.86733e-09
2.055 1.4382 0 390.607 7.67627e-09
2.055 1.4382 0 391.61 7.49e-09
2.055 1.4382 0 392.612 7.30838e-09
2.055 1.4382 0 393.615 7.1313e-09
2.055 1.4382 0 394.617 6.95864e-09
2.055 1.4382 0 395.62 6.79028e-09
2.055 1.4382 0 396.622 6.62612e-09
2.055 1.4382 0 397.625 6.46603e-09
2.055 1.4382 0 398.627 6.30993e-09
2.055 1.4382 0 399.63 6.1577e-09
2.055 1.4382 0 400.632 6.00925e-09
2.055 1.4382 0 401.635 5.86448e-09
2.055 1.4382 0 402.637 5.72329e-09
2.055 1.4382 0 403.64 5.58559e-09
2.055 1.4382 0 404.642 5.4513e-09
2.055 1.4382 0 405.645 5.32032e-09
2.055 1.4382 0 406.647 5.19257e-09
2.055 1.4382 0 407.649 5.06796e-09
2.055 1.4382 0 408.652 4.94643e-09
2.055 1.4382 0 409.654 4.82788e-09
2.055 1.4382 0 410.657 4.71225e-09
2.055 1.4382 0 411.659 4.59945e-09
2.055 1.4382 0 412.662 4.48942e-09
2.055 1.4382 0 413.664 4.38209e-09
2.055 1.4382 0 414.667 4.27739e-09
2.055 1.4382 0 415.669 4.17525e-09
2.055 1.4382 0 416.672 4.07561e-09
2.055 1.4382 0 417.674 3.9784e-09
2.055 1.4382 0 418.677 3.88356e-09
2.055 1.4382 0 419.679 3.79104e-09
2.055 1.4382 0 420.682 3.70077e-09
2.055 1.4382 0 421.684 3.61269e-09
2.055 1.4382 0 422.686 3.52677e-09
2.055 1.4382 0 423.689 3.44293e-09
2.055 1.4382 0 424.691 3.36112e-09
2.055 1.4382 0 425.694 3.28131e-09
2.055 1.4382 0 426.696 3.20343e-09
2.055 1.4382 0 427.699 3.12743e-09
2.055 1.4382 0 428.701 3.05328e-09
2.055 1.4382 0 429.704 2.98092e-09
2.055 1.4382 0 430.706 2.91032e-09
2.055 1.4382 0 431.709 2.84142e-09
2.055 1.4382 0 432.711 2.77418e-09
2.055 1.4382 0 433.714 2.70857e-09
2.055 1.4382 0 434.716 2.64454e-09
2.055 1.4382 0 435.719 2.58205e-09
2.055 1.4382 0 436.721 2.52106e-09
2.055 1.4382 0 437.724 2.46155e-09
2.055 1.4382 0 438.726 2.40347e-09
2.055 1.4382 0 439.728 2.34678e-09
2.055 1.4382 0 440.731 2.29146e-09
2.055 1.4382 0 441.733 2.23746e-09
2.055 1.4382 0 442.736 2.18476e-09
2.055 1.4382 0 443.738 2.13332e-09
2.055 1.4382 0 444.741 2.08312e-09
2.055 1.4382 0 445.743 2.03412e-09
2.055 1.4382 0 446.746 1.98629e-09
2.055 1.4382 0 447.748 1.9396e-09
2.055 1.4382 0 448.751 1.89404e-09
2.055 1.4382 0 449.753 1.84956e-09
2.055 1.4382 0 450.756 1.80614e-09
2.055 1.4382 0 451.758 1.76376e-09
2.055 1.4382 0 452.761 1.72239e-09
2.055 1.4382 0 453.763 1.682e-09
2.055 1.4382 0 454.765 1.64258e-09
2.055 1.4382 0 455.768 1.6041e-09
2.055 1.4382 0 456.77 1.56653e-09
2.055 1.4382 0 457.773 1.52986e-09
2.055 1.4382 0 458.775 1.49406e-09
2.055 1.4382 0 459.778 1.45911e-09
2.055 1.4382 0 460.78 1.42499e-09
2.055 1.4382 0 461.783 1.39168e-09
2.055 1.4382 0 462.785 1.35916e-09
2.055 1.4382 0 463.788 1.32741e-09
2.055 1.4382 0 464.79 1.29641e-09
2.055 1.4382 0 465.793 1.26615e-09
2.055 1.4382 0 466.795 1.23661e-09
2.055 1.4382 0 467.798 1.20776e-09
2.055 1.4382 0 468.8 1.1796e-09
2.055 1.4382 0 469.803 1.1521e-09
2.055 1.4382 0 470.805 1.12525e-09
2.055 1.4382 0 471.807 1.09904e-09
2.055 1.4382 0 472.81 1.07344e-09
2.055 1.4382 0 473.812 1.04845e-09
2.055 1.4382 0 474.815 1.02405e-09
2.055 1.4382 0 475.817 1.00023e-09
2.055 1.4382 0 476.82 9.76966e-10
2.055 1.4382 0 477.822 9.5425e-10
2.055 1.4382 0 478.825 9.3207e-10
2.055 1.4382 0 479.827 9.10412e-10
2.055 1.4382 0 480.83 8.89263e-10
2.055 1.4382 0 481.832 8.68612e-10
2.055 1.4382 0 482.835 8.48447e-10
2.055 1.4382 0 483.837 8.28755e-10
2.055 1.4382 0 484.84 8.09526e-10
2.055 1.4382 0 485.842 7.90749e-10
2.055 1.4382 0 486.844 7.72412e-10
2.055 1.4382 0 487.847 7.54506e-10
2.055 1.4382 0 488.849 7.3702e-10
2.055 1.4382 0 489.852 7.19943e-10
2.055 1.4382 0 490.854 7.03267e-10
2.055 1.4382 0 491.857 6.86982e-10
2.055 1.4382 0 492.859 6.71078e-10
2.055 1.4382 0 493.862 6.55547e-10
2.055 1.4382 0 494.864 6.40379e-10
2.055 1.4382 0 495.867 6.25565e-10
2.055 1.4382 0 496.869 6.11099e-10
2.055 1.4382 0 497.872 5.9697e-10
2.055 1.4382 0 498.874 5.83172e-10
2.055 1.4382 0 499.877 5.69696e-10
2.055 1.4382 0 500.879 5.56534e-10
2.055 1.4382 0 501.882 5.4368e-10
2.055 1.4382 0 502.884 5.31126e-10
2.055 1.4382 0 503.886 5.18865e-10
2.055 1.4382 0 504.889 5.0689e-10
2.055 1.4382 0 505.891 4.95194e-10
2.055 1.4382 0 506.894 4.8377e-10
2.055 1.4382 0 507.896 4.72613e-10
2.055 1.4382 0 508.899 4.61716e-10
2.055 1.4382 0 509.901 4.51072e-10
2.055 1.4382 0 510.904 4.40676e-10
2.055 1.4382 0 511.906 4.30522e-10
2.055 1.4382 0 512.909 4.20605e-10
2.055 1.4382 0 513.911 4.10917e-10
2.055 1.4382 0 514.914 4.01456e-10
2.055 1.4382 0 515.916 3.92214e-10
2.055 1.4382 0 516.919 3.83186e-10
2.055 1.4382 0 517.921 3.74369e-10
2.055 1.4382 0 518.923 3.65756e-10
2.055 1.4382 0 519.926 3.57343e-10
2.055 1.4382 0 520.928 3.49125e-10
2.055 1.4382 0 521.931 3.41099e-10
2.055 1.4382 0 522.933 3.33258e-10
2.055 1.4382 0 523.936 3.25599e-10
2.055 1.4382 0 524.938 3.18117e-10
2.055 1.4382 0 525.941 3.10809e-10
2.055 1.4382 0 526.943 3.03671e-10
2.055 1.4382 0 527.946 2.96697e-10
2.055 1.4382 0 528.948 2.89886e-10
2.055 1.4382 0 529.951 2.83231e-10
2.055 1.4382 0 530.953 2.76731e-10
2.055 1.4382 0 531.956 2.70381e-10
2.055 1.4382 0 532.958 2.64179e-10
2.055 1.4382 0 533.961 2.58119e-10
2.055 1.4382 0 534.963 2.522e-10
2.055 1.4382 0 535.965 2.46417e-10
2.055 1.4382 0 536.968 2.40769e-10
2.055 1.4382 0 537.97 2.3525e-10
2.055 1.4382 0 538.973 2.29859e-10
2.055 1.4382 0 539.975 2.24593e-10
2.055 1.4382 0 540.978 2.19448e-10
2.055 1.4382 0 541.98 2.14422e-10
2.055 1.4382 0 542.983 2.09512e-10
2.055 1.4382 0 543.985 2.04715e-10
2.055 1.4382 0 544.988 2.00029e-10
2.055 1.4382 0 545.99 1.95451e-10
2.055 1.4382 0 546.993 1.90979e-10
2.055 1.4382 0 547.995 1.86609e-10
2.055 1.4382 0 548.998 1.82341e-10
2.055 1.4382 0 550 1.7817e-10
