2.85 1.4382 0 150.015 1.76388e-05
2.85 1.4382 0 151.017 3.01849e-05
2.85 1.4382 0 152.02 3.09544e-05
2.85 1.4382 0 153.022 2.91896e-05
2.85 1.4382 0 154.025 2.72864e-05
2.85 1.4382 0 155.027 2.55103e-05
2.85 1.4382 0 156.03 2.38731e-05
2.85 1.4382 0 157.032 2.23627e-05
2.85 1.4382 0 158.035 2.09669e-05
2.85 1.4382 0 159.037 1.9675e-05
2.85 1.4382 0 160.04 1.84774e-05
2.85 1.4382 0 161.042 1.73661e-05
2.85 1.4382 0 162.045 1.63336e-05
2.85 1.4382 0 163.047 1.53733e-05
2.85 1.4382 0 164.05 1.44793e-05
2.85 1.4382 0 165.052 1.36462e-05
2.85 1.4382 0 166.054 1.28693e-05
2.85 1.4382 0 167.057 1.2144e-05
2.85 1.4382 0 168.059 1.14664e-05
2.85 1.4382 0 169.062 1.08329e-05
2.85 1.4382 0 170.064 1.02402e-05
2.85 1.4382 0 171.067 9.68506e-06
2.85 1.4382 0 172.069 9.1649e-06
2.85 1.4382 0 173.072 8.67711e-06
2.85 1.4382 0 174.074 8.21938e-06
2.85 1.4382 0 175.077 7.78955e-06
2.85 1.4382 0 176.079 7.38567e-06
2.85 1.4382 0 177.082 7.00593e-06
2.85 1.4382 0 178.084 6.64867e-06
2.85 1.4382 0 179.087 6.31234e-06
2.85 1.4382 0 180.089 5.99555e-06
2.85 1.4382 0 181.092 5.69697e-06
2.85 1.4382 0 182.094 5.41542e-06
2.85 1.4382 0 183.096 5.14977e-06
2.85 1.4382 0 184.099 4.89899e-06
2.85 1.4382 0 185.101 4.66213e-06
2.85 1.4382 0 186.104 4.43831e-06
2.85 1.4382 0 187.106 4.22669e-06
2.85 1.4382 0 188.109 4.02652e-06
2.85 1.4382 0 189.111 3.83709e-06
2.85 1.4382 0 190.114 3.65775e-06
2.85 1.4382 0 191.116 3.48787e-06
2.85 1.4382 0 192.119 3.3269e-06
2.85 1.4382 0 193.121 3.17429e-06
2.85 1.4382 0 194.124 3.02956e-06
2.85 1.4382 0 195.126 2.89224e-06
2.85 1.4382 0 196.129 2.7619e-06
2.85 1.4382 0 197.131 2.63814e-06
2.85 1.4382 0 198.133 2.52059e-06
2.85 1.4382 0 199.136 2.40889e-06
2.85 1.4382 0 200.138 2.3027e-06
2.85 1.4382 0 201.141 2.20174e-06
2.85 1.4382 0 202.143 2.10569e-06
2.85 1.4382 0 203.146 2.0143e-06
2.85 1.4382 0 204.148 1.92732e-06
2.85 1.4382 0 205.151 1.84449e-06
2.85 1.4382 0 206.153 1.76561e-06
2.85 1.4382 0 207.156 1.69045e-06
2.85 1.4382 0 208.158 1.61882e-06
2.85 1.4382 0 209.161 1.55054e-06
2.85 1.4382 0 210.163 1.48543e-06
2.85 1.4382 0 211.166 1.42333e-06
2.85 1.4382 0 212.168 1.36408e-06
2.85 1.4382 0 213.171 1.30754e-06
2.85 1.4382 0 214.173 1.25356e-06
2.85 1.4382 0 215.175 1.20203e-06
2.85 1.4382 0 216.178 1.1528e-06
2.85 1.4382 0 217.18 1.10579e-06
2.85 1.4382 0 218.183 1.06086e-06
2.85 1.4382 0 219.185 1.01792e-06
2.85 1.4382 0 220.188 9.76874e-07
2.85 1.4382 0 221.19 9.37627e-07
2.85 1.4382 0 222.193 9.00093e-07
2.85 1.4382 0 223.195 8.64189e-07
2.85 1.4382 0 224.198 8.29837e-07
2.85 1.4382 0 225.2 7.96965e-07
2.85 1.4382 0 226.203 7.655e-07
2.85 1.4382 0 227.205 7.35379e-07
2.85 1.4382 0 228.208 7.06537e-07
2.85 1.4382 0 229.21 6.78915e-07
2.85 1.4382 0 230.212 6.52457e-07
2.85 1.4382 0 231.215 6.27109e-07
2.85 1.4382 0 232.217 6.0282e-07
2.85 1.4382 0 233.22 5.79542e-07
2.85 1.4382 0 234.222 5.5723e-07
2.85 1.4382 0 235.225 5.35838e-07
2.85 1.4382 0 236.227 5.15327e-07
2.85 1.4382 0 237.23 4.95657e-07
2.85 1.4382 0 238.232 4.76791e-07
2.85 1.4382 0 239.235 4.58692e-07
2.85 1.4382 0 240.237 4.41327e-07
2.85 1.4382 0 241.24 4.24663e-07
2.85 1.4382 0 242.242 4.08671e-07
2.85 1.4382 0 243.245 3.93321e-07
2.85 1.4382 0 244.247 3.78584e-07
2.85 1.4382 0 245.25 3.64435e-07
2.85 1.4382 0 246.252 3.50849e-07
2.85 1.4382 0 247.254 3.378e-07
2.85 1.4382 0 248.257 3.25267e-07
2.85 1.4382 0 249.259 3.13227e-07
2.85 1.4382 0 250.262 3.0166e-07
2.85 1.4382 0 251.264 2.90545e-07
2.85 1.4382 0 252.267 2.79864e-07
2.85 1.4382 0 253.269 2.69598e-07
2.85 1.4382 0 254.272 2.59731e-07
2.85 1.4382 0 255.274 2.50245e-07
2.85 1.4382 0 256.277 2.41125e-07
2.85 1.4382 0 257.279 2.32355e-07
2.85 1.4382 0 258.282 2.23922e-07
2.85 1.4382 0 259.284 2.15812e-07
2.85 1.4382 0 260.287 2.08011e-07
2.85 1.4382 0 261.289 2.00507e-07
2.85 1.4382 0 262.291 1.93287e-07
2.85 1.4382 0 263.294 1.86341e-07
2.85 1.4382 0 264.296 1.79657e-07
2.85 1.4382 0 265.299 1.73225e-07
2.85 1.4382 0 266.301 1.67035e-07
2.85 1.4382 0 267.304 1.61076e-07
2.85 1.4382 0 268.306 1.55341e-07
2.85 1.4382 0 269.309 1.49819e-07
2.85 1.4382 0 270.311 1.44503e-07
2.85 1.4382 0 271.314 1.39385e-07
2.85 1.4382 0 272.316 1.34456e-07
2.85 1.4382 0 273.319 1.29709e-07
2.85 1.4382 0 274.321 1.25137e-07
2.85 1.4382 0 275.324 1.20734e-07
2.85 1.4382 0 276.326 1.16493e-07
2.85 1.4382 0 277.329 1.12407e-07
2.85 1.4382 0 278.331 1.0847e-07
2.85 1.4382 0 279.333 1.04677e-07
2.85 1.4382 0 280.336 1.01022e-07
2.85 1.4382 0 281.338 9.75007e-08
2.85 1.4382 0 282.341 9.41067e-08
2.85 1.4382 0 283.343 9.08357e-08
2.85 1.4382 0 284.346 8.76828e-08
2.85 1.4382 0 285.348 8.46438e-08
2.85 1.4382 0 286.351 8.17142e-08
2.85 1.4382 0 287.353 7.88899e-08
2.85 1.4382 0 288.356 7.61669e-08
2.85 1.4382 0 289.358 7.35415e-08
2.85 1.4382 0 290.361 7.101e-08
2.85 1.4382 0 291.363 6.85688e-08
2.85 1.4382 0 292.366 6.62145e-08
2.85 1.4382 0 293.368 6.39441e-08
2.85 1.4382 0 294.37 6.17542e-08
2.85 1.4382 0 295.373 5.9642e-08
2.85 1.4382 0 296.375 5.76046e-08
2.85 1.4382 0 297.378 5.56391e-08
2.85 1.4382 0 298.38 5.3743e-08
2.85 1.4382 0 299.383 5.19136e-08
2.85 1.4382 0 300.385 5.01487e-08
2.85 1.4382 0 301.388 4.84456e-08
2.85 1.4382 0 302.39 4.68023e-08
2.85 1.4382 0 303.393 4.52166e-08
2.85 1.4382 0 304.395 4.36862e-08
2.85 1.4382 0 305.398 4.22093e-08
2.85 1.4382 0 306.4 4.07838e-08
2.85 1.4382 0 307.403 3.9408e-08
2.85 1.4382 0 308.405 3.808e-08
2.85 1.4382 0 309.408 3.67981e-08
2.85 1.4382 0 310.41 3.55606e-08
2.85 1.4382 0 311.412 3.43659e-08
2.85 1.4382 0 312.415 3.32126e-08
2.85 1.4382 0 313.417 3.2099e-08
2.85 1.4382 0 314.42 3.10239e-08
2.85 1.4382 0 315.422 2.99858e-08
2.85 1.4382 0 316.425 2.89833e-08
2.85 1.4382 0 317.427 2.80153e-08
2.85 1.4382 0 318.43 2.70805e-08
2.85 1.4382 0 319.432 2.61778e-08
2.85 1.4382 0 320.435 2.53059e-08
2.85 1.4382 0 321.437 2.44638e-08
2.85 1.4382 0 322.44 2.36504e-08
2.85 1.4382 0 323.442 2.28648e-08
2.85 1.4382 0 324.445 2.2106e-08
2.85 1.4382 0 325.447 2.13729e-08
2.85 1.4382 0 326.449 2.06648e-08
2.85 1.4382 0 327.452 1.99807e-08
2.85 1.4382 0 328.454 1.93198e-08
2.85 1.4382 0 329.457 1.86813e-08
2.85 1.4382 0 330.459 1.80644e-08
2.85 1.4382 0 331.462 1.74683e-08
2.85 1.4382 0 332.464 1.68924e-08
2.85 1.4382 0 333.467 1.63358e-08
2.85 1.4382 0 334.469 1.57981e-08
2.85 1.4382 0 335.472 1.52784e-08
2.85 1.4382 0 336.474 1.47762e-08
2.85 1.4382 0 337.477 1.42909e-08
2.85 1.4382 0 338.479 1.38218e-08
2.85 1.4382 0 339.482 1.33685e-08
2.85 1.4382 0 340.484 1.29303e-08
2.85 1.4382 0 341.487 1.25068e-08
2.85 1.4382 0 342.489 1.20975e-08
2.85 1.4382 0 343.491 1.17019e-08
2.85 1.4382 0 344.494 1.13194e-08
2.85 1.4382 0 345.496 1.09497e-08
2.85 1.4382 0 346.499 1.05923e-08
2.85 1.4382 0 347.501 1.02468e-08
2.85 1.4382 0 348.504 9.91279e-09
2.85 1.4382 0 349.506 9.58988e-09
2.85 1.4382 0 350.509 9.27768e-09
2.85 1.4382 0 351.511 8.97583e-09
2.85 1.4382 0 352.514 8.68399e-09
2.85 1.4382 0 353.516 8.40181e-09
2.85 1.4382 0 354.519 8.12897e-09
2.85 1.4382 0 355.521 7.86514e-09
2.85 1.4382 0 356.524 7.61003e-09
2.85 1.4382 0 357.526 7.36334e-09
2.85 1.4382 0 358.528 7.12478e-09
2.85 1.4382 0 359.531 6.89409e-09
2.85 1.4382 0 360.533 6.67099e-09
2.85 1.4382 0 361.536 6.45523e-09
2.85 1.4382 0 362.538 6.24657e-09
2.85 1.4382 0 363.541 6.04476e-09
2.85 1.4382 0 364.543 5.84958e-09
2.85 1.4382 0 365.546 5.6608e-09
2.85 1.4382 0 366.548 5.47821e-09
2.85 1.4382 0 367.551 5.3016e-09
2.85 1.4382 0 368.553 5.13078e-09
2.85 1.4382 0 369.556 4.96554e-09
2.85 1.4382 0 370.558 4.8057e-09
2.85 1.4382 0 371.561 4.65109e-09
2.85 1.4382 0 372.563 4.50153e-09
2.85 1.4382 0 373.566 4.35685e-09
2.85 1.4382 0 374.568 4.21688e-09
2.85 1.4382 0 375.57 4.08148e-09
2.85 1.4382 0 376.573 3.95048e-09
2.85 1.4382 0 377.575 3.82375e-09
2.85 1.4382 0 378.578 3.70114e-09
2.85 1.4382 0 379.58 3.58252e-09
2.85 1.4382 0 380.583 3.46775e-09
2.85 1.4382 0 381.585 3.35671e-09
2.85 1.4382 0 382.588 3.24927e-09
2.85 1.4382 0 383.59 3.14532e-09
2.85 1.4382 0 384.593 3.04473e-09
2.85 1.4382 0 385.595 2.94741e-09
2.85 1.4382 0 386.598 2.85323e-09
2.85 1.4382 0 387.6 2.7621e-09
2.85 1.4382 0 388.603 2.67392e-09
2.85 1.4382 0 389.605 2.58859e-09
2.85 1.4382 0 390.607 2.50602e-09
2.85 1.4382 0 391.61 2.42611e-09
2.85 1.4382 0 392.612 2.34878e-09
2.85 1.4382 0 393.615 2.27395e-09
2.85 1.4382 0 394.617 2.20152e-09
2.85 1.4382 0 395.62 2.13143e-09
2.85 1.4382 0 396.622 2.0636e-09
2.85 1.4382 0 397.625 1.99795e-09
2.85 1.4382 0 398.627 1.93442e-09
2.85 1.4382 0 399.63 1.87293e-09
2.85 1.4382 0 400.632 1.81341e-09
2.85 1.4382 0 401.635 1.75581e-09
2.85 1.4382 0 402.637 1.70005e-09
2.85 1.4382 0 403.64 1.64609e-09
2.85 1.4382 0 404.642 1.59385e-09
2.85 1.4382 0 405.645 1.54329e-09
2.85 1.4382 0 406.647 1.49435e-09
2.85 1.4382 0 407.649 1.44698e-09
2.85 1.4382 0 408.652 1.40113e-09
2.85 1.4382 0 409.654 1.35675e-09
2.85 1.4382 0 410.657 1.31378e-09
2.85 1.4382 0 411.659 1.27219e-09
2.85 1.4382 0 412.662 1.23193e-09
2.85 1.4382 0 413.664 1.19295e-09
2.85 1.4382 0 414.667 1.15522e-09
2.85 1.4382 0 415.669 1.1187e-09
2.85 1.4382 0 416.672 1.08334e-09
2.85 1.4382 0 417.674 1.04911e-09
2.85 1.4382 0 418.677 1.01597e-09
2.85 1.4382 0 419.679 9.83884e-10
2.85 1.4382 0 420.682 9.52823e-10
2.85 1.4382 0 421.684 9.22752e-10
2.85 1.4382 0 422.686 8.93638e-10
2.85 1.4382 0 423.689 8.65451e-10
2.85 1.4382 0 424.691 8.3816e-10
2.85 1.4382 0 425.694 8.11738e-10
2.85 1.4382 0 426.696 7.86156e-10
2.85 1.4382 0 427.699 7.61386e-10
2.85 1.4382 0 428.701 7.37404e-10
2.85 1.4382 0 429.704 7.14184e-10
2.85 1.4382 0 430.706 6.917e-10
2.85 1.4382 0 431.709 6.69931e-10
2.85 1.4382 0 432.711 6.48852e-10
2.85 1.4382 0 433.714 6.28441e-10
2.85 1.4382 0 434.716 6.08678e-10
2.85 1.4382 0 435.719 5.89541e-10
2.85 1.4382 0 436.721 5.7101e-10
2.85 1.4382 0 437.724 5.53067e-10
2.85 1.4382 0 438.726 5.35691e-10
2.85 1.4382 0 439.728 5.18866e-10
2.85 1.4382 0 440.731 5.02573e-10
2.85 1.4382 0 441.733 4.86795e-10
2.85 1.4382 0 442.736 4.71517e-10
2.85 1.4382 0 443.738 4.56721e-10
2.85 1.4382 0 444.741 4.42393e-10
2.85 1.4382 0 445.743 4.28518e-10
2.85 1.4382 0 446.746 4.15081e-10
2.85 1.4382 0 447.748 4.02069e-10
2.85 1.4382 0 448.751 3.89467e-10
2.85 1.4382 0 449.753 3.77263e-10
2.85 1.4382 0 450.756 3.65443e-10
2.85 1.4382 0 451.758 3.53997e-10
2.85 1.4382 0 452.761 3.42912e-10
2.85 1.4382 0 453.763 3.32176e-10
2.85 1.4382 0 454.765 3.21778e-10
2.85 1.4382 0 455.768 3.11708e-10
2.85 1.4382 0 456.77 3.01955e-10
2.85 1.4382 0 457.773 2.9251e-10
2.85 1.4382 0 458.775 2.83361e-10
2.85 1.4382 0 459.778 2.74501e-10
2.85 1.4382 0 460.78 2.65919e-10
2.85 1.4382 0 461.783 2.57607e-10
2.85 1.4382 0 462.785 2.49557e-10
2.85 1.4382 0 463.788 2.4176e-10
2.85 1.4382 0 464.79 2.34208e-10
2.85 1.4382 0 465.793 2.26893e-10
2.85 1.4382 0 466.795 2.19808e-10
2.85 1.4382 0 467.798 2.12946e-10
2.85 1.4382 0 468.8 2.06299e-10
2.85 1.4382 0 469.803 1.9986e-10
2.85 1.4382 0 470.805 1.93624e-10
2.85 1.4382 0 471.807 1.87584e-10
2.85 1.4382 0 472.81 1.81733e-10
2.85 1.4382 0 473.812 1.76065e-10
2.85 1.4382 0 474.815 1.70575e-10
2.85 1.4382 0 475.817 1.65258e-10
2.85 1.4382 0 476.82 1.60107e-10
2.85 1.4382 0 477.822 1.55117e-10
2.85 1.4382 0 478.825 1.50284e-10
2.85 1.4382 0 479.827 1.45602e-10
2.85 1.4382 0 480.83 1.41067e-10
2.85 1.4382 0 481.832 1.36674e-10
2.85 1.4382 0 482.835 1.32418e-10
2.85 1.4382 0 483.837 1.28296e-10
2.85 1.4382 0 484.84 1.24302e-10
2.85 1.4382 0 485.842 1.20434e-10
2.85 1.4382 0 486.844 1.16686e-10
2.85 1.4382 0 487.847 1.13056e-10
2.85 1.4382 0 488.849 1.09539e-10
2.85 1.4382 0 489.852 1.06132e-10
2.85 1.4382 0 490.854 1.02831e-10
2.85 1.4382 0 491.857 9.96341e-11
2.85 1.4382 0 492.859 9.65367e-11
2.85 1.4382 0 493.862 9.3536e-11
2.85 1.4382 0 494.864 9.0629e-11
2.85 1.4382 0 495.867 8.78128e-11
2.85 1.4382 0 496.869 8.50845e-11
2.85 1.4382 0 497.872 8.24413e-11
2.85 1.4382 0 498.874 7.98807e-11
2.85 1.4382 0 499.877 7.73999e-11
2.85 1.4382 0 500.879 7.49965e-11
2.85 1.4382 0 501.882 7.26681e-11
2.85 1.4382 0 502.884 7.04123e-11
2.85 1.4382 0 503.886 6.82268e-11
2.85 1.4382 0 504.889 6.61095e-11
2.85 1.4382 0 505.891 6.40581e-11
2.85 1.4382 0 506.894 6.20707e-11
2.85 1.4382 0 507.896 6.01452e-11
2.85 1.4382 0 508.899 5.82796e-11
2.85 1.4382 0 509.901 5.64722e-11
2.85 1.4382 0 510.904 5.47211e-11
2.85 1.4382 0 511.906 5.30245e-11
2.85 1.4382 0 512.909 5.13807e-11
2.85 1.4382 0 513.911 4.9788e-11
2.85 1.4382 0 514.914 4.8245e-11
2.85 1.4382 0 515.916 4.67499e-11
2.85 1.4382 0 516.919 4.53014e-11
2.85 1.4382 0 517.921 4.38979e-11
2.85 1.4382 0 518.923 4.2538e-11
2.85 1.4382 0 519.926 4.12205e-11
2.85 1.4382 0 520.928 3.99439e-11
2.85 1.4382 0 521.931 3.8707e-11
2.85 1.4382 0 522.933 3.75086e-11
2.85 1.4382 0 523.936 3.63474e-11
2.85 1.4382 0 524.938 3.52222e-11
2.85 1.4382 0 525.941 3.41321e-11
2.85 1.4382 0 526.943 3.30758e-11
2.85 1.4382 0 527.946 3.20523e-11
2.85 1.4382 0 528.948 3.10606e-11
2.85 1.4382 0 529.951 3.00997e-11
2.85 1.4382 0 530.953 2.91686e-11
2.85 1.4382 0 531.956 2.82664e-11
2.85 1.4382 0 532.958 2.73923e-11
2.85 1.4382 0 533.961 2.65452e-11
2.85 1.4382 0 534.963 2.57245e-11
2.85 1.4382 0 535.965 2.49292e-11
2.85 1.4382 0 536.968 2.41585e-11
2.85 1.4382 0 537.97 2.34118e-11
2.85 1.4382 0 538.973 2.26883e-11
2.85 1.4382 0 539.975 2.19871e-11
2.85 1.4382 0 540.978 2.13078e-11
2.85 1.4382 0 541.98 2.06494e-11
2.85 1.4382 0 542.983 2.00115e-11
2.85 1.4382 0 543.985 1.93934e-11
2.85 1.4382 0 544.988 1.87944e-11
2.85 1.4382 0 545.99 1.82139e-11
2.85 1.4382 0 546.993 1.76515e-11
2.85 1.4382 0 547.995 1.71065e-11
2.85 1.4382 0 548.998 1.65783e-11
2.85 1.4382 0 550 1.60665e-11
