2.12 1.4382 0 150.015 2.95806e-05
2.12 1.4382 0 151.017 5.13692e-05
2.12 1.4382 0 152.02 5.39613e-05
2.12 1.4382 0 153.022 5.21709e-05
2.12 1.4382 0 154.025 4.99567e-05
2.12 1.4382 0 155.027 4.77935e-05
2.12 1.4382 0 156.03 4.57269e-05
2.12 1.4382 0 157.032 4.37563e-05
2.12 1.4382 0 158.035 4.1877e-05
2.12 1.4382 0 159.037 4.00841e-05
2.12 1.4382 0 160.04 3.83733e-05
2.12 1.4382 0 161.042 3.67404e-05
2.12 1.4382 0 162.045 3.51815e-05
2.12 1.4382 0 163.047 3.3693e-05
2.12 1.4382 0 164.05 3.22716e-05
2.12 1.4382 0 165.052 3.09139e-05
2.12 1.4382 0 166.054 2.9617e-05
2.12 1.4382 0 167.057 2.8378e-05
2.12 1.4382 0 168.059 2.7194e-05
2.12 1.4382 0 169.062 2.60626e-05
2.12 1.4382 0 170.064 2.49812e-05
2.12 1.4382 0 171.067 2.39475e-05
2.12 1.4382 0 172.069 2.29594e-05
2.12 1.4382 0 173.072 2.20146e-05
2.12 1.4382 0 174.074 2.11111e-05
2.12 1.4382 0 175.077 2.02471e-05
2.12 1.4382 0 176.079 1.94208e-05
2.12 1.4382 0 177.082 1.86303e-05
2.12 1.4382 0 178.084 1.78741e-05
2.12 1.4382 0 179.087 1.71506e-05
2.12 1.4382 0 180.089 1.64583e-05
2.12 1.4382 0 181.092 1.57958e-05
2.12 1.4382 0 182.094 1.51617e-05
2.12 1.4382 0 183.096 1.45547e-05
2.12 1.4382 0 184.099 1.39737e-05
2.12 1.4382 0 185.101 1.34174e-05
2.12 1.4382 0 186.104 1.28848e-05
2.12 1.4382 0 187.106 1.23747e-05
2.12 1.4382 0 188.109 1.18862e-05
2.12 1.4382 0 189.111 1.14184e-05
2.12 1.4382 0 190.114 1.09702e-05
2.12 1.4382 0 191.116 1.05408e-05
2.12 1.4382 0 192.119 1.01294e-05
2.12 1.4382 0 193.121 9.73514e-06
2.12 1.4382 0 194.124 9.35734e-06
2.12 1.4382 0 195.126 8.99524e-06
2.12 1.4382 0 196.129 8.64815e-06
2.12 1.4382 0 197.131 8.31542e-06
2.12 1.4382 0 198.133 7.99641e-06
2.12 1.4382 0 199.136 7.69053e-06
2.12 1.4382 0 200.138 7.3972e-06
2.12 1.4382 0 201.141 7.11588e-06
2.12 1.4382 0 202.143 6.84605e-06
2.12 1.4382 0 203.146 6.5872e-06
2.12 1.4382 0 204.148 6.33888e-06
2.12 1.4382 0 205.151 6.10062e-06
2.12 1.4382 0 206.153 5.87199e-06
2.12 1.4382 0 207.156 5.65257e-06
2.12 1.4382 0 208.158 5.44199e-06
2.12 1.4382 0 209.161 5.23984e-06
2.12 1.4382 0 210.163 5.04579e-06
2.12 1.4382 0 211.166 4.85947e-06
2.12 1.4382 0 212.168 4.68058e-06
2.12 1.4382 0 213.171 4.50878e-06
2.12 1.4382 0 214.173 4.34378e-06
2.12 1.4382 0 215.175 4.1853e-06
2.12 1.4382 0 216.178 4.03306e-06
2.12 1.4382 0 217.18 3.8868e-06
2.12 1.4382 0 218.183 3.74627e-06
2.12 1.4382 0 219.185 3.61123e-06
2.12 1.4382 0 220.188 3.48145e-06
2.12 1.4382 0 221.19 3.35672e-06
2.12 1.4382 0 222.193 3.23681e-06
2.12 1.4382 0 223.195 3.12155e-06
2.12 1.4382 0 224.198 3.01072e-06
2.12 1.4382 0 225.2 2.90415e-06
2.12 1.4382 0 226.203 2.80167e-06
2.12 1.4382 0 227.205 2.70311e-06
2.12 1.4382 0 228.208 2.6083e-06
2.12 1.4382 0 229.21 2.5171e-06
2.12 1.4382 0 230.212 2.42936e-06
2.12 1.4382 0 231.215 2.34493e-06
2.12 1.4382 0 232.217 2.26368e-06
2.12 1.4382 0 233.22 2.18549e-06
2.12 1.4382 0 234.222 2.11024e-06
2.12 1.4382 0 235.225 2.03779e-06
2.12 1.4382 0 236.227 1.96805e-06
2.12 1.4382 0 237.23 1.9009e-06
2.12 1.4382 0 238.232 1.83623e-06
2.12 1.4382 0 239.235 1.77396e-06
2.12 1.4382 0 240.237 1.71398e-06
2.12 1.4382 0 241.24 1.65621e-06
2.12 1.4382 0 242.242 1.60056e-06
2.12 1.4382 0 243.245 1.54694e-06
2.12 1.4382 0 244.247 1.49527e-06
2.12 1.4382 0 245.25 1.44548e-06
2.12 1.4382 0 246.252 1.39749e-06
2.12 1.4382 0 247.254 1.35124e-06
2.12 1.4382 0 248.257 1.30665e-06
2.12 1.4382 0 249.259 1.26366e-06
2.12 1.4382 0 250.262 1.22222e-06
2.12 1.4382 0 251.264 1.18225e-06
2.12 1.4382 0 252.267 1.14371e-06
2.12 1.4382 0 253.269 1.10653e-06
2.12 1.4382 0 254.272 1.07067e-06
2.12 1.4382 0 255.274 1.03608e-06
2.12 1.4382 0 256.277 1.0027e-06
2.12 1.4382 0 257.279 9.70493e-07
2.12 1.4382 0 258.282 9.39413e-07
2.12 1.4382 0 259.284 9.09417e-07
2.12 1.4382 0 260.287 8.80464e-07
2.12 1.4382 0 261.289 8.52516e-07
2.12 1.4382 0 262.291 8.25533e-07
2.12 1.4382 0 263.294 7.9948e-07
2.12 1.4382 0 264.296 7.74323e-07
2.12 1.4382 0 265.299 7.50027e-07
2.12 1.4382 0 266.301 7.26562e-07
2.12 1.4382 0 267.304 7.03896e-07
2.12 1.4382 0 268.306 6.82e-07
2.12 1.4382 0 269.309 6.60845e-07
2.12 1.4382 0 270.311 6.40404e-07
2.12 1.4382 0 271.314 6.20652e-07
2.12 1.4382 0 272.316 6.01562e-07
2.12 1.4382 0 273.319 5.83112e-07
2.12 1.4382 0 274.321 5.65276e-07
2.12 1.4382 0 275.324 5.48035e-07
2.12 1.4382 0 276.326 5.31365e-07
2.12 1.4382 0 277.329 5.15246e-07
2.12 1.4382 0 278.331 4.99659e-07
2.12 1.4382 0 279.333 4.84585e-07
2.12 1.4382 0 280.336 4.70005e-07
2.12 1.4382 0 281.338 4.55901e-07
2.12 1.4382 0 282.341 4.42257e-07
2.12 1.4382 0 283.343 4.29056e-07
2.12 1.4382 0 284.346 4.16283e-07
2.12 1.4382 0 285.348 4.03923e-07
2.12 1.4382 0 286.351 3.91961e-07
2.12 1.4382 0 287.353 3.80384e-07
2.12 1.4382 0 288.356 3.69177e-07
2.12 1.4382 0 289.358 3.58328e-07
2.12 1.4382 0 290.361 3.47825e-07
2.12 1.4382 0 291.363 3.37655e-07
2.12 1.4382 0 292.366 3.27807e-07
2.12 1.4382 0 293.368 3.1827e-07
2.12 1.4382 0 294.37 3.09034e-07
2.12 1.4382 0 295.373 3.00088e-07
2.12 1.4382 0 296.375 2.91421e-07
2.12 1.4382 0 297.378 2.83026e-07
2.12 1.4382 0 298.38 2.74891e-07
2.12 1.4382 0 299.383 2.6701e-07
2.12 1.4382 0 300.385 2.59372e-07
2.12 1.4382 0 301.388 2.5197e-07
2.12 1.4382 0 302.39 2.44797e-07
2.12 1.4382 0 303.393 2.37843e-07
2.12 1.4382 0 304.395 2.31103e-07
2.12 1.4382 0 305.398 2.24568e-07
2.12 1.4382 0 306.4 2.18232e-07
2.12 1.4382 0 307.403 2.12089e-07
2.12 1.4382 0 308.405 2.06132e-07
2.12 1.4382 0 309.408 2.00355e-07
2.12 1.4382 0 310.41 1.94753e-07
2.12 1.4382 0 311.412 1.89318e-07
2.12 1.4382 0 312.415 1.84047e-07
2.12 1.4382 0 313.417 1.78933e-07
2.12 1.4382 0 314.42 1.73972e-07
2.12 1.4382 0 315.422 1.69158e-07
2.12 1.4382 0 316.425 1.64487e-07
2.12 1.4382 0 317.427 1.59955e-07
2.12 1.4382 0 318.43 1.55556e-07
2.12 1.4382 0 319.432 1.51287e-07
2.12 1.4382 0 320.435 1.47143e-07
2.12 1.4382 0 321.437 1.43121e-07
2.12 1.4382 0 322.44 1.39216e-07
2.12 1.4382 0 323.442 1.35425e-07
2.12 1.4382 0 324.445 1.31744e-07
2.12 1.4382 0 325.447 1.28171e-07
2.12 1.4382 0 326.449 1.247e-07
2.12 1.4382 0 327.452 1.2133e-07
2.12 1.4382 0 328.454 1.18057e-07
2.12 1.4382 0 329.457 1.14878e-07
2.12 1.4382 0 330.459 1.11791e-07
2.12 1.4382 0 331.462 1.08791e-07
2.12 1.4382 0 332.464 1.05877e-07
2.12 1.4382 0 333.467 1.03047e-07
2.12 1.4382 0 334.469 1.00296e-07
2.12 1.4382 0 335.472 9.76239e-08
2.12 1.4382 0 336.474 9.50271e-08
2.12 1.4382 0 337.477 9.25036e-08
2.12 1.4382 0 338.479 9.00512e-08
2.12 1.4382 0 339.482 8.76678e-08
2.12 1.4382 0 340.484 8.53512e-08
2.12 1.4382 0 341.487 8.30994e-08
2.12 1.4382 0 342.489 8.09105e-08
2.12 1.4382 0 343.491 7.87826e-08
2.12 1.4382 0 344.494 7.67138e-08
2.12 1.4382 0 345.496 7.47025e-08
2.12 1.4382 0 346.499 7.27469e-08
2.12 1.4382 0 347.501 7.08453e-08
2.12 1.4382 0 348.504 6.89962e-08
2.12 1.4382 0 349.506 6.7198e-08
2.12 1.4382 0 350.509 6.54491e-08
2.12 1.4382 0 351.511 6.37483e-08
2.12 1.4382 0 352.514 6.20939e-08
2.12 1.4382 0 353.516 6.04848e-08
2.12 1.4382 0 354.519 5.89195e-08
2.12 1.4382 0 355.521 5.73969e-08
2.12 1.4382 0 356.524 5.59156e-08
2.12 1.4382 0 357.526 5.44744e-08
2.12 1.4382 0 358.528 5.30722e-08
2.12 1.4382 0 359.531 5.17079e-08
2.12 1.4382 0 360.533 5.03804e-08
2.12 1.4382 0 361.536 4.90887e-08
2.12 1.4382 0 362.538 4.78316e-08
2.12 1.4382 0 363.541 4.66082e-08
2.12 1.4382 0 364.543 4.54176e-08
2.12 1.4382 0 365.546 4.42588e-08
2.12 1.4382 0 366.548 4.3131e-08
2.12 1.4382 0 367.551 4.20332e-08
2.12 1.4382 0 368.553 4.09645e-08
2.12 1.4382 0 369.556 3.99243e-08
2.12 1.4382 0 370.558 3.89116e-08
2.12 1.4382 0 371.561 3.79258e-08
2.12 1.4382 0 372.563 3.69659e-08
2.12 1.4382 0 373.566 3.60314e-08
2.12 1.4382 0 374.568 3.51215e-08
2.12 1.4382 0 375.57 3.42356e-08
2.12 1.4382 0 376.573 3.33729e-08
2.12 1.4382 0 377.575 3.25328e-08
2.12 1.4382 0 378.578 3.17148e-08
2.12 1.4382 0 379.58 3.09181e-08
2.12 1.4382 0 380.583 3.01422e-08
2.12 1.4382 0 381.585 2.93865e-08
2.12 1.4382 0 382.588 2.86505e-08
2.12 1.4382 0 383.59 2.79337e-08
2.12 1.4382 0 384.593 2.72354e-08
2.12 1.4382 0 385.595 2.65553e-08
2.12 1.4382 0 386.598 2.58927e-08
2.12 1.4382 0 387.6 2.52473e-08
2.12 1.4382 0 388.603 2.46185e-08
2.12 1.4382 0 389.605 2.4006e-08
2.12 1.4382 0 390.607 2.34092e-08
2.12 1.4382 0 391.61 2.28278e-08
2.12 1.4382 0 392.612 2.22613e-08
2.12 1.4382 0 393.615 2.17094e-08
2.12 1.4382 0 394.617 2.11715e-08
2.12 1.4382 0 395.62 2.06475e-08
2.12 1.4382 0 396.622 2.01368e-08
2.12 1.4382 0 397.625 1.96392e-08
2.12 1.4382 0 398.627 1.91543e-08
2.12 1.4382 0 399.63 1.86817e-08
2.12 1.4382 0 400.632 1.82211e-08
2.12 1.4382 0 401.635 1.77723e-08
2.12 1.4382 0 402.637 1.73348e-08
2.12 1.4382 0 403.64 1.69084e-08
2.12 1.4382 0 404.642 1.64928e-08
2.12 1.4382 0 405.645 1.60878e-08
2.12 1.4382 0 406.647 1.56929e-08
2.12 1.4382 0 407.649 1.53081e-08
2.12 1.4382 0 408.652 1.49329e-08
2.12 1.4382 0 409.654 1.45672e-08
2.12 1.4382 0 410.657 1.42107e-08
2.12 1.4382 0 411.659 1.38632e-08
2.12 1.4382 0 412.662 1.35243e-08
2.12 1.4382 0 413.664 1.3194e-08
2.12 1.4382 0 414.667 1.2872e-08
2.12 1.4382 0 415.669 1.2558e-08
2.12 1.4382 0 416.672 1.22519e-08
2.12 1.4382 0 417.674 1.19534e-08
2.12 1.4382 0 418.677 1.16624e-08
2.12 1.4382 0 419.679 1.13787e-08
2.12 1.4382 0 420.682 1.1102e-08
2.12 1.4382 0 421.684 1.08322e-08
2.12 1.4382 0 422.686 1.05691e-08
2.12 1.4382 0 423.689 1.03126e-08
2.12 1.4382 0 424.691 1.00624e-08
2.12 1.4382 0 425.694 9.81845e-09
2.12 1.4382 0 426.696 9.58054e-09
2.12 1.4382 0 427.699 9.34852e-09
2.12 1.4382 0 428.701 9.12225e-09
2.12 1.4382 0 429.704 8.90157e-09
2.12 1.4382 0 430.706 8.68635e-09
2.12 1.4382 0 431.709 8.47644e-09
2.12 1.4382 0 432.711 8.27171e-09
2.12 1.4382 0 433.714 8.07203e-09
2.12 1.4382 0 434.716 7.87727e-09
2.12 1.4382 0 435.719 7.6873e-09
2.12 1.4382 0 436.721 7.50201e-09
2.12 1.4382 0 437.724 7.32127e-09
2.12 1.4382 0 438.726 7.14497e-09
2.12 1.4382 0 439.728 6.973e-09
2.12 1.4382 0 440.731 6.80525e-09
2.12 1.4382 0 441.733 6.64161e-09
2.12 1.4382 0 442.736 6.48198e-09
2.12 1.4382 0 443.738 6.32626e-09
2.12 1.4382 0 444.741 6.17434e-09
2.12 1.4382 0 445.743 6.02614e-09
2.12 1.4382 0 446.746 5.88156e-09
2.12 1.4382 0 447.748 5.74051e-09
2.12 1.4382 0 448.751 5.6029e-09
2.12 1.4382 0 449.753 5.46865e-09
2.12 1.4382 0 450.756 5.33767e-09
2.12 1.4382 0 451.758 5.20987e-09
2.12 1.4382 0 452.761 5.08519e-09
2.12 1.4382 0 453.763 4.96354e-09
2.12 1.4382 0 454.765 4.84485e-09
2.12 1.4382 0 455.768 4.72905e-09
2.12 1.4382 0 456.77 4.61605e-09
2.12 1.4382 0 457.773 4.5058e-09
2.12 1.4382 0 458.775 4.39822e-09
2.12 1.4382 0 459.778 4.29325e-09
2.12 1.4382 0 460.78 4.19082e-09
2.12 1.4382 0 461.783 4.09087e-09
2.12 1.4382 0 462.785 3.99334e-09
2.12 1.4382 0 463.788 3.89817e-09
2.12 1.4382 0 464.79 3.8053e-09
2.12 1.4382 0 465.793 3.71467e-09
2.12 1.4382 0 466.795 3.62624e-09
2.12 1.4382 0 467.798 3.53994e-09
2.12 1.4382 0 468.8 3.45572e-09
2.12 1.4382 0 469.803 3.37353e-09
2.12 1.4382 0 470.805 3.29332e-09
2.12 1.4382 0 471.807 3.21504e-09
2.12 1.4382 0 472.81 3.13865e-09
2.12 1.4382 0 473.812 3.0641e-09
2.12 1.4382 0 474.815 2.99134e-09
2.12 1.4382 0 475.817 2.92033e-09
2.12 1.4382 0 476.82 2.85103e-09
2.12 1.4382 0 477.822 2.78339e-09
2.12 1.4382 0 478.825 2.71738e-09
2.12 1.4382 0 479.827 2.65295e-09
2.12 1.4382 0 480.83 2.59007e-09
2.12 1.4382 0 481.832 2.5287e-09
2.12 1.4382 0 482.835 2.46879e-09
2.12 1.4382 0 483.837 2.41033e-09
2.12 1.4382 0 484.84 2.35326e-09
2.12 1.4382 0 485.842 2.29756e-09
2.12 1.4382 0 486.844 2.24319e-09
2.12 1.4382 0 487.847 2.19012e-09
2.12 1.4382 0 488.849 2.13833e-09
2.12 1.4382 0 489.852 2.08777e-09
2.12 1.4382 0 490.854 2.03842e-09
2.12 1.4382 0 491.857 1.99025e-09
2.12 1.4382 0 492.859 1.94322e-09
2.12 1.4382 0 493.862 1.89732e-09
2.12 1.4382 0 494.864 1.85252e-09
2.12 1.4382 0 495.867 1.80879e-09
2.12 1.4382 0 496.869 1.76609e-09
2.12 1.4382 0 497.872 1.72442e-09
2.12 1.4382 0 498.874 1.68374e-09
2.12 1.4382 0 499.877 1.64402e-09
2.12 1.4382 0 500.879 1.60526e-09
2.12 1.4382 0 501.882 1.56741e-09
2.12 1.4382 0 502.884 1.53047e-09
2.12 1.4382 0 503.886 1.49441e-09
2.12 1.4382 0 504.889 1.4592e-09
2.12 1.4382 0 505.891 1.42483e-09
2.12 1.4382 0 506.894 1.39128e-09
2.12 1.4382 0 507.896 1.35852e-09
2.12 1.4382 0 508.899 1.32654e-09
2.12 1.4382 0 509.901 1.29532e-09
2.12 1.4382 0 510.904 1.26485e-09
2.12 1.4382 0 511.906 1.23509e-09
2.12 1.4382 0 512.909 1.20604e-09
2.12 1.4382 0 513.911 1.17768e-09
2.12 1.4382 0 514.914 1.15e-09
2.12 1.4382 0 515.916 1.12297e-09
2.12 1.4382 0 516.919 1.09658e-09
2.12 1.4382 0 517.921 1.07081e-09
2.12 1.4382 0 518.923 1.04566e-09
2.12 1.4382 0 519.926 1.0211e-09
2.12 1.4382 0 520.928 9.97118e-10
2.12 1.4382 0 521.931 9.73708e-10
2.12 1.4382 0 522.933 9.50851e-10
2.12 1.4382 0 523.936 9.28535e-10
2.12 1.4382 0 524.938 9.06746e-10
2.12 1.4382 0 525.941 8.85473e-10
2.12 1.4382 0 526.943 8.64702e-10
2.12 1.4382 0 527.946 8.44422e-10
2.12 1.4382 0 528.948 8.24621e-10
2.12 1.4382 0 529.951 8.05288e-10
2.12 1.4382 0 530.953 7.86411e-10
2.12 1.4382 0 531.956 7.6798e-10
2.12 1.4382 0 532.958 7.49984e-10
2.12 1.4382 0 533.961 7.32412e-10
2.12 1.4382 0 534.963 7.15255e-10
2.12 1.4382 0 535.965 6.98503e-10
2.12 1.4382 0 536.968 6.82145e-10
2.12 1.4382 0 537.97 6.66173e-10
2.12 1.4382 0 538.973 6.50578e-10
2.12 1.4382 0 539.975 6.3535e-10
2.12 1.4382 0 540.978 6.2048e-10
2.12 1.4382 0 541.98 6.05961e-10
2.12 1.4382 0 542.983 5.91784e-10
2.12 1.4382 0 543.985 5.7794e-10
2.12 1.4382 0 544.988 5.64423e-10
2.12 1.4382 0 545.99 5.51223e-10
2.12 1.4382 0 546.993 5.38334e-10
2.12 1.4382 0 547.995 5.25749e-10
2.12 1.4382 0 548.998 5.13459e-10
2.12 1.4382 0 550 5.01458e-10
