1.405 1.4382 0 150.015 7.76703e-06
1.405 1.4382 0 151.017 1.35206e-05
1.405 1.4382 0 152.02 1.42641e-05
1.405 1.4382 0 153.022 1.38587e-05
1.405 1.4382 0 154.025 1.33379e-05
1.405 1.4382 0 155.027 1.28251e-05
1.405 1.4382 0 156.03 1.23323e-05
1.405 1.4382 0 157.032 1.18593e-05
1.405 1.4382 0 158.035 1.14052e-05
1.405 1.4382 0 159.037 1.09691e-05
1.405 1.4382 0 160.04 1.055e-05
1.405 1.4382 0 161.042 1.01472e-05
1.405 1.4382 0 162.045 9.76007e-06
1.405 1.4382 0 163.047 9.38785e-06
1.405 1.4382 0 164.05 9.02995e-06
1.405 1.4382 0 165.052 8.6858e-06
1.405 1.4382 0 166.054 8.35485e-06
1.405 1.4382 0 167.057 8.03657e-06
1.405 1.4382 0 168.059 7.73046e-06
1.405 1.4382 0 169.062 7.43605e-06
1.405 1.4382 0 170.064 7.15288e-06
1.405 1.4382 0 171.067 6.88052e-06
1.405 1.4382 0 172.069 6.61854e-06
1.405 1.4382 0 173.072 6.36655e-06
1.405 1.4382 0 174.074 6.12416e-06
1.405 1.4382 0 175.077 5.891e-06
1.405 1.4382 0 176.079 5.66673e-06
1.405 1.4382 0 177.082 5.451e-06
1.405 1.4382 0 178.084 5.24347e-06
1.405 1.4382 0 179.087 5.04385e-06
1.405 1.4382 0 180.089 4.85183e-06
1.405 1.4382 0 181.092 4.66712e-06
1.405 1.4382 0 182.094 4.48944e-06
1.405 1.4382 0 183.096 4.31852e-06
1.405 1.4382 0 184.099 4.1541e-06
1.405 1.4382 0 185.101 3.99595e-06
1.405 1.4382 0 186.104 3.84381e-06
1.405 1.4382 0 187.106 3.69747e-06
1.405 1.4382 0 188.109 3.5567e-06
1.405 1.4382 0 189.111 3.42129e-06
1.405 1.4382 0 190.114 3.29104e-06
1.405 1.4382 0 191.116 3.16574e-06
1.405 1.4382 0 192.119 3.04522e-06
1.405 1.4382 0 193.121 2.92929e-06
1.405 1.4382 0 194.124 2.81778e-06
1.405 1.4382 0 195.126 2.71052e-06
1.405 1.4382 0 196.129 2.60734e-06
1.405 1.4382 0 197.131 2.5081e-06
1.405 1.4382 0 198.133 2.41264e-06
1.405 1.4382 0 199.136 2.32082e-06
1.405 1.4382 0 200.138 2.23251e-06
1.405 1.4382 0 201.141 2.14756e-06
1.405 1.4382 0 202.143 2.06586e-06
1.405 1.4382 0 203.146 1.98727e-06
1.405 1.4382 0 204.148 1.91168e-06
1.405 1.4382 0 205.151 1.83898e-06
1.405 1.4382 0 206.153 1.76906e-06
1.405 1.4382 0 207.156 1.70181e-06
1.405 1.4382 0 208.158 1.63712e-06
1.405 1.4382 0 209.161 1.57491e-06
1.405 1.4382 0 210.163 1.51508e-06
1.405 1.4382 0 211.166 1.45753e-06
1.405 1.4382 0 212.168 1.40219e-06
1.405 1.4382 0 213.171 1.34896e-06
1.405 1.4382 0 214.173 1.29777e-06
1.405 1.4382 0 215.175 1.24854e-06
1.405 1.4382 0 216.178 1.20119e-06
1.405 1.4382 0 217.18 1.15566e-06
1.405 1.4382 0 218.183 1.11187e-06
1.405 1.4382 0 219.185 1.06975e-06
1.405 1.4382 0 220.188 1.02925e-06
1.405 1.4382 0 221.19 9.90309e-07
1.405 1.4382 0 222.193 9.52856e-07
1.405 1.4382 0 223.195 9.1684e-07
1.405 1.4382 0 224.198 8.82205e-07
1.405 1.4382 0 225.2 8.48899e-07
1.405 1.4382 0 226.203 8.16872e-07
1.405 1.4382 0 227.205 7.86074e-07
1.405 1.4382 0 228.208 7.56459e-07
1.405 1.4382 0 229.21 7.27981e-07
1.405 1.4382 0 230.212 7.00598e-07
1.405 1.4382 0 231.215 6.74267e-07
1.405 1.4382 0 232.217 6.48948e-07
1.405 1.4382 0 233.22 6.24603e-07
1.405 1.4382 0 234.222 6.01194e-07
1.405 1.4382 0 235.225 5.78685e-07
1.405 1.4382 0 236.227 5.57043e-07
1.405 1.4382 0 237.23 5.36233e-07
1.405 1.4382 0 238.232 5.16225e-07
1.405 1.4382 0 239.235 4.96987e-07
1.405 1.4382 0 240.237 4.78489e-07
1.405 1.4382 0 241.24 4.60705e-07
1.405 1.4382 0 242.242 4.43605e-07
1.405 1.4382 0 243.245 4.27164e-07
1.405 1.4382 0 244.247 4.11357e-07
1.405 1.4382 0 245.25 3.9616e-07
1.405 1.4382 0 246.252 3.81548e-07
1.405 1.4382 0 247.254 3.675e-07
1.405 1.4382 0 248.257 3.53993e-07
1.405 1.4382 0 249.259 3.41008e-07
1.405 1.4382 0 250.262 3.28523e-07
1.405 1.4382 0 251.264 3.1652e-07
1.405 1.4382 0 252.267 3.0498e-07
1.405 1.4382 0 253.269 2.93886e-07
1.405 1.4382 0 254.272 2.8322e-07
1.405 1.4382 0 255.274 2.72965e-07
1.405 1.4382 0 256.277 2.63106e-07
1.405 1.4382 0 257.279 2.53628e-07
1.405 1.4382 0 258.282 2.44515e-07
1.405 1.4382 0 259.284 2.35754e-07
1.405 1.4382 0 260.287 2.27331e-07
1.405 1.4382 0 261.289 2.19234e-07
1.405 1.4382 0 262.291 2.11449e-07
1.405 1.4382 0 263.294 2.03964e-07
1.405 1.4382 0 264.296 1.96768e-07
1.405 1.4382 0 265.299 1.89849e-07
1.405 1.4382 0 266.301 1.83198e-07
1.405 1.4382 0 267.304 1.76803e-07
1.405 1.4382 0 268.306 1.70654e-07
1.405 1.4382 0 269.309 1.64743e-07
1.405 1.4382 0 270.311 1.59059e-07
1.405 1.4382 0 271.314 1.53594e-07
1.405 1.4382 0 272.316 1.4834e-07
1.405 1.4382 0 273.319 1.43287e-07
1.405 1.4382 0 274.321 1.3843e-07
1.405 1.4382 0 275.324 1.33759e-07
1.405 1.4382 0 276.326 1.29267e-07
1.405 1.4382 0 277.329 1.24948e-07
1.405 1.4382 0 278.331 1.20795e-07
1.405 1.4382 0 279.333 1.16802e-07
1.405 1.4382 0 280.336 1.12961e-07
1.405 1.4382 0 281.338 1.09267e-07
1.405 1.4382 0 282.341 1.05715e-07
1.405 1.4382 0 283.343 1.02299e-07
1.405 1.4382 0 284.346 9.90137e-08
1.405 1.4382 0 285.348 9.58535e-08
1.405 1.4382 0 286.351 9.28139e-08
1.405 1.4382 0 287.353 8.98901e-08
1.405 1.4382 0 288.356 8.70776e-08
1.405 1.4382 0 289.358 8.4372e-08
1.405 1.4382 0 290.361 8.17691e-08
1.405 1.4382 0 291.363 7.92648e-08
1.405 1.4382 0 292.366 7.68554e-08
1.405 1.4382 0 293.368 7.45371e-08
1.405 1.4382 0 294.37 7.23063e-08
1.405 1.4382 0 295.373 7.01595e-08
1.405 1.4382 0 296.375 6.80935e-08
1.405 1.4382 0 297.378 6.6105e-08
1.405 1.4382 0 298.38 6.41911e-08
1.405 1.4382 0 299.383 6.23487e-08
1.405 1.4382 0 300.385 6.05751e-08
1.405 1.4382 0 301.388 5.88675e-08
1.405 1.4382 0 302.39 5.72234e-08
1.405 1.4382 0 303.393 5.56402e-08
1.405 1.4382 0 304.395 5.41155e-08
1.405 1.4382 0 305.398 5.2647e-08
1.405 1.4382 0 306.4 5.12325e-08
1.405 1.4382 0 307.403 4.98698e-08
1.405 1.4382 0 308.405 4.8557e-08
1.405 1.4382 0 309.408 4.72919e-08
1.405 1.4382 0 310.41 4.60728e-08
1.405 1.4382 0 311.412 4.48978e-08
1.405 1.4382 0 312.415 4.37652e-08
1.405 1.4382 0 313.417 4.26732e-08
1.405 1.4382 0 314.42 4.16203e-08
1.405 1.4382 0 315.422 4.0605e-08
1.405 1.4382 0 316.425 3.96256e-08
1.405 1.4382 0 317.427 3.86809e-08
1.405 1.4382 0 318.43 3.77694e-08
1.405 1.4382 0 319.432 3.68898e-08
1.405 1.4382 0 320.435 3.60409e-08
1.405 1.4382 0 321.437 3.52213e-08
1.405 1.4382 0 322.44 3.44301e-08
1.405 1.4382 0 323.442 3.3666e-08
1.405 1.4382 0 324.445 3.29279e-08
1.405 1.4382 0 325.447 3.22149e-08
1.405 1.4382 0 326.449 3.15259e-08
1.405 1.4382 0 327.452 3.086e-08
1.405 1.4382 0 328.454 3.02163e-08
1.405 1.4382 0 329.457 2.95938e-08
1.405 1.4382 0 330.459 2.89918e-08
1.405 1.4382 0 331.462 2.84094e-08
1.405 1.4382 0 332.464 2.78459e-08
1.405 1.4382 0 333.467 2.73005e-08
1.405 1.4382 0 334.469 2.67725e-08
1.405 1.4382 0 335.472 2.62612e-08
1.405 1.4382 0 336.474 2.57659e-08
1.405 1.4382 0 337.477 2.5286e-08
1.405 1.4382 0 338.479 2.4821e-08
1.405 1.4382 0 339.482 2.43702e-08
1.405 1.4382 0 340.484 2.3933e-08
1.405 1.4382 0 341.487 2.3509e-08
1.405 1.4382 0 342.489 2.30976e-08
1.405 1.4382 0 343.491 2.26983e-08
1.405 1.4382 0 344.494 2.23106e-08
1.405 1.4382 0 345.496 2.19341e-08
1.405 1.4382 0 346.499 2.15684e-08
1.405 1.4382 0 347.501 2.1213e-08
1.405 1.4382 0 348.504 2.08676e-08
1.405 1.4382 0 349.506 2.05317e-08
1.405 1.4382 0 350.509 2.02049e-08
1.405 1.4382 0 351.511 1.9887e-08
1.405 1.4382 0 352.514 1.95776e-08
1.405 1.4382 0 353.516 1.92763e-08
1.405 1.4382 0 354.519 1.89829e-08
1.405 1.4382 0 355.521 1.8697e-08
1.405 1.4382 0 356.524 1.84184e-08
1.405 1.4382 0 357.526 1.81467e-08
1.405 1.4382 0 358.528 1.78818e-08
1.405 1.4382 0 359.531 1.76233e-08
1.405 1.4382 0 360.533 1.73711e-08
1.405 1.4382 0 361.536 1.71248e-08
1.405 1.4382 0 362.538 1.68843e-08
1.405 1.4382 0 363.541 1.66494e-08
1.405 1.4382 0 364.543 1.64198e-08
1.405 1.4382 0 365.546 1.61954e-08
1.405 1.4382 0 366.548 1.59759e-08
1.405 1.4382 0 367.551 1.57612e-08
1.405 1.4382 0 368.553 1.55511e-08
1.405 1.4382 0 369.556 1.53454e-08
1.405 1.4382 0 370.558 1.51441e-08
1.405 1.4382 0 371.561 1.49468e-08
1.405 1.4382 0 372.563 1.47536e-08
1.405 1.4382 0 373.566 1.45642e-08
1.405 1.4382 0 374.568 1.43785e-08
1.405 1.4382 0 375.57 1.41964e-08
1.405 1.4382 0 376.573 1.40177e-08
1.405 1.4382 0 377.575 1.38424e-08
1.405 1.4382 0 378.578 1.36704e-08
1.405 1.4382 0 379.58 1.35014e-08
1.405 1.4382 0 380.583 1.33355e-08
1.405 1.4382 0 381.585 1.31725e-08
1.405 1.4382 0 382.588 1.30123e-08
1.405 1.4382 0 383.59 1.28548e-08
1.405 1.4382 0 384.593 1.27e-08
1.405 1.4382 0 385.595 1.25478e-08
1.405 1.4382 0 386.598 1.2398e-08
1.405 1.4382 0 387.6 1.22507e-08
1.405 1.4382 0 388.603 1.21057e-08
1.405 1.4382 0 389.605 1.19629e-08
1.405 1.4382 0 390.607 1.18223e-08
1.405 1.4382 0 391.61 1.16839e-08
1.405 1.4382 0 392.612 1.15475e-08
1.405 1.4382 0 393.615 1.14132e-08
1.405 1.4382 0 394.617 1.12808e-08
1.405 1.4382 0 395.62 1.11503e-08
1.405 1.4382 0 396.622 1.10216e-08
1.405 1.4382 0 397.625 1.08948e-08
1.405 1.4382 0 398.627 1.07696e-08
1.405 1.4382 0 399.63 1.06462e-08
1.405 1.4382 0 400.632 1.05245e-08
1.405 1.4382 0 401.635 1.04043e-08
1.405 1.4382 0 402.637 1.02858e-08
1.405 1.4382 0 403.64 1.01687e-08
1.405 1.4382 0 404.642 1.00532e-08
1.405 1.4382 0 405.645 9.93916e-09
1.405 1.4382 0 406.647 9.82653e-09
1.405 1.4382 0 407.649 9.7153e-09
1.405 1.4382 0 408.652 9.60544e-09
1.405 1.4382 0 409.654 9.49691e-09
1.405 1.4382 0 410.657 9.38968e-09
1.405 1.4382 0 411.659 9.28374e-09
1.405 1.4382 0 412.662 9.17905e-09
1.405 1.4382 0 413.664 9.07558e-09
1.405 1.4382 0 414.667 8.97332e-09
1.405 1.4382 0 415.669 8.87224e-09
1.405 1.4382 0 416.672 8.77231e-09
1.405 1.4382 0 417.674 8.67352e-09
1.405 1.4382 0 418.677 8.57584e-09
1.405 1.4382 0 419.679 8.47925e-09
1.405 1.4382 0 420.682 8.38374e-09
1.405 1.4382 0 421.684 8.28929e-09
1.405 1.4382 0 422.686 8.19587e-09
1.405 1.4382 0 423.689 8.10347e-09
1.405 1.4382 0 424.691 8.01207e-09
1.405 1.4382 0 425.694 7.92166e-09
1.405 1.4382 0 426.696 7.83222e-09
1.405 1.4382 0 427.699 7.74374e-09
1.405 1.4382 0 428.701 7.6562e-09
1.405 1.4382 0 429.704 7.56959e-09
1.405 1.4382 0 430.706 7.48389e-09
1.405 1.4382 0 431.709 7.3991e-09
1.405 1.4382 0 432.711 7.3152e-09
1.405 1.4382 0 433.714 7.23217e-09
1.405 1.4382 0 434.716 7.15001e-09
1.405 1.4382 0 435.719 7.0687e-09
1.405 1.4382 0 436.721 6.98824e-09
1.405 1.4382 0 437.724 6.90861e-09
1.405 1.4382 0 438.726 6.8298e-09
1.405 1.4382 0 439.728 6.7518e-09
1.405 1.4382 0 440.731 6.67461e-09
1.405 1.4382 0 441.733 6.59821e-09
1.405 1.4382 0 442.736 6.52259e-09
1.405 1.4382 0 443.738 6.44775e-09
1.405 1.4382 0 444.741 6.37368e-09
1.405 1.4382 0 445.743 6.30036e-09
1.405 1.4382 0 446.746 6.22779e-09
1.405 1.4382 0 447.748 6.15597e-09
1.405 1.4382 0 448.751 6.08487e-09
1.405 1.4382 0 449.753 6.01451e-09
1.405 1.4382 0 450.756 5.94486e-09
1.405 1.4382 0 451.758 5.87592e-09
1.405 1.4382 0 452.761 5.80769e-09
1.405 1.4382 0 453.763 5.74016e-09
1.405 1.4382 0 454.765 5.67331e-09
1.405 1.4382 0 455.768 5.60715e-09
1.405 1.4382 0 456.77 5.54167e-09
1.405 1.4382 0 457.773 5.47686e-09
1.405 1.4382 0 458.775 5.41271e-09
1.405 1.4382 0 459.778 5.34922e-09
1.405 1.4382 0 460.78 5.28638e-09
1.405 1.4382 0 461.783 5.22419e-09
1.405 1.4382 0 462.785 5.16264e-09
1.405 1.4382 0 463.788 5.10172e-09
1.405 1.4382 0 464.79 5.04143e-09
1.405 1.4382 0 465.793 4.98176e-09
1.405 1.4382 0 466.795 4.92272e-09
1.405 1.4382 0 467.798 4.86428e-09
1.405 1.4382 0 468.8 4.80645e-09
1.405 1.4382 0 469.803 4.74922e-09
1.405 1.4382 0 470.805 4.69259e-09
1.405 1.4382 0 471.807 4.63655e-09
1.405 1.4382 0 472.81 4.58109e-09
1.405 1.4382 0 473.812 4.52621e-09
1.405 1.4382 0 474.815 4.47191e-09
1.405 1.4382 0 475.817 4.41818e-09
1.405 1.4382 0 476.82 4.36502e-09
1.405 1.4382 0 477.822 4.31242e-09
1.405 1.4382 0 478.825 4.26037e-09
1.405 1.4382 0 479.827 4.20887e-09
1.405 1.4382 0 480.83 4.15793e-09
1.405 1.4382 0 481.832 4.10752e-09
1.405 1.4382 0 482.835 4.05765e-09
1.405 1.4382 0 483.837 4.00831e-09
1.405 1.4382 0 484.84 3.9595e-09
1.405 1.4382 0 485.842 3.91121e-09
1.405 1.4382 0 486.844 3.86344e-09
1.405 1.4382 0 487.847 3.81619e-09
1.405 1.4382 0 488.849 3.76945e-09
1.405 1.4382 0 489.852 3.72321e-09
1.405 1.4382 0 490.854 3.67747e-09
1.405 1.4382 0 491.857 3.63223e-09
1.405 1.4382 0 492.859 3.58749e-09
1.405 1.4382 0 493.862 3.54323e-09
1.405 1.4382 0 494.864 3.49945e-09
1.405 1.4382 0 495.867 3.45616e-09
1.405 1.4382 0 496.869 3.41334e-09
1.405 1.4382 0 497.872 3.37099e-09
1.405 1.4382 0 498.874 3.32911e-09
1.405 1.4382 0 499.877 3.28769e-09
1.405 1.4382 0 500.879 3.24673e-09
1.405 1.4382 0 501.882 3.20622e-09
1.405 1.4382 0 502.884 3.16617e-09
1.405 1.4382 0 503.886 3.12656e-09
1.405 1.4382 0 504.889 3.0874e-09
1.405 1.4382 0 505.891 3.04867e-09
1.405 1.4382 0 506.894 3.01038e-09
1.405 1.4382 0 507.896 2.97252e-09
1.405 1.4382 0 508.899 2.93509e-09
1.405 1.4382 0 509.901 2.89808e-09
1.405 1.4382 0 510.904 2.86149e-09
1.405 1.4382 0 511.906 2.82531e-09
1.405 1.4382 0 512.909 2.78955e-09
1.405 1.4382 0 513.911 2.75419e-09
1.405 1.4382 0 514.914 2.71924e-09
1.405 1.4382 0 515.916 2.68469e-09
1.405 1.4382 0 516.919 2.65053e-09
1.405 1.4382 0 517.921 2.61677e-09
1.405 1.4382 0 518.923 2.58339e-09
1.405 1.4382 0 519.926 2.5504e-09
1.405 1.4382 0 520.928 2.51779e-09
1.405 1.4382 0 521.931 2.48556e-09
1.405 1.4382 0 522.933 2.45371e-09
1.405 1.4382 0 523.936 2.42222e-09
1.405 1.4382 0 524.938 2.3911e-09
1.405 1.4382 0 525.941 2.36035e-09
1.405 1.4382 0 526.943 2.32995e-09
1.405 1.4382 0 527.946 2.29992e-09
1.405 1.4382 0 528.948 2.27023e-09
1.405 1.4382 0 529.951 2.2409e-09
1.405 1.4382 0 530.953 2.21191e-09
1.405 1.4382 0 531.956 2.18326e-09
1.405 1.4382 0 532.958 2.15495e-09
1.405 1.4382 0 533.961 2.12698e-09
1.405 1.4382 0 534.963 2.09934e-09
1.405 1.4382 0 535.965 2.07203e-09
1.405 1.4382 0 536.968 2.04505e-09
1.405 1.4382 0 537.97 2.01839e-09
1.405 1.4382 0 538.973 1.99204e-09
1.405 1.4382 0 539.975 1.96602e-09
1.405 1.4382 0 540.978 1.9403e-09
1.405 1.4382 0 541.98 1.9149e-09
1.405 1.4382 0 542.983 1.8898e-09
1.405 1.4382 0 543.985 1.86501e-09
1.405 1.4382 0 544.988 1.84052e-09
1.405 1.4382 0 545.99 1.81632e-09
1.405 1.4382 0 546.993 1.79242e-09
1.405 1.4382 0 547.995 1.7688e-09
1.405 1.4382 0 548.998 1.74548e-09
1.405 1.4382 0 550 1.72244e-09
