0.825 1.4382 0 150.015 8.06293e-07
0.825 1.4382 0 151.017 1.4051e-06
0.825 1.4382 0 152.02 1.49327e-06
0.825 1.4382 0 153.022 1.46973e-06
0.825 1.4382 0 154.025 1.43778e-06
0.825 1.4382 0 155.027 1.40813e-06
0.825 1.4382 0 156.03 1.38094e-06
0.825 1.4382 0 157.032 1.35563e-06
0.825 1.4382 0 158.035 1.33179e-06
0.825 1.4382 0 159.037 1.30913e-06
0.825 1.4382 0 160.04 1.28746e-06
0.825 1.4382 0 161.042 1.26663e-06
0.825 1.4382 0 162.045 1.24653e-06
0.825 1.4382 0 163.047 1.22709e-06
0.825 1.4382 0 164.05 1.20824e-06
0.825 1.4382 0 165.052 1.18992e-06
0.825 1.4382 0 166.054 1.1721e-06
0.825 1.4382 0 167.057 1.15473e-06
0.825 1.4382 0 168.059 1.13779e-06
0.825 1.4382 0 169.062 1.12124e-06
0.825 1.4382 0 170.064 1.10507e-06
0.825 1.4382 0 171.067 1.08926e-06
0.825 1.4382 0 172.069 1.07378e-06
0.825 1.4382 0 173.072 1.05863e-06
0.825 1.4382 0 174.074 1.04378e-06
0.825 1.4382 0 175.077 1.02923e-06
0.825 1.4382 0 176.079 1.01496e-06
0.825 1.4382 0 177.082 1.00096e-06
0.825 1.4382 0 178.084 9.87222e-07
0.825 1.4382 0 179.087 9.73738e-07
0.825 1.4382 0 180.089 9.60497e-07
0.825 1.4382 0 181.092 9.47493e-07
0.825 1.4382 0 182.094 9.34718e-07
0.825 1.4382 0 183.096 9.22164e-07
0.825 1.4382 0 184.099 9.09826e-07
0.825 1.4382 0 185.101 8.97698e-07
0.825 1.4382 0 186.104 8.85773e-07
0.825 1.4382 0 187.106 8.74046e-07
0.825 1.4382 0 188.109 8.62512e-07
0.825 1.4382 0 189.111 8.51166e-07
0.825 1.4382 0 190.114 8.40003e-07
0.825 1.4382 0 191.116 8.2902e-07
0.825 1.4382 0 192.119 8.1821e-07
0.825 1.4382 0 193.121 8.07571e-07
0.825 1.4382 0 194.124 7.97099e-07
0.825 1.4382 0 195.126 7.86789e-07
0.825 1.4382 0 196.129 7.76639e-07
0.825 1.4382 0 197.131 7.66644e-07
0.825 1.4382 0 198.133 7.56801e-07
0.825 1.4382 0 199.136 7.47107e-07
0.825 1.4382 0 200.138 7.37559e-07
0.825 1.4382 0 201.141 7.28154e-07
0.825 1.4382 0 202.143 7.1889e-07
0.825 1.4382 0 203.146 7.09762e-07
0.825 1.4382 0 204.148 7.00769e-07
0.825 1.4382 0 205.151 6.91907e-07
0.825 1.4382 0 206.153 6.83175e-07
0.825 1.4382 0 207.156 6.74569e-07
0.825 1.4382 0 208.158 6.66088e-07
0.825 1.4382 0 209.161 6.57729e-07
0.825 1.4382 0 210.163 6.4949e-07
0.825 1.4382 0 211.166 6.41368e-07
0.825 1.4382 0 212.168 6.33362e-07
0.825 1.4382 0 213.171 6.25468e-07
0.825 1.4382 0 214.173 6.17687e-07
0.825 1.4382 0 215.175 6.10014e-07
0.825 1.4382 0 216.178 6.02449e-07
0.825 1.4382 0 217.18 5.94989e-07
0.825 1.4382 0 218.183 5.87633e-07
0.825 1.4382 0 219.185 5.80379e-07
0.825 1.4382 0 220.188 5.73225e-07
0.825 1.4382 0 221.19 5.6617e-07
0.825 1.4382 0 222.193 5.59211e-07
0.825 1.4382 0 223.195 5.52347e-07
0.825 1.4382 0 224.198 5.45577e-07
0.825 1.4382 0 225.2 5.38899e-07
0.825 1.4382 0 226.203 5.32311e-07
0.825 1.4382 0 227.205 5.25813e-07
0.825 1.4382 0 228.208 5.19402e-07
0.825 1.4382 0 229.21 5.13077e-07
0.825 1.4382 0 230.212 5.06837e-07
0.825 1.4382 0 231.215 5.00681e-07
0.825 1.4382 0 232.217 4.94606e-07
0.825 1.4382 0 233.22 4.88613e-07
0.825 1.4382 0 234.222 4.82699e-07
0.825 1.4382 0 235.225 4.76863e-07
0.825 1.4382 0 236.227 4.71105e-07
0.825 1.4382 0 237.23 4.65422e-07
0.825 1.4382 0 238.232 4.59814e-07
0.825 1.4382 0 239.235 4.5428e-07
0.825 1.4382 0 240.237 4.48818e-07
0.825 1.4382 0 241.24 4.43427e-07
0.825 1.4382 0 242.242 4.38107e-07
0.825 1.4382 0 243.245 4.32856e-07
0.825 1.4382 0 244.247 4.27674e-07
0.825 1.4382 0 245.25 4.22558e-07
0.825 1.4382 0 246.252 4.17509e-07
0.825 1.4382 0 247.254 4.12525e-07
0.825 1.4382 0 248.257 4.07605e-07
0.825 1.4382 0 249.259 4.02748e-07
0.825 1.4382 0 250.262 3.97954e-07
0.825 1.4382 0 251.264 3.93221e-07
0.825 1.4382 0 252.267 3.88549e-07
0.825 1.4382 0 253.269 3.83937e-07
0.825 1.4382 0 254.272 3.79383e-07
0.825 1.4382 0 255.274 3.74887e-07
0.825 1.4382 0 256.277 3.70449e-07
0.825 1.4382 0 257.279 3.66067e-07
0.825 1.4382 0 258.282 3.6174e-07
0.825 1.4382 0 259.284 3.57469e-07
0.825 1.4382 0 260.287 3.53251e-07
0.825 1.4382 0 261.289 3.49086e-07
0.825 1.4382 0 262.291 3.44974e-07
0.825 1.4382 0 263.294 3.40914e-07
0.825 1.4382 0 264.296 3.36904e-07
0.825 1.4382 0 265.299 3.32945e-07
0.825 1.4382 0 266.301 3.29036e-07
0.825 1.4382 0 267.304 3.25175e-07
0.825 1.4382 0 268.306 3.21363e-07
0.825 1.4382 0 269.309 3.17598e-07
0.825 1.4382 0 270.311 3.1388e-07
0.825 1.4382 0 271.314 3.10209e-07
0.825 1.4382 0 272.316 3.06583e-07
0.825 1.4382 0 273.319 3.03002e-07
0.825 1.4382 0 274.321 2.99466e-07
0.825 1.4382 0 275.324 2.95973e-07
0.825 1.4382 0 276.326 2.92524e-07
0.825 1.4382 0 277.329 2.89117e-07
0.825 1.4382 0 278.331 2.85752e-07
0.825 1.4382 0 279.333 2.82429e-07
0.825 1.4382 0 280.336 2.79147e-07
0.825 1.4382 0 281.338 2.75905e-07
0.825 1.4382 0 282.341 2.72702e-07
0.825 1.4382 0 283.343 2.6954e-07
0.825 1.4382 0 284.346 2.66416e-07
0.825 1.4382 0 285.348 2.6333e-07
0.825 1.4382 0 286.351 2.60282e-07
0.825 1.4382 0 287.353 2.57271e-07
0.825 1.4382 0 288.356 2.54297e-07
0.825 1.4382 0 289.358 2.51359e-07
0.825 1.4382 0 290.361 2.48457e-07
0.825 1.4382 0 291.363 2.45591e-07
0.825 1.4382 0 292.366 2.42759e-07
0.825 1.4382 0 293.368 2.39962e-07
0.825 1.4382 0 294.37 2.37198e-07
0.825 1.4382 0 295.373 2.34468e-07
0.825 1.4382 0 296.375 2.31772e-07
0.825 1.4382 0 297.378 2.29108e-07
0.825 1.4382 0 298.38 2.26476e-07
0.825 1.4382 0 299.383 2.23876e-07
0.825 1.4382 0 300.385 2.21307e-07
0.825 1.4382 0 301.388 2.18769e-07
0.825 1.4382 0 302.39 2.16262e-07
0.825 1.4382 0 303.393 2.13785e-07
0.825 1.4382 0 304.395 2.11338e-07
0.825 1.4382 0 305.398 2.0892e-07
0.825 1.4382 0 306.4 2.06531e-07
0.825 1.4382 0 307.403 2.04171e-07
0.825 1.4382 0 308.405 2.0184e-07
0.825 1.4382 0 309.408 1.99536e-07
0.825 1.4382 0 310.41 1.9726e-07
0.825 1.4382 0 311.412 1.95011e-07
0.825 1.4382 0 312.415 1.92789e-07
0.825 1.4382 0 313.417 1.90593e-07
0.825 1.4382 0 314.42 1.88424e-07
0.825 1.4382 0 315.422 1.8628e-07
0.825 1.4382 0 316.425 1.84162e-07
0.825 1.4382 0 317.427 1.8207e-07
0.825 1.4382 0 318.43 1.80002e-07
0.825 1.4382 0 319.432 1.77958e-07
0.825 1.4382 0 320.435 1.75939e-07
0.825 1.4382 0 321.437 1.73944e-07
0.825 1.4382 0 322.44 1.71973e-07
0.825 1.4382 0 323.442 1.70025e-07
0.825 1.4382 0 324.445 1.681e-07
0.825 1.4382 0 325.447 1.66198e-07
0.825 1.4382 0 326.449 1.64319e-07
0.825 1.4382 0 327.452 1.62461e-07
0.825 1.4382 0 328.454 1.60626e-07
0.825 1.4382 0 329.457 1.58812e-07
0.825 1.4382 0 330.459 1.5702e-07
0.825 1.4382 0 331.462 1.55248e-07
0.825 1.4382 0 332.464 1.53498e-07
0.825 1.4382 0 333.467 1.51768e-07
0.825 1.4382 0 334.469 1.50059e-07
0.825 1.4382 0 335.472 1.48369e-07
0.825 1.4382 0 336.474 1.467e-07
0.825 1.4382 0 337.477 1.4505e-07
0.825 1.4382 0 338.479 1.4342e-07
0.825 1.4382 0 339.482 1.41808e-07
0.825 1.4382 0 340.484 1.40216e-07
0.825 1.4382 0 341.487 1.38642e-07
0.825 1.4382 0 342.489 1.37086e-07
0.825 1.4382 0 343.491 1.35549e-07
0.825 1.4382 0 344.494 1.3403e-07
0.825 1.4382 0 345.496 1.32528e-07
0.825 1.4382 0 346.499 1.31044e-07
0.825 1.4382 0 347.501 1.29578e-07
0.825 1.4382 0 348.504 1.28128e-07
0.825 1.4382 0 349.506 1.26695e-07
0.825 1.4382 0 350.509 1.25279e-07
0.825 1.4382 0 351.511 1.2388e-07
0.825 1.4382 0 352.514 1.22497e-07
0.825 1.4382 0 353.516 1.21129e-07
0.825 1.4382 0 354.519 1.19778e-07
0.825 1.4382 0 355.521 1.18442e-07
0.825 1.4382 0 356.524 1.17122e-07
0.825 1.4382 0 357.526 1.15818e-07
0.825 1.4382 0 358.528 1.14528e-07
0.825 1.4382 0 359.531 1.13253e-07
0.825 1.4382 0 360.533 1.11993e-07
0.825 1.4382 0 361.536 1.10748e-07
0.825 1.4382 0 362.538 1.09517e-07
0.825 1.4382 0 363.541 1.083e-07
0.825 1.4382 0 364.543 1.07098e-07
0.825 1.4382 0 365.546 1.05909e-07
0.825 1.4382 0 366.548 1.04734e-07
0.825 1.4382 0 367.551 1.03572e-07
0.825 1.4382 0 368.553 1.02424e-07
0.825 1.4382 0 369.556 1.01289e-07
0.825 1.4382 0 370.558 1.00167e-07
0.825 1.4382 0 371.561 9.90584e-08
0.825 1.4382 0 372.563 9.79622e-08
0.825 1.4382 0 373.566 9.68786e-08
0.825 1.4382 0 374.568 9.58075e-08
0.825 1.4382 0 375.57 9.47487e-08
0.825 1.4382 0 376.573 9.3702e-08
0.825 1.4382 0 377.575 9.26673e-08
0.825 1.4382 0 378.578 9.16445e-08
0.825 1.4382 0 379.58 9.06335e-08
0.825 1.4382 0 380.583 8.96339e-08
0.825 1.4382 0 381.585 8.86459e-08
0.825 1.4382 0 382.588 8.76691e-08
0.825 1.4382 0 383.59 8.67035e-08
0.825 1.4382 0 384.593 8.5749e-08
0.825 1.4382 0 385.595 8.48053e-08
0.825 1.4382 0 386.598 8.38725e-08
0.825 1.4382 0 387.6 8.29502e-08
0.825 1.4382 0 388.603 8.20385e-08
0.825 1.4382 0 389.605 8.11372e-08
0.825 1.4382 0 390.607 8.02461e-08
0.825 1.4382 0 391.61 7.93652e-08
0.825 1.4382 0 392.612 7.84944e-08
0.825 1.4382 0 393.615 7.76334e-08
0.825 1.4382 0 394.617 7.67822e-08
0.825 1.4382 0 395.62 7.59407e-08
0.825 1.4382 0 396.622 7.51088e-08
0.825 1.4382 0 397.625 7.42863e-08
0.825 1.4382 0 398.627 7.34731e-08
0.825 1.4382 0 399.63 7.26692e-08
0.825 1.4382 0 400.632 7.18744e-08
0.825 1.4382 0 401.635 7.10886e-08
0.825 1.4382 0 402.637 7.03116e-08
0.825 1.4382 0 403.64 6.95435e-08
0.825 1.4382 0 404.642 6.87841e-08
0.825 1.4382 0 405.645 6.80333e-08
0.825 1.4382 0 406.647 6.72909e-08
0.825 1.4382 0 407.649 6.65569e-08
0.825 1.4382 0 408.652 6.58313e-08
0.825 1.4382 0 409.654 6.51138e-08
0.825 1.4382 0 410.657 6.44044e-08
0.825 1.4382 0 411.659 6.3703e-08
0.825 1.4382 0 412.662 6.30096e-08
0.825 1.4382 0 413.664 6.23239e-08
0.825 1.4382 0 414.667 6.1646e-08
0.825 1.4382 0 415.669 6.09756e-08
0.825 1.4382 0 416.672 6.03129e-08
0.825 1.4382 0 417.674 5.96576e-08
0.825 1.4382 0 418.677 5.90096e-08
0.825 1.4382 0 419.679 5.8369e-08
0.825 1.4382 0 420.682 5.77355e-08
0.825 1.4382 0 421.684 5.71091e-08
0.825 1.4382 0 422.686 5.64898e-08
0.825 1.4382 0 423.689 5.58774e-08
0.825 1.4382 0 424.691 5.52719e-08
0.825 1.4382 0 425.694 5.46732e-08
0.825 1.4382 0 426.696 5.40811e-08
0.825 1.4382 0 427.699 5.34957e-08
0.825 1.4382 0 428.701 5.29169e-08
0.825 1.4382 0 429.704 5.23445e-08
0.825 1.4382 0 430.706 5.17786e-08
0.825 1.4382 0 431.709 5.12189e-08
0.825 1.4382 0 432.711 5.06655e-08
0.825 1.4382 0 433.714 5.01183e-08
0.825 1.4382 0 434.716 4.95772e-08
0.825 1.4382 0 435.719 4.90421e-08
0.825 1.4382 0 436.721 4.8513e-08
0.825 1.4382 0 437.724 4.79898e-08
0.825 1.4382 0 438.726 4.74724e-08
0.825 1.4382 0 439.728 4.69608e-08
0.825 1.4382 0 440.731 4.64549e-08
0.825 1.4382 0 441.733 4.59546e-08
0.825 1.4382 0 442.736 4.54599e-08
0.825 1.4382 0 443.738 4.49707e-08
0.825 1.4382 0 444.741 4.44869e-08
0.825 1.4382 0 445.743 4.40084e-08
0.825 1.4382 0 446.746 4.35353e-08
0.825 1.4382 0 447.748 4.30675e-08
0.825 1.4382 0 448.751 4.26048e-08
0.825 1.4382 0 449.753 4.21473e-08
0.825 1.4382 0 450.756 4.16948e-08
0.825 1.4382 0 451.758 4.12474e-08
0.825 1.4382 0 452.761 4.08049e-08
0.825 1.4382 0 453.763 4.03673e-08
0.825 1.4382 0 454.765 3.99346e-08
0.825 1.4382 0 455.768 3.95066e-08
0.825 1.4382 0 456.77 3.90834e-08
0.825 1.4382 0 457.773 3.86648e-08
0.825 1.4382 0 458.775 3.82509e-08
0.825 1.4382 0 459.778 3.78415e-08
0.825 1.4382 0 460.78 3.74367e-08
0.825 1.4382 0 461.783 3.70363e-08
0.825 1.4382 0 462.785 3.66403e-08
0.825 1.4382 0 463.788 3.62488e-08
0.825 1.4382 0 464.79 3.58615e-08
0.825 1.4382 0 465.793 3.54785e-08
0.825 1.4382 0 466.795 3.50997e-08
0.825 1.4382 0 467.798 3.47251e-08
0.825 1.4382 0 468.8 3.43546e-08
0.825 1.4382 0 469.803 3.39881e-08
0.825 1.4382 0 470.805 3.36257e-08
0.825 1.4382 0 471.807 3.32673e-08
0.825 1.4382 0 472.81 3.29129e-08
0.825 1.4382 0 473.812 3.25623e-08
0.825 1.4382 0 474.815 3.22155e-08
0.825 1.4382 0 475.817 3.18726e-08
0.825 1.4382 0 476.82 3.15334e-08
0.825 1.4382 0 477.822 3.1198e-08
0.825 1.4382 0 478.825 3.08662e-08
0.825 1.4382 0 479.827 3.05381e-08
0.825 1.4382 0 480.83 3.02135e-08
0.825 1.4382 0 481.832 2.98925e-08
0.825 1.4382 0 482.835 2.9575e-08
0.825 1.4382 0 483.837 2.9261e-08
0.825 1.4382 0 484.84 2.89505e-08
0.825 1.4382 0 485.842 2.86433e-08
0.825 1.4382 0 486.844 2.83395e-08
0.825 1.4382 0 487.847 2.80389e-08
0.825 1.4382 0 488.849 2.77417e-08
0.825 1.4382 0 489.852 2.74477e-08
0.825 1.4382 0 490.854 2.7157e-08
0.825 1.4382 0 491.857 2.68694e-08
0.825 1.4382 0 492.859 2.65849e-08
0.825 1.4382 0 493.862 2.63035e-08
0.825 1.4382 0 494.864 2.60252e-08
0.825 1.4382 0 495.867 2.57499e-08
0.825 1.4382 0 496.869 2.54777e-08
0.825 1.4382 0 497.872 2.52084e-08
0.825 1.4382 0 498.874 2.4942e-08
0.825 1.4382 0 499.877 2.46785e-08
0.825 1.4382 0 500.879 2.44179e-08
0.825 1.4382 0 501.882 2.41601e-08
0.825 1.4382 0 502.884 2.39051e-08
0.825 1.4382 0 503.886 2.36528e-08
0.825 1.4382 0 504.889 2.34033e-08
0.825 1.4382 0 505.891 2.31566e-08
0.825 1.4382 0 506.894 2.29125e-08
0.825 1.4382 0 507.896 2.2671e-08
0.825 1.4382 0 508.899 2.24322e-08
0.825 1.4382 0 509.901 2.21959e-08
0.825 1.4382 0 510.904 2.19622e-08
0.825 1.4382 0 511.906 2.1731e-08
0.825 1.4382 0 512.909 2.15024e-08
0.825 1.4382 0 513.911 2.12762e-08
0.825 1.4382 0 514.914 2.10524e-08
0.825 1.4382 0 515.916 2.08311e-08
0.825 1.4382 0 516.919 2.06122e-08
0.825 1.4382 0 517.921 2.03956e-08
0.825 1.4382 0 518.923 2.01813e-08
0.825 1.4382 0 519.926 1.99694e-08
0.825 1.4382 0 520.928 1.97598e-08
0.825 1.4382 0 521.931 1.95524e-08
0.825 1.4382 0 522.933 1.93473e-08
0.825 1.4382 0 523.936 1.91444e-08
0.825 1.4382 0 524.938 1.89436e-08
0.825 1.4382 0 525.941 1.8745e-08
0.825 1.4382 0 526.943 1.85486e-08
0.825 1.4382 0 527.946 1.83543e-08
0.825 1.4382 0 528.948 1.8162e-08
0.825 1.4382 0 529.951 1.79719e-08
0.825 1.4382 0 530.953 1.77837e-08
0.825 1.4382 0 531.956 1.75976e-08
0.825 1.4382 0 532.958 1.74135e-08
0.825 1.4382 0 533.961 1.72314e-08
0.825 1.4382 0 534.963 1.70513e-08
0.825 1.4382 0 535.965 1.6873e-08
0.825 1.4382 0 536.968 1.66967e-08
0.825 1.4382 0 537.97 1.65223e-08
0.825 1.4382 0 538.973 1.63497e-08
0.825 1.4382 0 539.975 1.6179e-08
0.825 1.4382 0 540.978 1.60101e-08
0.825 1.4382 0 541.98 1.58431e-08
0.825 1.4382 0 542.983 1.56778e-08
0.825 1.4382 0 543.985 1.55143e-08
0.825 1.4382 0 544.988 1.53525e-08
0.825 1.4382 0 545.99 1.51925e-08
0.825 1.4382 0 546.993 1.50342e-08
0.825 1.4382 0 547.995 1.48775e-08
0.825 1.4382 0 548.998 1.47226e-08
0.825 1.4382 0 550 1.45693e-08
