2.12 1.4382 0 150.015 6.46607e-06
2.12 1.4382 0 151.017 1.15931e-05
2.12 1.4382 0 152.02 1.17705e-05
2.12 1.4382 0 153.022 1.13212e-05
2.12 1.4382 0 154.025 1.08598e-05
2.12 1.4382 0 155.027 1.0423e-05
2.12 1.4382 0 156.03 1.00096e-05
2.12 1.4382 0 157.032 9.61752e-06
2.12 1.4382 0 158.035 9.24472e-06
2.12 1.4382 0 159.037 8.88977e-06
2.12 1.4382 0 160.04 8.55143e-06
2.12 1.4382 0 161.042 8.22863e-06
2.12 1.4382 0 162.045 7.92043e-06
2.12 1.4382 0 163.047 7.62597e-06
2.12 1.4382 0 164.05 7.34447e-06
2.12 1.4382 0 165.052 7.07523e-06
2.12 1.4382 0 166.054 6.81758e-06
2.12 1.4382 0 167.057 6.57093e-06
2.12 1.4382 0 168.059 6.3347e-06
2.12 1.4382 0 169.062 6.10836e-06
2.12 1.4382 0 170.064 5.89142e-06
2.12 1.4382 0 171.067 5.68342e-06
2.12 1.4382 0 172.069 5.48393e-06
2.12 1.4382 0 173.072 5.29252e-06
2.12 1.4382 0 174.074 5.10881e-06
2.12 1.4382 0 175.077 4.93245e-06
2.12 1.4382 0 176.079 4.76309e-06
2.12 1.4382 0 177.082 4.6004e-06
2.12 1.4382 0 178.084 4.44407e-06
2.12 1.4382 0 179.087 4.29383e-06
2.12 1.4382 0 180.089 4.14938e-06
2.12 1.4382 0 181.092 4.01048e-06
2.12 1.4382 0 182.094 3.87687e-06
2.12 1.4382 0 183.096 3.74833e-06
2.12 1.4382 0 184.099 3.62463e-06
2.12 1.4382 0 185.101 3.50556e-06
2.12 1.4382 0 186.104 3.39092e-06
2.12 1.4382 0 187.106 3.28052e-06
2.12 1.4382 0 188.109 3.17418e-06
2.12 1.4382 0 189.111 3.07173e-06
2.12 1.4382 0 190.114 2.973e-06
2.12 1.4382 0 191.116 2.87785e-06
2.12 1.4382 0 192.119 2.78611e-06
2.12 1.4382 0 193.121 2.69766e-06
2.12 1.4382 0 194.124 2.61236e-06
2.12 1.4382 0 195.126 2.53008e-06
2.12 1.4382 0 196.129 2.45069e-06
2.12 1.4382 0 197.131 2.37408e-06
2.12 1.4382 0 198.133 2.30015e-06
2.12 1.4382 0 199.136 2.22878e-06
2.12 1.4382 0 200.138 2.15987e-06
2.12 1.4382 0 201.141 2.09333e-06
2.12 1.4382 0 202.143 2.02906e-06
2.12 1.4382 0 203.146 1.96698e-06
2.12 1.4382 0 204.148 1.907e-06
2.12 1.4382 0 205.151 1.84905e-06
2.12 1.4382 0 206.153 1.79304e-06
2.12 1.4382 0 207.156 1.7389e-06
2.12 1.4382 0 208.158 1.68656e-06
2.12 1.4382 0 209.161 1.63595e-06
2.12 1.4382 0 210.163 1.58702e-06
2.12 1.4382 0 211.166 1.53969e-06
2.12 1.4382 0 212.168 1.49391e-06
2.12 1.4382 0 213.171 1.44961e-06
2.12 1.4382 0 214.173 1.40676e-06
2.12 1.4382 0 215.175 1.36529e-06
2.12 1.4382 0 216.178 1.32515e-06
2.12 1.4382 0 217.18 1.2863e-06
2.12 1.4382 0 218.183 1.24869e-06
2.12 1.4382 0 219.185 1.21228e-06
2.12 1.4382 0 220.188 1.17702e-06
2.12 1.4382 0 221.19 1.14287e-06
2.12 1.4382 0 222.193 1.1098e-06
2.12 1.4382 0 223.195 1.07777e-06
2.12 1.4382 0 224.198 1.04673e-06
2.12 1.4382 0 225.2 1.01666e-06
2.12 1.4382 0 226.203 9.87527e-07
2.12 1.4382 0 227.205 9.59292e-07
2.12 1.4382 0 228.208 9.31927e-07
2.12 1.4382 0 229.21 9.05402e-07
2.12 1.4382 0 230.212 8.7969e-07
2.12 1.4382 0 231.215 8.54762e-07
2.12 1.4382 0 232.217 8.30592e-07
2.12 1.4382 0 233.22 8.07156e-07
2.12 1.4382 0 234.222 7.84428e-07
2.12 1.4382 0 235.225 7.62385e-07
2.12 1.4382 0 236.227 7.41004e-07
2.12 1.4382 0 237.23 7.20265e-07
2.12 1.4382 0 238.232 7.00145e-07
2.12 1.4382 0 239.235 6.80624e-07
2.12 1.4382 0 240.237 6.61684e-07
2.12 1.4382 0 241.24 6.43305e-07
2.12 1.4382 0 242.242 6.25469e-07
2.12 1.4382 0 243.245 6.08159e-07
2.12 1.4382 0 244.247 5.91357e-07
2.12 1.4382 0 245.25 5.75049e-07
2.12 1.4382 0 246.252 5.59217e-07
2.12 1.4382 0 247.254 5.43847e-07
2.12 1.4382 0 248.257 5.28925e-07
2.12 1.4382 0 249.259 5.14435e-07
2.12 1.4382 0 250.262 5.00366e-07
2.12 1.4382 0 251.264 4.86702e-07
2.12 1.4382 0 252.267 4.73433e-07
2.12 1.4382 0 253.269 4.60546e-07
2.12 1.4382 0 254.272 4.48028e-07
2.12 1.4382 0 255.274 4.35868e-07
2.12 1.4382 0 256.277 4.24056e-07
2.12 1.4382 0 257.279 4.12581e-07
2.12 1.4382 0 258.282 4.01432e-07
2.12 1.4382 0 259.284 3.906e-07
2.12 1.4382 0 260.287 3.80074e-07
2.12 1.4382 0 261.289 3.69847e-07
2.12 1.4382 0 262.291 3.59907e-07
2.12 1.4382 0 263.294 3.50248e-07
2.12 1.4382 0 264.296 3.4086e-07
2.12 1.4382 0 265.299 3.31736e-07
2.12 1.4382 0 266.301 3.22867e-07
2.12 1.4382 0 267.304 3.14245e-07
2.12 1.4382 0 268.306 3.05865e-07
2.12 1.4382 0 269.309 2.97718e-07
2.12 1.4382 0 270.311 2.89797e-07
2.12 1.4382 0 271.314 2.82096e-07
2.12 1.4382 0 272.316 2.74608e-07
2.12 1.4382 0 273.319 2.67328e-07
2.12 1.4382 0 274.321 2.60248e-07
2.12 1.4382 0 275.324 2.53364e-07
2.12 1.4382 0 276.326 2.46669e-07
2.12 1.4382 0 277.329 2.40158e-07
2.12 1.4382 0 278.331 2.33825e-07
2.12 1.4382 0 279.333 2.27666e-07
2.12 1.4382 0 280.336 2.21676e-07
2.12 1.4382 0 281.338 2.15849e-07
2.12 1.4382 0 282.341 2.10181e-07
2.12 1.4382 0 283.343 2.04667e-07
2.12 1.4382 0 284.346 1.99303e-07
2.12 1.4382 0 285.348 1.94085e-07
2.12 1.4382 0 286.351 1.89009e-07
2.12 1.4382 0 287.353 1.84069e-07
2.12 1.4382 0 288.356 1.79263e-07
2.12 1.4382 0 289.358 1.74588e-07
2.12 1.4382 0 290.361 1.70038e-07
2.12 1.4382 0 291.363 1.6561e-07
2.12 1.4382 0 292.366 1.61302e-07
2.12 1.4382 0 293.368 1.57109e-07
2.12 1.4382 0 294.37 1.53029e-07
2.12 1.4382 0 295.373 1.49059e-07
2.12 1.4382 0 296.375 1.45194e-07
2.12 1.4382 0 297.378 1.41433e-07
2.12 1.4382 0 298.38 1.37772e-07
2.12 1.4382 0 299.383 1.34209e-07
2.12 1.4382 0 300.385 1.30741e-07
2.12 1.4382 0 301.388 1.27365e-07
2.12 1.4382 0 302.39 1.24079e-07
2.12 1.4382 0 303.393 1.2088e-07
2.12 1.4382 0 304.395 1.17766e-07
2.12 1.4382 0 305.398 1.14734e-07
2.12 1.4382 0 306.4 1.11783e-07
2.12 1.4382 0 307.403 1.08909e-07
2.12 1.4382 0 308.405 1.06112e-07
2.12 1.4382 0 309.408 1.03388e-07
2.12 1.4382 0 310.41 1.00736e-07
2.12 1.4382 0 311.412 9.8154e-08
2.12 1.4382 0 312.415 9.56398e-08
2.12 1.4382 0 313.417 9.31917e-08
2.12 1.4382 0 314.42 9.08078e-08
2.12 1.4382 0 315.422 8.84865e-08
2.12 1.4382 0 316.425 8.6226e-08
2.12 1.4382 0 317.427 8.40247e-08
2.12 1.4382 0 318.43 8.1881e-08
2.12 1.4382 0 319.432 7.97932e-08
2.12 1.4382 0 320.435 7.776e-08
2.12 1.4382 0 321.437 7.57799e-08
2.12 1.4382 0 322.44 7.38513e-08
2.12 1.4382 0 323.442 7.1973e-08
2.12 1.4382 0 324.445 7.01435e-08
2.12 1.4382 0 325.447 6.83616e-08
2.12 1.4382 0 326.449 6.6626e-08
2.12 1.4382 0 327.452 6.49354e-08
2.12 1.4382 0 328.454 6.32887e-08
2.12 1.4382 0 329.457 6.16847e-08
2.12 1.4382 0 330.459 6.01222e-08
2.12 1.4382 0 331.462 5.86001e-08
2.12 1.4382 0 332.464 5.71174e-08
2.12 1.4382 0 333.467 5.5673e-08
2.12 1.4382 0 334.469 5.42659e-08
2.12 1.4382 0 335.472 5.28951e-08
2.12 1.4382 0 336.474 5.15596e-08
2.12 1.4382 0 337.477 5.02585e-08
2.12 1.4382 0 338.479 4.89909e-08
2.12 1.4382 0 339.482 4.77559e-08
2.12 1.4382 0 340.484 4.65527e-08
2.12 1.4382 0 341.487 4.53804e-08
2.12 1.4382 0 342.489 4.42381e-08
2.12 1.4382 0 343.491 4.31252e-08
2.12 1.4382 0 344.494 4.20408e-08
2.12 1.4382 0 345.496 4.09842e-08
2.12 1.4382 0 346.499 3.99546e-08
2.12 1.4382 0 347.501 3.89514e-08
2.12 1.4382 0 348.504 3.79738e-08
2.12 1.4382 0 349.506 3.70212e-08
2.12 1.4382 0 350.509 3.6093e-08
2.12 1.4382 0 351.511 3.51884e-08
2.12 1.4382 0 352.514 3.43069e-08
2.12 1.4382 0 353.516 3.34479e-08
2.12 1.4382 0 354.519 3.26107e-08
2.12 1.4382 0 355.521 3.17949e-08
2.12 1.4382 0 356.524 3.09998e-08
2.12 1.4382 0 357.526 3.02249e-08
2.12 1.4382 0 358.528 2.94698e-08
2.12 1.4382 0 359.531 2.87338e-08
2.12 1.4382 0 360.533 2.80165e-08
2.12 1.4382 0 361.536 2.73174e-08
2.12 1.4382 0 362.538 2.66361e-08
2.12 1.4382 0 363.541 2.5972e-08
2.12 1.4382 0 364.543 2.53247e-08
2.12 1.4382 0 365.546 2.46938e-08
2.12 1.4382 0 366.548 2.40789e-08
2.12 1.4382 0 367.551 2.34795e-08
2.12 1.4382 0 368.553 2.28953e-08
2.12 1.4382 0 369.556 2.23259e-08
2.12 1.4382 0 370.558 2.17708e-08
2.12 1.4382 0 371.561 2.12297e-08
2.12 1.4382 0 372.563 2.07023e-08
2.12 1.4382 0 373.566 2.01882e-08
2.12 1.4382 0 374.568 1.9687e-08
2.12 1.4382 0 375.57 1.91985e-08
2.12 1.4382 0 376.573 1.87222e-08
2.12 1.4382 0 377.575 1.8258e-08
2.12 1.4382 0 378.578 1.78054e-08
2.12 1.4382 0 379.58 1.73642e-08
2.12 1.4382 0 380.583 1.69341e-08
2.12 1.4382 0 381.585 1.65148e-08
2.12 1.4382 0 382.588 1.6106e-08
2.12 1.4382 0 383.59 1.57075e-08
2.12 1.4382 0 384.593 1.5319e-08
2.12 1.4382 0 385.595 1.49402e-08
2.12 1.4382 0 386.598 1.45709e-08
2.12 1.4382 0 387.6 1.42109e-08
2.12 1.4382 0 388.603 1.38599e-08
2.12 1.4382 0 389.605 1.35176e-08
2.12 1.4382 0 390.607 1.3184e-08
2.12 1.4382 0 391.61 1.28586e-08
2.12 1.4382 0 392.612 1.25414e-08
2.12 1.4382 0 393.615 1.22322e-08
2.12 1.4382 0 394.617 1.19306e-08
2.12 1.4382 0 395.62 1.16366e-08
2.12 1.4382 0 396.622 1.13499e-08
2.12 1.4382 0 397.625 1.10704e-08
2.12 1.4382 0 398.627 1.07978e-08
2.12 1.4382 0 399.63 1.05321e-08
2.12 1.4382 0 400.632 1.02729e-08
2.12 1.4382 0 401.635 1.00202e-08
2.12 1.4382 0 402.637 9.77384e-09
2.12 1.4382 0 403.64 9.53358e-09
2.12 1.4382 0 404.642 9.29929e-09
2.12 1.4382 0 405.645 9.07083e-09
2.12 1.4382 0 406.647 8.84805e-09
2.12 1.4382 0 407.649 8.6308e-09
2.12 1.4382 0 408.652 8.41895e-09
2.12 1.4382 0 409.654 8.21236e-09
2.12 1.4382 0 410.657 8.0109e-09
2.12 1.4382 0 411.659 7.81444e-09
2.12 1.4382 0 412.662 7.62286e-09
2.12 1.4382 0 413.664 7.43602e-09
2.12 1.4382 0 414.667 7.25381e-09
2.12 1.4382 0 415.669 7.07612e-09
2.12 1.4382 0 416.672 6.90283e-09
2.12 1.4382 0 417.674 6.73383e-09
2.12 1.4382 0 418.677 6.56902e-09
2.12 1.4382 0 419.679 6.40828e-09
2.12 1.4382 0 420.682 6.25152e-09
2.12 1.4382 0 421.684 6.09863e-09
2.12 1.4382 0 422.686 5.94952e-09
2.12 1.4382 0 423.689 5.8041e-09
2.12 1.4382 0 424.691 5.66227e-09
2.12 1.4382 0 425.694 5.52395e-09
2.12 1.4382 0 426.696 5.38903e-09
2.12 1.4382 0 427.699 5.25745e-09
2.12 1.4382 0 428.701 5.12911e-09
2.12 1.4382 0 429.704 5.00394e-09
2.12 1.4382 0 430.706 4.88186e-09
2.12 1.4382 0 431.709 4.76278e-09
2.12 1.4382 0 432.711 4.64664e-09
2.12 1.4382 0 433.714 4.53336e-09
2.12 1.4382 0 434.716 4.42287e-09
2.12 1.4382 0 435.719 4.31509e-09
2.12 1.4382 0 436.721 4.20997e-09
2.12 1.4382 0 437.724 4.10744e-09
2.12 1.4382 0 438.726 4.00743e-09
2.12 1.4382 0 439.728 3.90988e-09
2.12 1.4382 0 440.731 3.81472e-09
2.12 1.4382 0 441.733 3.7219e-09
2.12 1.4382 0 442.736 3.63137e-09
2.12 1.4382 0 443.738 3.54305e-09
2.12 1.4382 0 444.741 3.45691e-09
2.12 1.4382 0 445.743 3.37288e-09
2.12 1.4382 0 446.746 3.29091e-09
2.12 1.4382 0 447.748 3.21095e-09
2.12 1.4382 0 448.751 3.13295e-09
2.12 1.4382 0 449.753 3.05687e-09
2.12 1.4382 0 450.756 2.98265e-09
2.12 1.4382 0 451.758 2.91025e-09
2.12 1.4382 0 452.761 2.83962e-09
2.12 1.4382 0 453.763 2.77072e-09
2.12 1.4382 0 454.765 2.70351e-09
2.12 1.4382 0 455.768 2.63794e-09
2.12 1.4382 0 456.77 2.57398e-09
2.12 1.4382 0 457.773 2.51158e-09
2.12 1.4382 0 458.775 2.45071e-09
2.12 1.4382 0 459.778 2.39133e-09
2.12 1.4382 0 460.78 2.3334e-09
2.12 1.4382 0 461.783 2.27688e-09
2.12 1.4382 0 462.785 2.22174e-09
2.12 1.4382 0 463.788 2.16796e-09
2.12 1.4382 0 464.79 2.11548e-09
2.12 1.4382 0 465.793 2.06429e-09
2.12 1.4382 0 466.795 2.01434e-09
2.12 1.4382 0 467.798 1.96562e-09
2.12 1.4382 0 468.8 1.91808e-09
2.12 1.4382 0 469.803 1.8717e-09
2.12 1.4382 0 470.805 1.82645e-09
2.12 1.4382 0 471.807 1.78231e-09
2.12 1.4382 0 472.81 1.73924e-09
2.12 1.4382 0 473.812 1.69722e-09
2.12 1.4382 0 474.815 1.65622e-09
2.12 1.4382 0 475.817 1.61623e-09
2.12 1.4382 0 476.82 1.5772e-09
2.12 1.4382 0 477.822 1.53913e-09
2.12 1.4382 0 478.825 1.50198e-09
2.12 1.4382 0 479.827 1.46574e-09
2.12 1.4382 0 480.83 1.43038e-09
2.12 1.4382 0 481.832 1.39587e-09
2.12 1.4382 0 482.835 1.36221e-09
2.12 1.4382 0 483.837 1.32937e-09
2.12 1.4382 0 484.84 1.29732e-09
2.12 1.4382 0 485.842 1.26605e-09
2.12 1.4382 0 486.844 1.23554e-09
2.12 1.4382 0 487.847 1.20577e-09
2.12 1.4382 0 488.849 1.17673e-09
2.12 1.4382 0 489.852 1.14839e-09
2.12 1.4382 0 490.854 1.12073e-09
2.12 1.4382 0 491.857 1.09375e-09
2.12 1.4382 0 492.859 1.06743e-09
2.12 1.4382 0 493.862 1.04174e-09
2.12 1.4382 0 494.864 1.01667e-09
2.12 1.4382 0 495.867 9.92213e-10
2.12 1.4382 0 496.869 9.68347e-10
2.12 1.4382 0 497.872 9.4506e-10
2.12 1.4382 0 498.874 9.22337e-10
2.12 1.4382 0 499.877 9.00164e-10
2.12 1.4382 0 500.879 8.78528e-10
2.12 1.4382 0 501.882 8.57416e-10
2.12 1.4382 0 502.884 8.36815e-10
2.12 1.4382 0 503.886 8.16713e-10
2.12 1.4382 0 504.889 7.97097e-10
2.12 1.4382 0 505.891 7.77955e-10
2.12 1.4382 0 506.894 7.59277e-10
2.12 1.4382 0 507.896 7.4105e-10
2.12 1.4382 0 508.899 7.23263e-10
2.12 1.4382 0 509.901 7.05907e-10
2.12 1.4382 0 510.904 6.8897e-10
2.12 1.4382 0 511.906 6.72442e-10
2.12 1.4382 0 512.909 6.56313e-10
2.12 1.4382 0 513.911 6.40574e-10
2.12 1.4382 0 514.914 6.25215e-10
2.12 1.4382 0 515.916 6.10227e-10
2.12 1.4382 0 516.919 5.95601e-10
2.12 1.4382 0 517.921 5.81327e-10
2.12 1.4382 0 518.923 5.67398e-10
2.12 1.4382 0 519.926 5.53805e-10
2.12 1.4382 0 520.928 5.40539e-10
2.12 1.4382 0 521.931 5.27594e-10
2.12 1.4382 0 522.933 5.14961e-10
2.12 1.4382 0 523.936 5.02632e-10
2.12 1.4382 0 524.938 4.906e-10
2.12 1.4382 0 525.941 4.78858e-10
2.12 1.4382 0 526.943 4.67399e-10
2.12 1.4382 0 527.946 4.56216e-10
2.12 1.4382 0 528.948 4.45303e-10
2.12 1.4382 0 529.951 4.34652e-10
2.12 1.4382 0 530.953 4.24257e-10
2.12 1.4382 0 531.956 4.14113e-10
2.12 1.4382 0 532.958 4.04213e-10
2.12 1.4382 0 533.961 3.94551e-10
2.12 1.4382 0 534.963 3.85121e-10
2.12 1.4382 0 535.965 3.75918e-10
2.12 1.4382 0 536.968 3.66937e-10
2.12 1.4382 0 537.97 3.58171e-10
2.12 1.4382 0 538.973 3.49616e-10
2.12 1.4382 0 539.975 3.41267e-10
2.12 1.4382 0 540.978 3.33118e-10
2.12 1.4382 0 541.98 3.25165e-10
2.12 1.4382 0 542.983 3.17404e-10
2.12 1.4382 0 543.985 3.09828e-10
2.12 1.4382 0 544.988 3.02435e-10
2.12 1.4382 0 545.99 2.95219e-10
2.12 1.4382 0 546.993 2.88176e-10
2.12 1.4382 0 547.995 2.81302e-10
2.12 1.4382 0 548.998 2.74593e-10
2.12 1.4382 0 550 2.68045e-10
