2.96 1.4382 0 150.015 1.717e-05
2.96 1.4382 0 151.017 2.93285e-05
2.96 1.4382 0 152.02 2.99926e-05
2.96 1.4382 0 153.022 2.82101e-05
2.96 1.4382 0 154.025 2.63142e-05
2.96 1.4382 0 155.027 2.45583e-05
2.96 1.4382 0 156.03 2.29502e-05
2.96 1.4382 0 157.032 2.14754e-05
2.96 1.4382 0 158.035 2.01198e-05
2.96 1.4382 0 159.037 1.8871e-05
2.96 1.4382 0 160.04 1.77188e-05
2.96 1.4382 0 161.042 1.66537e-05
2.96 1.4382 0 162.045 1.56679e-05
2.96 1.4382 0 163.047 1.4754e-05
2.96 1.4382 0 164.05 1.39058e-05
2.96 1.4382 0 165.052 1.31175e-05
2.96 1.4382 0 166.054 1.2384e-05
2.96 1.4382 0 167.057 1.17007e-05
2.96 1.4382 0 168.059 1.10634e-05
2.96 1.4382 0 169.062 1.04684e-05
2.96 1.4382 0 170.064 9.91237e-06
2.96 1.4382 0 171.067 9.39215e-06
2.96 1.4382 0 172.069 8.90498e-06
2.96 1.4382 0 173.072 8.44833e-06
2.96 1.4382 0 174.074 8.01989e-06
2.96 1.4382 0 175.077 7.61758e-06
2.96 1.4382 0 176.079 7.23945e-06
2.96 1.4382 0 177.082 6.88377e-06
2.96 1.4382 0 178.084 6.54894e-06
2.96 1.4382 0 179.087 6.23347e-06
2.96 1.4382 0 180.089 5.93603e-06
2.96 1.4382 0 181.092 5.65538e-06
2.96 1.4382 0 182.094 5.39038e-06
2.96 1.4382 0 183.096 5.13998e-06
2.96 1.4382 0 184.099 4.90323e-06
2.96 1.4382 0 185.101 4.67924e-06
2.96 1.4382 0 186.104 4.46717e-06
2.96 1.4382 0 187.106 4.26629e-06
2.96 1.4382 0 188.109 4.07588e-06
2.96 1.4382 0 189.111 3.89529e-06
2.96 1.4382 0 190.114 3.72393e-06
2.96 1.4382 0 191.116 3.56124e-06
2.96 1.4382 0 192.119 3.4067e-06
2.96 1.4382 0 193.121 3.25983e-06
2.96 1.4382 0 194.124 3.12018e-06
2.96 1.4382 0 195.126 2.98733e-06
2.96 1.4382 0 196.129 2.8609e-06
2.96 1.4382 0 197.131 2.74052e-06
2.96 1.4382 0 198.133 2.62586e-06
2.96 1.4382 0 199.136 2.51659e-06
2.96 1.4382 0 200.138 2.41243e-06
2.96 1.4382 0 201.141 2.3131e-06
2.96 1.4382 0 202.143 2.21833e-06
2.96 1.4382 0 203.146 2.1279e-06
2.96 1.4382 0 204.148 2.04156e-06
2.96 1.4382 0 205.151 1.9591e-06
2.96 1.4382 0 206.153 1.88034e-06
2.96 1.4382 0 207.156 1.80506e-06
2.96 1.4382 0 208.158 1.73311e-06
2.96 1.4382 0 209.161 1.66432e-06
2.96 1.4382 0 210.163 1.59852e-06
2.96 1.4382 0 211.166 1.53556e-06
2.96 1.4382 0 212.168 1.47532e-06
2.96 1.4382 0 213.171 1.41766e-06
2.96 1.4382 0 214.173 1.36244e-06
2.96 1.4382 0 215.175 1.30957e-06
2.96 1.4382 0 216.178 1.25892e-06
2.96 1.4382 0 217.18 1.21039e-06
2.96 1.4382 0 218.183 1.16389e-06
2.96 1.4382 0 219.185 1.11931e-06
2.96 1.4382 0 220.188 1.07657e-06
2.96 1.4382 0 221.19 1.03558e-06
2.96 1.4382 0 222.193 9.96277e-07
2.96 1.4382 0 223.195 9.58568e-07
2.96 1.4382 0 224.198 9.22388e-07
2.96 1.4382 0 225.2 8.87667e-07
2.96 1.4382 0 226.203 8.54342e-07
2.96 1.4382 0 227.205 8.22351e-07
2.96 1.4382 0 228.208 7.91635e-07
2.96 1.4382 0 229.21 7.62139e-07
2.96 1.4382 0 230.212 7.3381e-07
2.96 1.4382 0 231.215 7.06597e-07
2.96 1.4382 0 232.217 6.80454e-07
2.96 1.4382 0 233.22 6.55334e-07
2.96 1.4382 0 234.222 6.31194e-07
2.96 1.4382 0 235.225 6.07993e-07
2.96 1.4382 0 236.227 5.85692e-07
2.96 1.4382 0 237.23 5.64251e-07
2.96 1.4382 0 238.232 5.43637e-07
2.96 1.4382 0 239.235 5.23815e-07
2.96 1.4382 0 240.237 5.04751e-07
2.96 1.4382 0 241.24 4.86416e-07
2.96 1.4382 0 242.242 4.68778e-07
2.96 1.4382 0 243.245 4.51811e-07
2.96 1.4382 0 244.247 4.35486e-07
2.96 1.4382 0 245.25 4.19777e-07
2.96 1.4382 0 246.252 4.04661e-07
2.96 1.4382 0 247.254 3.90112e-07
2.96 1.4382 0 248.257 3.76109e-07
2.96 1.4382 0 249.259 3.6263e-07
2.96 1.4382 0 250.262 3.49653e-07
2.96 1.4382 0 251.264 3.3716e-07
2.96 1.4382 0 252.267 3.25131e-07
2.96 1.4382 0 253.269 3.13548e-07
2.96 1.4382 0 254.272 3.02393e-07
2.96 1.4382 0 255.274 2.9165e-07
2.96 1.4382 0 256.277 2.81303e-07
2.96 1.4382 0 257.279 2.71336e-07
2.96 1.4382 0 258.282 2.61735e-07
2.96 1.4382 0 259.284 2.52485e-07
2.96 1.4382 0 260.287 2.43573e-07
2.96 1.4382 0 261.289 2.34987e-07
2.96 1.4382 0 262.291 2.26713e-07
2.96 1.4382 0 263.294 2.1874e-07
2.96 1.4382 0 264.296 2.11057e-07
2.96 1.4382 0 265.299 2.03652e-07
2.96 1.4382 0 266.301 1.96514e-07
2.96 1.4382 0 267.304 1.89635e-07
2.96 1.4382 0 268.306 1.83003e-07
2.96 1.4382 0 269.309 1.7661e-07
2.96 1.4382 0 270.311 1.70447e-07
2.96 1.4382 0 271.314 1.64505e-07
2.96 1.4382 0 272.316 1.58776e-07
2.96 1.4382 0 273.319 1.53252e-07
2.96 1.4382 0 274.321 1.47925e-07
2.96 1.4382 0 275.324 1.42789e-07
2.96 1.4382 0 276.326 1.37835e-07
2.96 1.4382 0 277.329 1.33058e-07
2.96 1.4382 0 278.331 1.28451e-07
2.96 1.4382 0 279.333 1.24007e-07
2.96 1.4382 0 280.336 1.1972e-07
2.96 1.4382 0 281.338 1.15586e-07
2.96 1.4382 0 282.341 1.11597e-07
2.96 1.4382 0 283.343 1.0775e-07
2.96 1.4382 0 284.346 1.04038e-07
2.96 1.4382 0 285.348 1.00457e-07
2.96 1.4382 0 286.351 9.70017e-08
2.96 1.4382 0 287.353 9.36681e-08
2.96 1.4382 0 288.356 9.04516e-08
2.96 1.4382 0 289.358 8.73479e-08
2.96 1.4382 0 290.361 8.4353e-08
2.96 1.4382 0 291.363 8.1463e-08
2.96 1.4382 0 292.366 7.86739e-08
2.96 1.4382 0 293.368 7.59823e-08
2.96 1.4382 0 294.37 7.33847e-08
2.96 1.4382 0 295.373 7.08776e-08
2.96 1.4382 0 296.375 6.84578e-08
2.96 1.4382 0 297.378 6.61222e-08
2.96 1.4382 0 298.38 6.38678e-08
2.96 1.4382 0 299.383 6.16918e-08
2.96 1.4382 0 300.385 5.95912e-08
2.96 1.4382 0 301.388 5.75634e-08
2.96 1.4382 0 302.39 5.56059e-08
2.96 1.4382 0 303.393 5.37162e-08
2.96 1.4382 0 304.395 5.18918e-08
2.96 1.4382 0 305.398 5.01304e-08
2.96 1.4382 0 306.4 4.84298e-08
2.96 1.4382 0 307.403 4.67879e-08
2.96 1.4382 0 308.405 4.52026e-08
2.96 1.4382 0 309.408 4.36719e-08
2.96 1.4382 0 310.41 4.21938e-08
2.96 1.4382 0 311.412 4.07666e-08
2.96 1.4382 0 312.415 3.93884e-08
2.96 1.4382 0 313.417 3.80576e-08
2.96 1.4382 0 314.42 3.67724e-08
2.96 1.4382 0 315.422 3.55312e-08
2.96 1.4382 0 316.425 3.43326e-08
2.96 1.4382 0 317.427 3.3175e-08
2.96 1.4382 0 318.43 3.20571e-08
2.96 1.4382 0 319.432 3.09773e-08
2.96 1.4382 0 320.435 2.99344e-08
2.96 1.4382 0 321.437 2.89272e-08
2.96 1.4382 0 322.44 2.79543e-08
2.96 1.4382 0 323.442 2.70146e-08
2.96 1.4382 0 324.445 2.61069e-08
2.96 1.4382 0 325.447 2.52301e-08
2.96 1.4382 0 326.449 2.43831e-08
2.96 1.4382 0 327.452 2.3565e-08
2.96 1.4382 0 328.454 2.27747e-08
2.96 1.4382 0 329.457 2.20112e-08
2.96 1.4382 0 330.459 2.12736e-08
2.96 1.4382 0 331.462 2.05611e-08
2.96 1.4382 0 332.464 1.98727e-08
2.96 1.4382 0 333.467 1.92077e-08
2.96 1.4382 0 334.469 1.85652e-08
2.96 1.4382 0 335.472 1.79444e-08
2.96 1.4382 0 336.474 1.73447e-08
2.96 1.4382 0 337.477 1.67652e-08
2.96 1.4382 0 338.479 1.62053e-08
2.96 1.4382 0 339.482 1.56643e-08
2.96 1.4382 0 340.484 1.51416e-08
2.96 1.4382 0 341.487 1.46366e-08
2.96 1.4382 0 342.489 1.41485e-08
2.96 1.4382 0 343.491 1.36769e-08
2.96 1.4382 0 344.494 1.32213e-08
2.96 1.4382 0 345.496 1.27809e-08
2.96 1.4382 0 346.499 1.23554e-08
2.96 1.4382 0 347.501 1.19442e-08
2.96 1.4382 0 348.504 1.15468e-08
2.96 1.4382 0 349.506 1.11628e-08
2.96 1.4382 0 350.509 1.07917e-08
2.96 1.4382 0 351.511 1.04331e-08
2.96 1.4382 0 352.514 1.00865e-08
2.96 1.4382 0 353.516 9.7515e-09
2.96 1.4382 0 354.519 9.42776e-09
2.96 1.4382 0 355.521 9.11487e-09
2.96 1.4382 0 356.524 8.81247e-09
2.96 1.4382 0 357.526 8.5202e-09
2.96 1.4382 0 358.528 8.23771e-09
2.96 1.4382 0 359.531 7.96468e-09
2.96 1.4382 0 360.533 7.70078e-09
2.96 1.4382 0 361.536 7.44571e-09
2.96 1.4382 0 362.538 7.19916e-09
2.96 1.4382 0 363.541 6.96085e-09
2.96 1.4382 0 364.543 6.7305e-09
2.96 1.4382 0 365.546 6.50784e-09
2.96 1.4382 0 366.548 6.29262e-09
2.96 1.4382 0 367.551 6.08457e-09
2.96 1.4382 0 368.553 5.88346e-09
2.96 1.4382 0 369.556 5.68906e-09
2.96 1.4382 0 370.558 5.50113e-09
2.96 1.4382 0 371.561 5.31946e-09
2.96 1.4382 0 372.563 5.14385e-09
2.96 1.4382 0 373.566 4.97407e-09
2.96 1.4382 0 374.568 4.80995e-09
2.96 1.4382 0 375.57 4.65129e-09
2.96 1.4382 0 376.573 4.4979e-09
2.96 1.4382 0 377.575 4.34961e-09
2.96 1.4382 0 378.578 4.20625e-09
2.96 1.4382 0 379.58 4.06766e-09
2.96 1.4382 0 380.583 3.93366e-09
2.96 1.4382 0 381.585 3.80411e-09
2.96 1.4382 0 382.588 3.67886e-09
2.96 1.4382 0 383.59 3.55777e-09
2.96 1.4382 0 384.593 3.44069e-09
2.96 1.4382 0 385.595 3.32749e-09
2.96 1.4382 0 386.598 3.21805e-09
2.96 1.4382 0 387.6 3.11223e-09
2.96 1.4382 0 388.603 3.00992e-09
2.96 1.4382 0 389.605 2.91099e-09
2.96 1.4382 0 390.607 2.81534e-09
2.96 1.4382 0 391.61 2.72285e-09
2.96 1.4382 0 392.612 2.63343e-09
2.96 1.4382 0 393.615 2.54696e-09
2.96 1.4382 0 394.617 2.46335e-09
2.96 1.4382 0 395.62 2.3825e-09
2.96 1.4382 0 396.622 2.30432e-09
2.96 1.4382 0 397.625 2.22873e-09
2.96 1.4382 0 398.627 2.15563e-09
2.96 1.4382 0 399.63 2.08495e-09
2.96 1.4382 0 400.632 2.0166e-09
2.96 1.4382 0 401.635 1.9505e-09
2.96 1.4382 0 402.637 1.88659e-09
2.96 1.4382 0 403.64 1.82478e-09
2.96 1.4382 0 404.642 1.76501e-09
2.96 1.4382 0 405.645 1.70721e-09
2.96 1.4382 0 406.647 1.65132e-09
2.96 1.4382 0 407.649 1.59727e-09
2.96 1.4382 0 408.652 1.54499e-09
2.96 1.4382 0 409.654 1.49444e-09
2.96 1.4382 0 410.657 1.44555e-09
2.96 1.4382 0 411.659 1.39827e-09
2.96 1.4382 0 412.662 1.35255e-09
2.96 1.4382 0 413.664 1.30833e-09
2.96 1.4382 0 414.667 1.26557e-09
2.96 1.4382 0 415.669 1.22421e-09
2.96 1.4382 0 416.672 1.18421e-09
2.96 1.4382 0 417.674 1.14552e-09
2.96 1.4382 0 418.677 1.10811e-09
2.96 1.4382 0 419.679 1.07192e-09
2.96 1.4382 0 420.682 1.03693e-09
2.96 1.4382 0 421.684 1.00308e-09
2.96 1.4382 0 422.686 9.70341e-10
2.96 1.4382 0 423.689 9.38679e-10
2.96 1.4382 0 424.691 9.08055e-10
2.96 1.4382 0 425.694 8.78435e-10
2.96 1.4382 0 426.696 8.49787e-10
2.96 1.4382 0 427.699 8.22078e-10
2.96 1.4382 0 428.701 7.95278e-10
2.96 1.4382 0 429.704 7.69356e-10
2.96 1.4382 0 430.706 7.44283e-10
2.96 1.4382 0 431.709 7.20032e-10
2.96 1.4382 0 432.711 6.96574e-10
2.96 1.4382 0 433.714 6.73885e-10
2.96 1.4382 0 434.716 6.51939e-10
2.96 1.4382 0 435.719 6.30711e-10
2.96 1.4382 0 436.721 6.10178e-10
2.96 1.4382 0 437.724 5.90316e-10
2.96 1.4382 0 438.726 5.71105e-10
2.96 1.4382 0 439.728 5.52521e-10
2.96 1.4382 0 440.731 5.34545e-10
2.96 1.4382 0 441.733 5.17157e-10
2.96 1.4382 0 442.736 5.00337e-10
2.96 1.4382 0 443.738 4.84067e-10
2.96 1.4382 0 444.741 4.68328e-10
2.96 1.4382 0 445.743 4.53104e-10
2.96 1.4382 0 446.746 4.38377e-10
2.96 1.4382 0 447.748 4.2413e-10
2.96 1.4382 0 448.751 4.10349e-10
2.96 1.4382 0 449.753 3.97018e-10
2.96 1.4382 0 450.756 3.84122e-10
2.96 1.4382 0 451.758 3.71646e-10
2.96 1.4382 0 452.761 3.59578e-10
2.96 1.4382 0 453.763 3.47903e-10
2.96 1.4382 0 454.765 3.36609e-10
2.96 1.4382 0 455.768 3.25683e-10
2.96 1.4382 0 456.77 3.15113e-10
2.96 1.4382 0 457.773 3.04888e-10
2.96 1.4382 0 458.775 2.94996e-10
2.96 1.4382 0 459.778 2.85427e-10
2.96 1.4382 0 460.78 2.76169e-10
2.96 1.4382 0 461.783 2.67213e-10
2.96 1.4382 0 462.785 2.58548e-10
2.96 1.4382 0 463.788 2.50166e-10
2.96 1.4382 0 464.79 2.42056e-10
2.96 1.4382 0 465.793 2.3421e-10
2.96 1.4382 0 466.795 2.2662e-10
2.96 1.4382 0 467.798 2.19277e-10
2.96 1.4382 0 468.8 2.12173e-10
2.96 1.4382 0 469.803 2.05299e-10
2.96 1.4382 0 470.805 1.9865e-10
2.96 1.4382 0 471.807 1.92216e-10
2.96 1.4382 0 472.81 1.85992e-10
2.96 1.4382 0 473.812 1.7997e-10
2.96 1.4382 0 474.815 1.74144e-10
2.96 1.4382 0 475.817 1.68507e-10
2.96 1.4382 0 476.82 1.63053e-10
2.96 1.4382 0 477.822 1.57777e-10
2.96 1.4382 0 478.825 1.52672e-10
2.96 1.4382 0 479.827 1.47732e-10
2.96 1.4382 0 480.83 1.42954e-10
2.96 1.4382 0 481.832 1.3833e-10
2.96 1.4382 0 482.835 1.33856e-10
2.96 1.4382 0 483.837 1.29528e-10
2.96 1.4382 0 484.84 1.2534e-10
2.96 1.4382 0 485.842 1.21288e-10
2.96 1.4382 0 486.844 1.17367e-10
2.96 1.4382 0 487.847 1.13574e-10
2.96 1.4382 0 488.849 1.09904e-10
2.96 1.4382 0 489.852 1.06353e-10
2.96 1.4382 0 490.854 1.02916e-10
2.96 1.4382 0 491.857 9.95917e-11
2.96 1.4382 0 492.859 9.63748e-11
2.96 1.4382 0 493.862 9.32622e-11
2.96 1.4382 0 494.864 9.02504e-11
2.96 1.4382 0 495.867 8.73362e-11
2.96 1.4382 0 496.869 8.45165e-11
2.96 1.4382 0 497.872 8.17881e-11
2.96 1.4382 0 498.874 7.91481e-11
2.96 1.4382 0 499.877 7.65936e-11
2.96 1.4382 0 500.879 7.41218e-11
2.96 1.4382 0 501.882 7.17301e-11
2.96 1.4382 0 502.884 6.94157e-11
2.96 1.4382 0 503.886 6.71763e-11
2.96 1.4382 0 504.889 6.50094e-11
2.96 1.4382 0 505.891 6.29126e-11
2.96 1.4382 0 506.894 6.08837e-11
2.96 1.4382 0 507.896 5.89204e-11
2.96 1.4382 0 508.899 5.70206e-11
2.96 1.4382 0 509.901 5.51823e-11
2.96 1.4382 0 510.904 5.34034e-11
2.96 1.4382 0 511.906 5.16821e-11
2.96 1.4382 0 512.909 5.00164e-11
2.96 1.4382 0 513.911 4.84046e-11
2.96 1.4382 0 514.914 4.68448e-11
2.96 1.4382 0 515.916 4.53355e-11
2.96 1.4382 0 516.919 4.3875e-11
2.96 1.4382 0 517.921 4.24617e-11
2.96 1.4382 0 518.923 4.1094e-11
2.96 1.4382 0 519.926 3.97705e-11
2.96 1.4382 0 520.928 3.84898e-11
2.96 1.4382 0 521.931 3.72504e-11
2.96 1.4382 0 522.933 3.60511e-11
2.96 1.4382 0 523.936 3.48905e-11
2.96 1.4382 0 524.938 3.37674e-11
2.96 1.4382 0 525.941 3.26805e-11
2.96 1.4382 0 526.943 3.16287e-11
2.96 1.4382 0 527.946 3.06109e-11
2.96 1.4382 0 528.948 2.96259e-11
2.96 1.4382 0 529.951 2.86727e-11
2.96 1.4382 0 530.953 2.77503e-11
2.96 1.4382 0 531.956 2.68576e-11
2.96 1.4382 0 532.958 2.59937e-11
2.96 1.4382 0 533.961 2.51577e-11
2.96 1.4382 0 534.963 2.43486e-11
2.96 1.4382 0 535.965 2.35657e-11
2.96 1.4382 0 536.968 2.2808e-11
2.96 1.4382 0 537.97 2.20747e-11
2.96 1.4382 0 538.973 2.1365e-11
2.96 1.4382 0 539.975 2.06783e-11
2.96 1.4382 0 540.978 2.00136e-11
2.96 1.4382 0 541.98 1.93704e-11
2.96 1.4382 0 542.983 1.8748e-11
2.96 1.4382 0 543.985 1.81455e-11
2.96 1.4382 0 544.988 1.75625e-11
2.96 1.4382 0 545.99 1.69983e-11
2.96 1.4382 0 546.993 1.64522e-11
2.96 1.4382 0 547.995 1.59238e-11
2.96 1.4382 0 548.998 1.54123e-11
2.96 1.4382 0 550 1.49173e-11
