0.735 1.4382 0 150.015 4.20162e-05
0.735 1.4382 0 151.017 7.68762e-05
0.735 1.4382 0 152.02 8.04312e-05
0.735 1.4382 0 153.022 7.97105e-05
0.735 1.4382 0 154.025 7.8707e-05
0.735 1.4382 0 155.027 7.77003e-05
0.735 1.4382 0 156.03 7.67077e-05
0.735 1.4382 0 157.032 7.57295e-05
0.735 1.4382 0 158.035 7.47652e-05
0.735 1.4382 0 159.037 7.38144e-05
0.735 1.4382 0 160.04 7.28766e-05
0.735 1.4382 0 161.042 7.19516e-05
0.735 1.4382 0 162.045 7.10391e-05
0.735 1.4382 0 163.047 7.01389e-05
0.735 1.4382 0 164.05 6.92508e-05
0.735 1.4382 0 165.052 6.83745e-05
0.735 1.4382 0 166.054 6.75099e-05
0.735 1.4382 0 167.057 6.66568e-05
0.735 1.4382 0 168.059 6.5815e-05
0.735 1.4382 0 169.062 6.49844e-05
0.735 1.4382 0 170.064 6.41647e-05
0.735 1.4382 0 171.067 6.33558e-05
0.735 1.4382 0 172.069 6.25577e-05
0.735 1.4382 0 173.072 6.177e-05
0.735 1.4382 0 174.074 6.09927e-05
0.735 1.4382 0 175.077 6.02257e-05
0.735 1.4382 0 176.079 5.94687e-05
0.735 1.4382 0 177.082 5.87217e-05
0.735 1.4382 0 178.084 5.79845e-05
0.735 1.4382 0 179.087 5.7257e-05
0.735 1.4382 0 180.089 5.6539e-05
0.735 1.4382 0 181.092 5.58304e-05
0.735 1.4382 0 182.094 5.51311e-05
0.735 1.4382 0 183.096 5.4441e-05
0.735 1.4382 0 184.099 5.376e-05
0.735 1.4382 0 185.101 5.30878e-05
0.735 1.4382 0 186.104 5.24245e-05
0.735 1.4382 0 187.106 5.17698e-05
0.735 1.4382 0 188.109 5.11237e-05
0.735 1.4382 0 189.111 5.04861e-05
0.735 1.4382 0 190.114 4.98568e-05
0.735 1.4382 0 191.116 4.92357e-05
0.735 1.4382 0 192.119 4.86227e-05
0.735 1.4382 0 193.121 4.80178e-05
0.735 1.4382 0 194.124 4.74207e-05
0.735 1.4382 0 195.126 4.68315e-05
0.735 1.4382 0 196.129 4.62499e-05
0.735 1.4382 0 197.131 4.56759e-05
0.735 1.4382 0 198.133 4.51095e-05
0.735 1.4382 0 199.136 4.45504e-05
0.735 1.4382 0 200.138 4.39986e-05
0.735 1.4382 0 201.141 4.3454e-05
0.735 1.4382 0 202.143 4.29165e-05
0.735 1.4382 0 203.146 4.23859e-05
0.735 1.4382 0 204.148 4.18623e-05
0.735 1.4382 0 205.151 4.13456e-05
0.735 1.4382 0 206.153 4.08355e-05
0.735 1.4382 0 207.156 4.03321e-05
0.735 1.4382 0 208.158 3.98352e-05
0.735 1.4382 0 209.161 3.93448e-05
0.735 1.4382 0 210.163 3.88608e-05
0.735 1.4382 0 211.166 3.83831e-05
0.735 1.4382 0 212.168 3.79115e-05
0.735 1.4382 0 213.171 3.74461e-05
0.735 1.4382 0 214.173 3.69867e-05
0.735 1.4382 0 215.175 3.65333e-05
0.735 1.4382 0 216.178 3.60858e-05
0.735 1.4382 0 217.18 3.56441e-05
0.735 1.4382 0 218.183 3.52081e-05
0.735 1.4382 0 219.185 3.47777e-05
0.735 1.4382 0 220.188 3.43529e-05
0.735 1.4382 0 221.19 3.39337e-05
0.735 1.4382 0 222.193 3.35198e-05
0.735 1.4382 0 223.195 3.31113e-05
0.735 1.4382 0 224.198 3.27081e-05
0.735 1.4382 0 225.2 3.23101e-05
0.735 1.4382 0 226.203 3.19172e-05
0.735 1.4382 0 227.205 3.15294e-05
0.735 1.4382 0 228.208 3.11466e-05
0.735 1.4382 0 229.21 3.07687e-05
0.735 1.4382 0 230.212 3.03958e-05
0.735 1.4382 0 231.215 3.00276e-05
0.735 1.4382 0 232.217 2.96641e-05
0.735 1.4382 0 233.22 2.93054e-05
0.735 1.4382 0 234.222 2.89512e-05
0.735 1.4382 0 235.225 2.86017e-05
0.735 1.4382 0 236.227 2.82566e-05
0.735 1.4382 0 237.23 2.79159e-05
0.735 1.4382 0 238.232 2.75796e-05
0.735 1.4382 0 239.235 2.72476e-05
0.735 1.4382 0 240.237 2.69199e-05
0.735 1.4382 0 241.24 2.65964e-05
0.735 1.4382 0 242.242 2.6277e-05
0.735 1.4382 0 243.245 2.59617e-05
0.735 1.4382 0 244.247 2.56505e-05
0.735 1.4382 0 245.25 2.53432e-05
0.735 1.4382 0 246.252 2.50399e-05
0.735 1.4382 0 247.254 2.47404e-05
0.735 1.4382 0 248.257 2.44447e-05
0.735 1.4382 0 249.259 2.41529e-05
0.735 1.4382 0 250.262 2.38647e-05
0.735 1.4382 0 251.264 2.35802e-05
0.735 1.4382 0 252.267 2.32993e-05
0.735 1.4382 0 253.269 2.3022e-05
0.735 1.4382 0 254.272 2.27483e-05
0.735 1.4382 0 255.274 2.2478e-05
0.735 1.4382 0 256.277 2.22111e-05
0.735 1.4382 0 257.279 2.19476e-05
0.735 1.4382 0 258.282 2.16875e-05
0.735 1.4382 0 259.284 2.14307e-05
0.735 1.4382 0 260.287 2.11771e-05
0.735 1.4382 0 261.289 2.09267e-05
0.735 1.4382 0 262.291 2.06795e-05
0.735 1.4382 0 263.294 2.04354e-05
0.735 1.4382 0 264.296 2.01944e-05
0.735 1.4382 0 265.299 1.99564e-05
0.735 1.4382 0 266.301 1.97215e-05
0.735 1.4382 0 267.304 1.94895e-05
0.735 1.4382 0 268.306 1.92604e-05
0.735 1.4382 0 269.309 1.90342e-05
0.735 1.4382 0 270.311 1.88108e-05
0.735 1.4382 0 271.314 1.85903e-05
0.735 1.4382 0 272.316 1.83725e-05
0.735 1.4382 0 273.319 1.81574e-05
0.735 1.4382 0 274.321 1.79451e-05
0.735 1.4382 0 275.324 1.77354e-05
0.735 1.4382 0 276.326 1.75283e-05
0.735 1.4382 0 277.329 1.73238e-05
0.735 1.4382 0 278.331 1.71219e-05
0.735 1.4382 0 279.333 1.69225e-05
0.735 1.4382 0 280.336 1.67255e-05
0.735 1.4382 0 281.338 1.65311e-05
0.735 1.4382 0 282.341 1.6339e-05
0.735 1.4382 0 283.343 1.61493e-05
0.735 1.4382 0 284.346 1.5962e-05
0.735 1.4382 0 285.348 1.57771e-05
0.735 1.4382 0 286.351 1.55944e-05
0.735 1.4382 0 287.353 1.5414e-05
0.735 1.4382 0 288.356 1.52358e-05
0.735 1.4382 0 289.358 1.50598e-05
0.735 1.4382 0 290.361 1.4886e-05
0.735 1.4382 0 291.363 1.47144e-05
0.735 1.4382 0 292.366 1.45449e-05
0.735 1.4382 0 293.368 1.43774e-05
0.735 1.4382 0 294.37 1.42121e-05
0.735 1.4382 0 295.373 1.40487e-05
0.735 1.4382 0 296.375 1.38874e-05
0.735 1.4382 0 297.378 1.37281e-05
0.735 1.4382 0 298.38 1.35707e-05
0.735 1.4382 0 299.383 1.34153e-05
0.735 1.4382 0 300.385 1.32617e-05
0.735 1.4382 0 301.388 1.31101e-05
0.735 1.4382 0 302.39 1.29603e-05
0.735 1.4382 0 303.393 1.28123e-05
0.735 1.4382 0 304.395 1.26662e-05
0.735 1.4382 0 305.398 1.25218e-05
0.735 1.4382 0 306.4 1.23792e-05
0.735 1.4382 0 307.403 1.22383e-05
0.735 1.4382 0 308.405 1.20992e-05
0.735 1.4382 0 309.408 1.19617e-05
0.735 1.4382 0 310.41 1.18259e-05
0.735 1.4382 0 311.412 1.16918e-05
0.735 1.4382 0 312.415 1.15593e-05
0.735 1.4382 0 313.417 1.14284e-05
0.735 1.4382 0 314.42 1.12991e-05
0.735 1.4382 0 315.422 1.11713e-05
0.735 1.4382 0 316.425 1.10452e-05
0.735 1.4382 0 317.427 1.09205e-05
0.735 1.4382 0 318.43 1.07973e-05
0.735 1.4382 0 319.432 1.06756e-05
0.735 1.4382 0 320.435 1.05554e-05
0.735 1.4382 0 321.437 1.04367e-05
0.735 1.4382 0 322.44 1.03193e-05
0.735 1.4382 0 323.442 1.02034e-05
0.735 1.4382 0 324.445 1.00889e-05
0.735 1.4382 0 325.447 9.97574e-06
0.735 1.4382 0 326.449 9.86395e-06
0.735 1.4382 0 327.452 9.75349e-06
0.735 1.4382 0 328.454 9.64436e-06
0.735 1.4382 0 329.457 9.53654e-06
0.735 1.4382 0 330.459 9.43e-06
0.735 1.4382 0 331.462 9.32474e-06
0.735 1.4382 0 332.464 9.22073e-06
0.735 1.4382 0 333.467 9.11797e-06
0.735 1.4382 0 334.469 9.01643e-06
0.735 1.4382 0 335.472 8.91609e-06
0.735 1.4382 0 336.474 8.81696e-06
0.735 1.4382 0 337.477 8.71899e-06
0.735 1.4382 0 338.479 8.6222e-06
0.735 1.4382 0 339.482 8.52655e-06
0.735 1.4382 0 340.484 8.43203e-06
0.735 1.4382 0 341.487 8.33863e-06
0.735 1.4382 0 342.489 8.24634e-06
0.735 1.4382 0 343.491 8.15514e-06
0.735 1.4382 0 344.494 8.06502e-06
0.735 1.4382 0 345.496 7.97596e-06
0.735 1.4382 0 346.499 7.88795e-06
0.735 1.4382 0 347.501 7.80098e-06
0.735 1.4382 0 348.504 7.71503e-06
0.735 1.4382 0 349.506 7.6301e-06
0.735 1.4382 0 350.509 7.54616e-06
0.735 1.4382 0 351.511 7.4632e-06
0.735 1.4382 0 352.514 7.38122e-06
0.735 1.4382 0 353.516 7.3002e-06
0.735 1.4382 0 354.519 7.22013e-06
0.735 1.4382 0 355.521 7.141e-06
0.735 1.4382 0 356.524 7.06279e-06
0.735 1.4382 0 357.526 6.98549e-06
0.735 1.4382 0 358.528 6.9091e-06
0.735 1.4382 0 359.531 6.8336e-06
0.735 1.4382 0 360.533 6.75898e-06
0.735 1.4382 0 361.536 6.68522e-06
0.735 1.4382 0 362.538 6.61233e-06
0.735 1.4382 0 363.541 6.54028e-06
0.735 1.4382 0 364.543 6.46907e-06
0.735 1.4382 0 365.546 6.39868e-06
0.735 1.4382 0 366.548 6.32911e-06
0.735 1.4382 0 367.551 6.26035e-06
0.735 1.4382 0 368.553 6.19238e-06
0.735 1.4382 0 369.556 6.1252e-06
0.735 1.4382 0 370.558 6.05879e-06
0.735 1.4382 0 371.561 5.99315e-06
0.735 1.4382 0 372.563 5.92827e-06
0.735 1.4382 0 373.566 5.86413e-06
0.735 1.4382 0 374.568 5.80074e-06
0.735 1.4382 0 375.57 5.73807e-06
0.735 1.4382 0 376.573 5.67612e-06
0.735 1.4382 0 377.575 5.61489e-06
0.735 1.4382 0 378.578 5.55436e-06
0.735 1.4382 0 379.58 5.49452e-06
0.735 1.4382 0 380.583 5.43537e-06
0.735 1.4382 0 381.585 5.37689e-06
0.735 1.4382 0 382.588 5.31908e-06
0.735 1.4382 0 383.59 5.26194e-06
0.735 1.4382 0 384.593 5.20545e-06
0.735 1.4382 0 385.595 5.1496e-06
0.735 1.4382 0 386.598 5.09439e-06
0.735 1.4382 0 387.6 5.0398e-06
0.735 1.4382 0 388.603 4.98584e-06
0.735 1.4382 0 389.605 4.9325e-06
0.735 1.4382 0 390.607 4.87975e-06
0.735 1.4382 0 391.61 4.82761e-06
0.735 1.4382 0 392.612 4.77606e-06
0.735 1.4382 0 393.615 4.7251e-06
0.735 1.4382 0 394.617 4.67471e-06
0.735 1.4382 0 395.62 4.62489e-06
0.735 1.4382 0 396.622 4.57564e-06
0.735 1.4382 0 397.625 4.52694e-06
0.735 1.4382 0 398.627 4.47879e-06
0.735 1.4382 0 399.63 4.43118e-06
0.735 1.4382 0 400.632 4.38412e-06
0.735 1.4382 0 401.635 4.33758e-06
0.735 1.4382 0 402.637 4.29157e-06
0.735 1.4382 0 403.64 4.24607e-06
0.735 1.4382 0 404.642 4.20108e-06
0.735 1.4382 0 405.645 4.1566e-06
0.735 1.4382 0 406.647 4.11262e-06
0.735 1.4382 0 407.649 4.06914e-06
0.735 1.4382 0 408.652 4.02614e-06
0.735 1.4382 0 409.654 3.98362e-06
0.735 1.4382 0 410.657 3.94158e-06
0.735 1.4382 0 411.659 3.9e-06
0.735 1.4382 0 412.662 3.85889e-06
0.735 1.4382 0 413.664 3.81825e-06
0.735 1.4382 0 414.667 3.77805e-06
0.735 1.4382 0 415.669 3.7383e-06
0.735 1.4382 0 416.672 3.699e-06
0.735 1.4382 0 417.674 3.66013e-06
0.735 1.4382 0 418.677 3.62169e-06
0.735 1.4382 0 419.679 3.58368e-06
0.735 1.4382 0 420.682 3.5461e-06
0.735 1.4382 0 421.684 3.50893e-06
0.735 1.4382 0 422.686 3.47217e-06
0.735 1.4382 0 423.689 3.43582e-06
0.735 1.4382 0 424.691 3.39987e-06
0.735 1.4382 0 425.694 3.36432e-06
0.735 1.4382 0 426.696 3.32916e-06
0.735 1.4382 0 427.699 3.29439e-06
0.735 1.4382 0 428.701 3.26001e-06
0.735 1.4382 0 429.704 3.226e-06
0.735 1.4382 0 430.706 3.19237e-06
0.735 1.4382 0 431.709 3.15911e-06
0.735 1.4382 0 432.711 3.12621e-06
0.735 1.4382 0 433.714 3.09368e-06
0.735 1.4382 0 434.716 3.0615e-06
0.735 1.4382 0 435.719 3.02968e-06
0.735 1.4382 0 436.721 2.99821e-06
0.735 1.4382 0 437.724 2.96708e-06
0.735 1.4382 0 438.726 2.93629e-06
0.735 1.4382 0 439.728 2.90584e-06
0.735 1.4382 0 440.731 2.87573e-06
0.735 1.4382 0 441.733 2.84594e-06
0.735 1.4382 0 442.736 2.81648e-06
0.735 1.4382 0 443.738 2.78734e-06
0.735 1.4382 0 444.741 2.75852e-06
0.735 1.4382 0 445.743 2.73001e-06
0.735 1.4382 0 446.746 2.70181e-06
0.735 1.4382 0 447.748 2.67392e-06
0.735 1.4382 0 448.751 2.64633e-06
0.735 1.4382 0 449.753 2.61905e-06
0.735 1.4382 0 450.756 2.59206e-06
0.735 1.4382 0 451.758 2.56536e-06
0.735 1.4382 0 452.761 2.53895e-06
0.735 1.4382 0 453.763 2.51283e-06
0.735 1.4382 0 454.765 2.48699e-06
0.735 1.4382 0 455.768 2.46143e-06
0.735 1.4382 0 456.77 2.43615e-06
0.735 1.4382 0 457.773 2.41114e-06
0.735 1.4382 0 458.775 2.3864e-06
0.735 1.4382 0 459.778 2.36193e-06
0.735 1.4382 0 460.78 2.33773e-06
0.735 1.4382 0 461.783 2.31378e-06
0.735 1.4382 0 462.785 2.29009e-06
0.735 1.4382 0 463.788 2.26666e-06
0.735 1.4382 0 464.79 2.24348e-06
0.735 1.4382 0 465.793 2.22055e-06
0.735 1.4382 0 466.795 2.19786e-06
0.735 1.4382 0 467.798 2.17542e-06
0.735 1.4382 0 468.8 2.15322e-06
0.735 1.4382 0 469.803 2.13126e-06
0.735 1.4382 0 470.805 2.10953e-06
0.735 1.4382 0 471.807 2.08804e-06
0.735 1.4382 0 472.81 2.06677e-06
0.735 1.4382 0 473.812 2.04574e-06
0.735 1.4382 0 474.815 2.02493e-06
0.735 1.4382 0 475.817 2.00434e-06
0.735 1.4382 0 476.82 1.98397e-06
0.735 1.4382 0 477.822 1.96382e-06
0.735 1.4382 0 478.825 1.94388e-06
0.735 1.4382 0 479.827 1.92416e-06
0.735 1.4382 0 480.83 1.90464e-06
0.735 1.4382 0 481.832 1.88534e-06
0.735 1.4382 0 482.835 1.86624e-06
0.735 1.4382 0 483.837 1.84734e-06
0.735 1.4382 0 484.84 1.82864e-06
0.735 1.4382 0 485.842 1.81014e-06
0.735 1.4382 0 486.844 1.79184e-06
0.735 1.4382 0 487.847 1.77373e-06
0.735 1.4382 0 488.849 1.75582e-06
0.735 1.4382 0 489.852 1.73809e-06
0.735 1.4382 0 490.854 1.72055e-06
0.735 1.4382 0 491.857 1.7032e-06
0.735 1.4382 0 492.859 1.68603e-06
0.735 1.4382 0 493.862 1.66904e-06
0.735 1.4382 0 494.864 1.65223e-06
0.735 1.4382 0 495.867 1.6356e-06
0.735 1.4382 0 496.869 1.61914e-06
0.735 1.4382 0 497.872 1.60286e-06
0.735 1.4382 0 498.874 1.58675e-06
0.735 1.4382 0 499.877 1.57081e-06
0.735 1.4382 0 500.879 1.55503e-06
0.735 1.4382 0 501.882 1.53942e-06
0.735 1.4382 0 502.884 1.52398e-06
0.735 1.4382 0 503.886 1.5087e-06
0.735 1.4382 0 504.889 1.49358e-06
0.735 1.4382 0 505.891 1.47861e-06
0.735 1.4382 0 506.894 1.46381e-06
0.735 1.4382 0 507.896 1.44916e-06
0.735 1.4382 0 508.899 1.43466e-06
0.735 1.4382 0 509.901 1.42031e-06
0.735 1.4382 0 510.904 1.40612e-06
0.735 1.4382 0 511.906 1.39207e-06
0.735 1.4382 0 512.909 1.37817e-06
0.735 1.4382 0 513.911 1.36441e-06
0.735 1.4382 0 514.914 1.3508e-06
0.735 1.4382 0 515.916 1.33733e-06
0.735 1.4382 0 516.919 1.324e-06
0.735 1.4382 0 517.921 1.31081e-06
0.735 1.4382 0 518.923 1.29776e-06
0.735 1.4382 0 519.926 1.28484e-06
0.735 1.4382 0 520.928 1.27206e-06
0.735 1.4382 0 521.931 1.25941e-06
0.735 1.4382 0 522.933 1.24689e-06
0.735 1.4382 0 523.936 1.2345e-06
0.735 1.4382 0 524.938 1.22224e-06
0.735 1.4382 0 525.941 1.21011e-06
0.735 1.4382 0 526.943 1.1981e-06
0.735 1.4382 0 527.946 1.18622e-06
0.735 1.4382 0 528.948 1.17446e-06
0.735 1.4382 0 529.951 1.16282e-06
0.735 1.4382 0 530.953 1.1513e-06
0.735 1.4382 0 531.956 1.1399e-06
0.735 1.4382 0 532.958 1.12862e-06
0.735 1.4382 0 533.961 1.11746e-06
0.735 1.4382 0 534.963 1.10641e-06
0.735 1.4382 0 535.965 1.09547e-06
0.735 1.4382 0 536.968 1.08465e-06
0.735 1.4382 0 537.97 1.07394e-06
0.735 1.4382 0 538.973 1.06334e-06
0.735 1.4382 0 539.975 1.05285e-06
0.735 1.4382 0 540.978 1.04246e-06
0.735 1.4382 0 541.98 1.03219e-06
0.735 1.4382 0 542.983 1.02201e-06
0.735 1.4382 0 543.985 1.01195e-06
0.735 1.4382 0 544.988 1.00198e-06
0.735 1.4382 0 545.99 9.92122e-07
0.735 1.4382 0 546.993 9.82362e-07
0.735 1.4382 0 547.995 9.72702e-07
0.735 1.4382 0 548.998 9.6314e-07
0.735 1.4382 0 550 9.53677e-07
