2.22 1.4382 0 150.015 9.6384e-06
2.22 1.4382 0 151.017 1.66363e-05
2.22 1.4382 0 152.02 1.73119e-05
2.22 1.4382 0 153.022 1.65873e-05
2.22 1.4382 0 154.025 1.57578e-05
2.22 1.4382 0 155.027 1.49724e-05
2.22 1.4382 0 156.03 1.42413e-05
2.22 1.4382 0 157.032 1.35609e-05
2.22 1.4382 0 158.035 1.29267e-05
2.22 1.4382 0 159.037 1.2335e-05
2.22 1.4382 0 160.04 1.17822e-05
2.22 1.4382 0 161.042 1.12652e-05
2.22 1.4382 0 162.045 1.07812e-05
2.22 1.4382 0 163.047 1.03276e-05
2.22 1.4382 0 164.05 9.90214e-06
2.22 1.4382 0 165.052 9.50264e-06
2.22 1.4382 0 166.054 9.12715e-06
2.22 1.4382 0 167.057 8.77386e-06
2.22 1.4382 0 168.059 8.44112e-06
2.22 1.4382 0 169.062 8.1274e-06
2.22 1.4382 0 170.064 7.83131e-06
2.22 1.4382 0 171.067 7.55156e-06
2.22 1.4382 0 172.069 7.28696e-06
2.22 1.4382 0 173.072 7.03643e-06
2.22 1.4382 0 174.074 6.79894e-06
2.22 1.4382 0 175.077 6.57359e-06
2.22 1.4382 0 176.079 6.35951e-06
2.22 1.4382 0 177.082 6.15591e-06
2.22 1.4382 0 178.084 5.96207e-06
2.22 1.4382 0 179.087 5.77732e-06
2.22 1.4382 0 180.089 5.60105e-06
2.22 1.4382 0 181.092 5.43268e-06
2.22 1.4382 0 182.094 5.27169e-06
2.22 1.4382 0 183.096 5.11759e-06
2.22 1.4382 0 184.099 4.96994e-06
2.22 1.4382 0 185.101 4.82833e-06
2.22 1.4382 0 186.104 4.69238e-06
2.22 1.4382 0 187.106 4.56174e-06
2.22 1.4382 0 188.109 4.43608e-06
2.22 1.4382 0 189.111 4.3151e-06
2.22 1.4382 0 190.114 4.19853e-06
2.22 1.4382 0 191.116 4.08611e-06
2.22 1.4382 0 192.119 3.97761e-06
2.22 1.4382 0 193.121 3.87281e-06
2.22 1.4382 0 194.124 3.77151e-06
2.22 1.4382 0 195.126 3.67351e-06
2.22 1.4382 0 196.129 3.57866e-06
2.22 1.4382 0 197.131 3.48679e-06
2.22 1.4382 0 198.133 3.39774e-06
2.22 1.4382 0 199.136 3.31139e-06
2.22 1.4382 0 200.138 3.2276e-06
2.22 1.4382 0 201.141 3.14626e-06
2.22 1.4382 0 202.143 3.06725e-06
2.22 1.4382 0 203.146 2.99048e-06
2.22 1.4382 0 204.148 2.91585e-06
2.22 1.4382 0 205.151 2.84327e-06
2.22 1.4382 0 206.153 2.77266e-06
2.22 1.4382 0 207.156 2.70393e-06
2.22 1.4382 0 208.158 2.63703e-06
2.22 1.4382 0 209.161 2.57187e-06
2.22 1.4382 0 210.163 2.5084e-06
2.22 1.4382 0 211.166 2.44655e-06
2.22 1.4382 0 212.168 2.38628e-06
2.22 1.4382 0 213.171 2.32752e-06
2.22 1.4382 0 214.173 2.27024e-06
2.22 1.4382 0 215.175 2.21437e-06
2.22 1.4382 0 216.178 2.15989e-06
2.22 1.4382 0 217.18 2.10673e-06
2.22 1.4382 0 218.183 2.05488e-06
2.22 1.4382 0 219.185 2.00428e-06
2.22 1.4382 0 220.188 1.95491e-06
2.22 1.4382 0 221.19 1.90673e-06
2.22 1.4382 0 222.193 1.8597e-06
2.22 1.4382 0 223.195 1.8138e-06
2.22 1.4382 0 224.198 1.769e-06
2.22 1.4382 0 225.2 1.72526e-06
2.22 1.4382 0 226.203 1.68256e-06
2.22 1.4382 0 227.205 1.64088e-06
2.22 1.4382 0 228.208 1.60019e-06
2.22 1.4382 0 229.21 1.56046e-06
2.22 1.4382 0 230.212 1.52167e-06
2.22 1.4382 0 231.215 1.48381e-06
2.22 1.4382 0 232.217 1.44684e-06
2.22 1.4382 0 233.22 1.41075e-06
2.22 1.4382 0 234.222 1.37551e-06
2.22 1.4382 0 235.225 1.34111e-06
2.22 1.4382 0 236.227 1.30752e-06
2.22 1.4382 0 237.23 1.27474e-06
2.22 1.4382 0 238.232 1.24273e-06
2.22 1.4382 0 239.235 1.21149e-06
2.22 1.4382 0 240.237 1.18099e-06
2.22 1.4382 0 241.24 1.15122e-06
2.22 1.4382 0 242.242 1.12217e-06
2.22 1.4382 0 243.245 1.09381e-06
2.22 1.4382 0 244.247 1.06613e-06
2.22 1.4382 0 245.25 1.03911e-06
2.22 1.4382 0 246.252 1.01275e-06
2.22 1.4382 0 247.254 9.87018e-07
2.22 1.4382 0 248.257 9.61911e-07
2.22 1.4382 0 249.259 9.37413e-07
2.22 1.4382 0 250.262 9.13508e-07
2.22 1.4382 0 251.264 8.90185e-07
2.22 1.4382 0 252.267 8.67429e-07
2.22 1.4382 0 253.269 8.45229e-07
2.22 1.4382 0 254.272 8.23572e-07
2.22 1.4382 0 255.274 8.02444e-07
2.22 1.4382 0 256.277 7.81836e-07
2.22 1.4382 0 257.279 7.61734e-07
2.22 1.4382 0 258.282 7.42128e-07
2.22 1.4382 0 259.284 7.23005e-07
2.22 1.4382 0 260.287 7.04355e-07
2.22 1.4382 0 261.289 6.86168e-07
2.22 1.4382 0 262.291 6.68432e-07
2.22 1.4382 0 263.294 6.51137e-07
2.22 1.4382 0 264.296 6.34273e-07
2.22 1.4382 0 265.299 6.17831e-07
2.22 1.4382 0 266.301 6.01799e-07
2.22 1.4382 0 267.304 5.86169e-07
2.22 1.4382 0 268.306 5.70932e-07
2.22 1.4382 0 269.309 5.56077e-07
2.22 1.4382 0 270.311 5.41597e-07
2.22 1.4382 0 271.314 5.27482e-07
2.22 1.4382 0 272.316 5.13724e-07
2.22 1.4382 0 273.319 5.00314e-07
2.22 1.4382 0 274.321 4.87244e-07
2.22 1.4382 0 275.324 4.74506e-07
2.22 1.4382 0 276.326 4.62092e-07
2.22 1.4382 0 277.329 4.49994e-07
2.22 1.4382 0 278.331 4.38205e-07
2.22 1.4382 0 279.333 4.26717e-07
2.22 1.4382 0 280.336 4.15523e-07
2.22 1.4382 0 281.338 4.04616e-07
2.22 1.4382 0 282.341 3.93988e-07
2.22 1.4382 0 283.343 3.83634e-07
2.22 1.4382 0 284.346 3.73545e-07
2.22 1.4382 0 285.348 3.63717e-07
2.22 1.4382 0 286.351 3.54142e-07
2.22 1.4382 0 287.353 3.44815e-07
2.22 1.4382 0 288.356 3.35728e-07
2.22 1.4382 0 289.358 3.26877e-07
2.22 1.4382 0 290.361 3.18255e-07
2.22 1.4382 0 291.363 3.09856e-07
2.22 1.4382 0 292.366 3.01676e-07
2.22 1.4382 0 293.368 2.93709e-07
2.22 1.4382 0 294.37 2.85948e-07
2.22 1.4382 0 295.373 2.7839e-07
2.22 1.4382 0 296.375 2.71029e-07
2.22 1.4382 0 297.378 2.6386e-07
2.22 1.4382 0 298.38 2.56878e-07
2.22 1.4382 0 299.383 2.50079e-07
2.22 1.4382 0 300.385 2.43458e-07
2.22 1.4382 0 301.388 2.3701e-07
2.22 1.4382 0 302.39 2.30731e-07
2.22 1.4382 0 303.393 2.24617e-07
2.22 1.4382 0 304.395 2.18664e-07
2.22 1.4382 0 305.398 2.12867e-07
2.22 1.4382 0 306.4 2.07222e-07
2.22 1.4382 0 307.403 2.01726e-07
2.22 1.4382 0 308.405 1.96374e-07
2.22 1.4382 0 309.408 1.91163e-07
2.22 1.4382 0 310.41 1.8609e-07
2.22 1.4382 0 311.412 1.81151e-07
2.22 1.4382 0 312.415 1.76342e-07
2.22 1.4382 0 313.417 1.7166e-07
2.22 1.4382 0 314.42 1.67102e-07
2.22 1.4382 0 315.422 1.62664e-07
2.22 1.4382 0 316.425 1.58344e-07
2.22 1.4382 0 317.427 1.54138e-07
2.22 1.4382 0 318.43 1.50043e-07
2.22 1.4382 0 319.432 1.46057e-07
2.22 1.4382 0 320.435 1.42176e-07
2.22 1.4382 0 321.437 1.38399e-07
2.22 1.4382 0 322.44 1.34721e-07
2.22 1.4382 0 323.442 1.31141e-07
2.22 1.4382 0 324.445 1.27657e-07
2.22 1.4382 0 325.447 1.24264e-07
2.22 1.4382 0 326.449 1.20962e-07
2.22 1.4382 0 327.452 1.17748e-07
2.22 1.4382 0 328.454 1.14619e-07
2.22 1.4382 0 329.457 1.11573e-07
2.22 1.4382 0 330.459 1.08608e-07
2.22 1.4382 0 331.462 1.05722e-07
2.22 1.4382 0 332.464 1.02913e-07
2.22 1.4382 0 333.467 1.00178e-07
2.22 1.4382 0 334.469 9.75169e-08
2.22 1.4382 0 335.472 9.49262e-08
2.22 1.4382 0 336.474 9.24044e-08
2.22 1.4382 0 337.477 8.99499e-08
2.22 1.4382 0 338.479 8.75607e-08
2.22 1.4382 0 339.482 8.52352e-08
2.22 1.4382 0 340.484 8.29717e-08
2.22 1.4382 0 341.487 8.07685e-08
2.22 1.4382 0 342.489 7.8624e-08
2.22 1.4382 0 343.491 7.65367e-08
2.22 1.4382 0 344.494 7.45051e-08
2.22 1.4382 0 345.496 7.25276e-08
2.22 1.4382 0 346.499 7.06029e-08
2.22 1.4382 0 347.501 6.87295e-08
2.22 1.4382 0 348.504 6.6906e-08
2.22 1.4382 0 349.506 6.51312e-08
2.22 1.4382 0 350.509 6.34037e-08
2.22 1.4382 0 351.511 6.17223e-08
2.22 1.4382 0 352.514 6.00858e-08
2.22 1.4382 0 353.516 5.84929e-08
2.22 1.4382 0 354.519 5.69425e-08
2.22 1.4382 0 355.521 5.54334e-08
2.22 1.4382 0 356.524 5.39646e-08
2.22 1.4382 0 357.526 5.2535e-08
2.22 1.4382 0 358.528 5.11435e-08
2.22 1.4382 0 359.531 4.97891e-08
2.22 1.4382 0 360.533 4.84708e-08
2.22 1.4382 0 361.536 4.71877e-08
2.22 1.4382 0 362.538 4.59389e-08
2.22 1.4382 0 363.541 4.47233e-08
2.22 1.4382 0 364.543 4.35401e-08
2.22 1.4382 0 365.546 4.23885e-08
2.22 1.4382 0 366.548 4.12675e-08
2.22 1.4382 0 367.551 4.01765e-08
2.22 1.4382 0 368.553 3.91145e-08
2.22 1.4382 0 369.556 3.80808e-08
2.22 1.4382 0 370.558 3.70747e-08
2.22 1.4382 0 371.561 3.60954e-08
2.22 1.4382 0 372.563 3.51422e-08
2.22 1.4382 0 373.566 3.42143e-08
2.22 1.4382 0 374.568 3.33112e-08
2.22 1.4382 0 375.57 3.24321e-08
2.22 1.4382 0 376.573 3.15764e-08
2.22 1.4382 0 377.575 3.07435e-08
2.22 1.4382 0 378.578 2.99328e-08
2.22 1.4382 0 379.58 2.91437e-08
2.22 1.4382 0 380.583 2.83755e-08
2.22 1.4382 0 381.585 2.76278e-08
2.22 1.4382 0 382.588 2.69e-08
2.22 1.4382 0 383.59 2.61915e-08
2.22 1.4382 0 384.593 2.55018e-08
2.22 1.4382 0 385.595 2.48305e-08
2.22 1.4382 0 386.598 2.41771e-08
2.22 1.4382 0 387.6 2.3541e-08
2.22 1.4382 0 388.603 2.29218e-08
2.22 1.4382 0 389.605 2.2319e-08
2.22 1.4382 0 390.607 2.17323e-08
2.22 1.4382 0 391.61 2.11611e-08
2.22 1.4382 0 392.612 2.06051e-08
2.22 1.4382 0 393.615 2.00639e-08
2.22 1.4382 0 394.617 1.9537e-08
2.22 1.4382 0 395.62 1.90241e-08
2.22 1.4382 0 396.622 1.85248e-08
2.22 1.4382 0 397.625 1.80387e-08
2.22 1.4382 0 398.627 1.75656e-08
2.22 1.4382 0 399.63 1.71049e-08
2.22 1.4382 0 400.632 1.66565e-08
2.22 1.4382 0 401.635 1.62199e-08
2.22 1.4382 0 402.637 1.57949e-08
2.22 1.4382 0 403.64 1.53812e-08
2.22 1.4382 0 404.642 1.49784e-08
2.22 1.4382 0 405.645 1.45863e-08
2.22 1.4382 0 406.647 1.42045e-08
2.22 1.4382 0 407.649 1.38329e-08
2.22 1.4382 0 408.652 1.3471e-08
2.22 1.4382 0 409.654 1.31188e-08
2.22 1.4382 0 410.657 1.27758e-08
2.22 1.4382 0 411.659 1.24419e-08
2.22 1.4382 0 412.662 1.21169e-08
2.22 1.4382 0 413.664 1.18004e-08
2.22 1.4382 0 414.667 1.14922e-08
2.22 1.4382 0 415.669 1.11922e-08
2.22 1.4382 0 416.672 1.09002e-08
2.22 1.4382 0 417.674 1.06158e-08
2.22 1.4382 0 418.677 1.03389e-08
2.22 1.4382 0 419.679 1.00693e-08
2.22 1.4382 0 420.682 9.80685e-09
2.22 1.4382 0 421.684 9.5513e-09
2.22 1.4382 0 422.686 9.30247e-09
2.22 1.4382 0 423.689 9.0602e-09
2.22 1.4382 0 424.691 8.82431e-09
2.22 1.4382 0 425.694 8.59462e-09
2.22 1.4382 0 426.696 8.37098e-09
2.22 1.4382 0 427.699 8.15322e-09
2.22 1.4382 0 428.701 7.94119e-09
2.22 1.4382 0 429.704 7.73473e-09
2.22 1.4382 0 430.706 7.5337e-09
2.22 1.4382 0 431.709 7.33795e-09
2.22 1.4382 0 432.711 7.14734e-09
2.22 1.4382 0 433.714 6.96174e-09
2.22 1.4382 0 434.716 6.78101e-09
2.22 1.4382 0 435.719 6.60502e-09
2.22 1.4382 0 436.721 6.43365e-09
2.22 1.4382 0 437.724 6.26677e-09
2.22 1.4382 0 438.726 6.10427e-09
2.22 1.4382 0 439.728 5.94603e-09
2.22 1.4382 0 440.731 5.79194e-09
2.22 1.4382 0 441.733 5.64188e-09
2.22 1.4382 0 442.736 5.49575e-09
2.22 1.4382 0 443.738 5.35345e-09
2.22 1.4382 0 444.741 5.21487e-09
2.22 1.4382 0 445.743 5.07992e-09
2.22 1.4382 0 446.746 4.9485e-09
2.22 1.4382 0 447.748 4.82052e-09
2.22 1.4382 0 448.751 4.69588e-09
2.22 1.4382 0 449.753 4.5745e-09
2.22 1.4382 0 450.756 4.45629e-09
2.22 1.4382 0 451.758 4.34117e-09
2.22 1.4382 0 452.761 4.22905e-09
2.22 1.4382 0 453.763 4.11986e-09
2.22 1.4382 0 454.765 4.01352e-09
2.22 1.4382 0 455.768 3.90996e-09
2.22 1.4382 0 456.77 3.80909e-09
2.22 1.4382 0 457.773 3.71085e-09
2.22 1.4382 0 458.775 3.61518e-09
2.22 1.4382 0 459.778 3.522e-09
2.22 1.4382 0 460.78 3.43124e-09
2.22 1.4382 0 461.783 3.34285e-09
2.22 1.4382 0 462.785 3.25676e-09
2.22 1.4382 0 463.788 3.17291e-09
2.22 1.4382 0 464.79 3.09124e-09
2.22 1.4382 0 465.793 3.0117e-09
2.22 1.4382 0 466.795 2.93422e-09
2.22 1.4382 0 467.798 2.85876e-09
2.22 1.4382 0 468.8 2.78526e-09
2.22 1.4382 0 469.803 2.71367e-09
2.22 1.4382 0 470.805 2.64394e-09
2.22 1.4382 0 471.807 2.57602e-09
2.22 1.4382 0 472.81 2.50986e-09
2.22 1.4382 0 473.812 2.44542e-09
2.22 1.4382 0 474.815 2.38265e-09
2.22 1.4382 0 475.817 2.3215e-09
2.22 1.4382 0 476.82 2.26195e-09
2.22 1.4382 0 477.822 2.20393e-09
2.22 1.4382 0 478.825 2.14742e-09
2.22 1.4382 0 479.827 2.09238e-09
2.22 1.4382 0 480.83 2.03875e-09
2.22 1.4382 0 481.832 1.98652e-09
2.22 1.4382 0 482.835 1.93564e-09
2.22 1.4382 0 483.837 1.88607e-09
2.22 1.4382 0 484.84 1.83779e-09
2.22 1.4382 0 485.842 1.79076e-09
2.22 1.4382 0 486.844 1.74494e-09
2.22 1.4382 0 487.847 1.7003e-09
2.22 1.4382 0 488.849 1.65682e-09
2.22 1.4382 0 489.852 1.61446e-09
2.22 1.4382 0 490.854 1.5732e-09
2.22 1.4382 0 491.857 1.533e-09
2.22 1.4382 0 492.859 1.49383e-09
2.22 1.4382 0 493.862 1.45568e-09
2.22 1.4382 0 494.864 1.41851e-09
2.22 1.4382 0 495.867 1.3823e-09
2.22 1.4382 0 496.869 1.34703e-09
2.22 1.4382 0 497.872 1.31266e-09
2.22 1.4382 0 498.874 1.27918e-09
2.22 1.4382 0 499.877 1.24656e-09
2.22 1.4382 0 500.879 1.21478e-09
2.22 1.4382 0 501.882 1.18382e-09
2.22 1.4382 0 502.884 1.15365e-09
2.22 1.4382 0 503.886 1.12426e-09
2.22 1.4382 0 504.889 1.09563e-09
2.22 1.4382 0 505.891 1.06773e-09
2.22 1.4382 0 506.894 1.04055e-09
2.22 1.4382 0 507.896 1.01407e-09
2.22 1.4382 0 508.899 9.88267e-10
2.22 1.4382 0 509.901 9.63128e-10
2.22 1.4382 0 510.904 9.38634e-10
2.22 1.4382 0 511.906 9.1477e-10
2.22 1.4382 0 512.909 8.91517e-10
2.22 1.4382 0 513.911 8.68861e-10
2.22 1.4382 0 514.914 8.46787e-10
2.22 1.4382 0 515.916 8.25278e-10
2.22 1.4382 0 516.919 8.04321e-10
2.22 1.4382 0 517.921 7.839e-10
2.22 1.4382 0 518.923 7.64003e-10
2.22 1.4382 0 519.926 7.44616e-10
2.22 1.4382 0 520.928 7.25725e-10
2.22 1.4382 0 521.931 7.07317e-10
2.22 1.4382 0 522.933 6.89381e-10
2.22 1.4382 0 523.936 6.71903e-10
2.22 1.4382 0 524.938 6.54873e-10
2.22 1.4382 0 525.941 6.38278e-10
2.22 1.4382 0 526.943 6.22107e-10
2.22 1.4382 0 527.946 6.0635e-10
2.22 1.4382 0 528.948 5.90995e-10
2.22 1.4382 0 529.951 5.76033e-10
2.22 1.4382 0 530.953 5.61453e-10
2.22 1.4382 0 531.956 5.47245e-10
2.22 1.4382 0 532.958 5.33399e-10
2.22 1.4382 0 533.961 5.19907e-10
2.22 1.4382 0 534.963 5.0676e-10
2.22 1.4382 0 535.965 4.93947e-10
2.22 1.4382 0 536.968 4.81462e-10
2.22 1.4382 0 537.97 4.69294e-10
2.22 1.4382 0 538.973 4.57437e-10
2.22 1.4382 0 539.975 4.45882e-10
2.22 1.4382 0 540.978 4.34621e-10
2.22 1.4382 0 541.98 4.23647e-10
2.22 1.4382 0 542.983 4.12952e-10
2.22 1.4382 0 543.985 4.0253e-10
2.22 1.4382 0 544.988 3.92373e-10
2.22 1.4382 0 545.99 3.82474e-10
2.22 1.4382 0 546.993 3.72828e-10
2.22 1.4382 0 547.995 3.63426e-10
2.22 1.4382 0 548.998 3.54264e-10
2.22 1.4382 0 550 3.45334e-10
