0.815 1.4382 0 150.015 8.91853e-07
0.815 1.4382 0 151.017 1.55647e-06
0.815 1.4382 0 152.02 1.65729e-06
0.815 1.4382 0 153.022 1.63374e-06
0.815 1.4382 0 154.025 1.60026e-06
0.815 1.4382 0 155.027 1.56892e-06
0.815 1.4382 0 156.03 1.54004e-06
0.815 1.4382 0 157.032 1.51306e-06
0.815 1.4382 0 158.035 1.48755e-06
0.815 1.4382 0 159.037 1.46325e-06
0.815 1.4382 0 160.04 1.43994e-06
0.815 1.4382 0 161.042 1.41749e-06
0.815 1.4382 0 162.045 1.3958e-06
0.815 1.4382 0 163.047 1.37477e-06
0.815 1.4382 0 164.05 1.35434e-06
0.815 1.4382 0 165.052 1.33447e-06
0.815 1.4382 0 166.054 1.3151e-06
0.815 1.4382 0 167.057 1.2962e-06
0.815 1.4382 0 168.059 1.27773e-06
0.815 1.4382 0 169.062 1.25969e-06
0.815 1.4382 0 170.064 1.24203e-06
0.815 1.4382 0 171.067 1.22474e-06
0.815 1.4382 0 172.069 1.2078e-06
0.815 1.4382 0 173.072 1.1912e-06
0.815 1.4382 0 174.074 1.17492e-06
0.815 1.4382 0 175.077 1.15894e-06
0.815 1.4382 0 176.079 1.14327e-06
0.815 1.4382 0 177.082 1.12788e-06
0.815 1.4382 0 178.084 1.11276e-06
0.815 1.4382 0 179.087 1.09791e-06
0.815 1.4382 0 180.089 1.08332e-06
0.815 1.4382 0 181.092 1.06897e-06
0.815 1.4382 0 182.094 1.05487e-06
0.815 1.4382 0 183.096 1.04101e-06
0.815 1.4382 0 184.099 1.02737e-06
0.815 1.4382 0 185.101 1.01396e-06
0.815 1.4382 0 186.104 1.00076e-06
0.815 1.4382 0 187.106 9.87774e-07
0.815 1.4382 0 188.109 9.74993e-07
0.815 1.4382 0 189.111 9.62413e-07
0.815 1.4382 0 190.114 9.50029e-07
0.815 1.4382 0 191.116 9.37837e-07
0.815 1.4382 0 192.119 9.25831e-07
0.815 1.4382 0 193.121 9.14009e-07
0.815 1.4382 0 194.124 9.02365e-07
0.815 1.4382 0 195.126 8.90896e-07
0.815 1.4382 0 196.129 8.79598e-07
0.815 1.4382 0 197.131 8.68468e-07
0.815 1.4382 0 198.133 8.57502e-07
0.815 1.4382 0 199.136 8.46698e-07
0.815 1.4382 0 200.138 8.3605e-07
0.815 1.4382 0 201.141 8.25558e-07
0.815 1.4382 0 202.143 8.15217e-07
0.815 1.4382 0 203.146 8.05024e-07
0.815 1.4382 0 204.148 7.94978e-07
0.815 1.4382 0 205.151 7.85074e-07
0.815 1.4382 0 206.153 7.75311e-07
0.815 1.4382 0 207.156 7.65686e-07
0.815 1.4382 0 208.158 7.56196e-07
0.815 1.4382 0 209.161 7.46839e-07
0.815 1.4382 0 210.163 7.37613e-07
0.815 1.4382 0 211.166 7.28514e-07
0.815 1.4382 0 212.168 7.19542e-07
0.815 1.4382 0 213.171 7.10694e-07
0.815 1.4382 0 214.173 7.01967e-07
0.815 1.4382 0 215.175 6.9336e-07
0.815 1.4382 0 216.178 6.8487e-07
0.815 1.4382 0 217.18 6.76496e-07
0.815 1.4382 0 218.183 6.68236e-07
0.815 1.4382 0 219.185 6.60088e-07
0.815 1.4382 0 220.188 6.52049e-07
0.815 1.4382 0 221.19 6.44119e-07
0.815 1.4382 0 222.193 6.36295e-07
0.815 1.4382 0 223.195 6.28576e-07
0.815 1.4382 0 224.198 6.20959e-07
0.815 1.4382 0 225.2 6.13445e-07
0.815 1.4382 0 226.203 6.0603e-07
0.815 1.4382 0 227.205 5.98713e-07
0.815 1.4382 0 228.208 5.91492e-07
0.815 1.4382 0 229.21 5.84367e-07
0.815 1.4382 0 230.212 5.77336e-07
0.815 1.4382 0 231.215 5.70397e-07
0.815 1.4382 0 232.217 5.63549e-07
0.815 1.4382 0 233.22 5.5679e-07
0.815 1.4382 0 234.222 5.50119e-07
0.815 1.4382 0 235.225 5.43535e-07
0.815 1.4382 0 236.227 5.37037e-07
0.815 1.4382 0 237.23 5.30622e-07
0.815 1.4382 0 238.232 5.24291e-07
0.815 1.4382 0 239.235 5.18041e-07
0.815 1.4382 0 240.237 5.11872e-07
0.815 1.4382 0 241.24 5.05782e-07
0.815 1.4382 0 242.242 4.9977e-07
0.815 1.4382 0 243.245 4.93835e-07
0.815 1.4382 0 244.247 4.87977e-07
0.815 1.4382 0 245.25 4.82192e-07
0.815 1.4382 0 246.252 4.76482e-07
0.815 1.4382 0 247.254 4.70844e-07
0.815 1.4382 0 248.257 4.65278e-07
0.815 1.4382 0 249.259 4.59783e-07
0.815 1.4382 0 250.262 4.54357e-07
0.815 1.4382 0 251.264 4.48999e-07
0.815 1.4382 0 252.267 4.43709e-07
0.815 1.4382 0 253.269 4.38486e-07
0.815 1.4382 0 254.272 4.33329e-07
0.815 1.4382 0 255.274 4.28236e-07
0.815 1.4382 0 256.277 4.23208e-07
0.815 1.4382 0 257.279 4.18242e-07
0.815 1.4382 0 258.282 4.13338e-07
0.815 1.4382 0 259.284 4.08496e-07
0.815 1.4382 0 260.287 4.03714e-07
0.815 1.4382 0 261.289 3.98992e-07
0.815 1.4382 0 262.291 3.94329e-07
0.815 1.4382 0 263.294 3.89723e-07
0.815 1.4382 0 264.296 3.85175e-07
0.815 1.4382 0 265.299 3.80683e-07
0.815 1.4382 0 266.301 3.76247e-07
0.815 1.4382 0 267.304 3.71866e-07
0.815 1.4382 0 268.306 3.67538e-07
0.815 1.4382 0 269.309 3.63265e-07
0.815 1.4382 0 270.311 3.59044e-07
0.815 1.4382 0 271.314 3.54874e-07
0.815 1.4382 0 272.316 3.50757e-07
0.815 1.4382 0 273.319 3.46689e-07
0.815 1.4382 0 274.321 3.42672e-07
0.815 1.4382 0 275.324 3.38704e-07
0.815 1.4382 0 276.326 3.34784e-07
0.815 1.4382 0 277.329 3.30913e-07
0.815 1.4382 0 278.331 3.27088e-07
0.815 1.4382 0 279.333 3.23311e-07
0.815 1.4382 0 280.336 3.19579e-07
0.815 1.4382 0 281.338 3.15893e-07
0.815 1.4382 0 282.341 3.12252e-07
0.815 1.4382 0 283.343 3.08655e-07
0.815 1.4382 0 284.346 3.05102e-07
0.815 1.4382 0 285.348 3.01592e-07
0.815 1.4382 0 286.351 2.98125e-07
0.815 1.4382 0 287.353 2.94699e-07
0.815 1.4382 0 288.356 2.91315e-07
0.815 1.4382 0 289.358 2.87972e-07
0.815 1.4382 0 290.361 2.84669e-07
0.815 1.4382 0 291.363 2.81407e-07
0.815 1.4382 0 292.366 2.78183e-07
0.815 1.4382 0 293.368 2.74998e-07
0.815 1.4382 0 294.37 2.71852e-07
0.815 1.4382 0 295.373 2.68744e-07
0.815 1.4382 0 296.375 2.65673e-07
0.815 1.4382 0 297.378 2.62638e-07
0.815 1.4382 0 298.38 2.59641e-07
0.815 1.4382 0 299.383 2.56679e-07
0.815 1.4382 0 300.385 2.53752e-07
0.815 1.4382 0 301.388 2.50861e-07
0.815 1.4382 0 302.39 2.48004e-07
0.815 1.4382 0 303.393 2.45182e-07
0.815 1.4382 0 304.395 2.42393e-07
0.815 1.4382 0 305.398 2.39637e-07
0.815 1.4382 0 306.4 2.36914e-07
0.815 1.4382 0 307.403 2.34224e-07
0.815 1.4382 0 308.405 2.31565e-07
0.815 1.4382 0 309.408 2.28939e-07
0.815 1.4382 0 310.41 2.26343e-07
0.815 1.4382 0 311.412 2.23779e-07
0.815 1.4382 0 312.415 2.21244e-07
0.815 1.4382 0 313.417 2.1874e-07
0.815 1.4382 0 314.42 2.16266e-07
0.815 1.4382 0 315.422 2.13821e-07
0.815 1.4382 0 316.425 2.11404e-07
0.815 1.4382 0 317.427 2.09017e-07
0.815 1.4382 0 318.43 2.06657e-07
0.815 1.4382 0 319.432 2.04326e-07
0.815 1.4382 0 320.435 2.02022e-07
0.815 1.4382 0 321.437 1.99745e-07
0.815 1.4382 0 322.44 1.97495e-07
0.815 1.4382 0 323.442 1.95271e-07
0.815 1.4382 0 324.445 1.93074e-07
0.815 1.4382 0 325.447 1.90902e-07
0.815 1.4382 0 326.449 1.88756e-07
0.815 1.4382 0 327.452 1.86635e-07
0.815 1.4382 0 328.454 1.84539e-07
0.815 1.4382 0 329.457 1.82468e-07
0.815 1.4382 0 330.459 1.80421e-07
0.815 1.4382 0 331.462 1.78398e-07
0.815 1.4382 0 332.464 1.76399e-07
0.815 1.4382 0 333.467 1.74423e-07
0.815 1.4382 0 334.469 1.7247e-07
0.815 1.4382 0 335.472 1.7054e-07
0.815 1.4382 0 336.474 1.68632e-07
0.815 1.4382 0 337.477 1.66747e-07
0.815 1.4382 0 338.479 1.64884e-07
0.815 1.4382 0 339.482 1.63042e-07
0.815 1.4382 0 340.484 1.61222e-07
0.815 1.4382 0 341.487 1.59423e-07
0.815 1.4382 0 342.489 1.57645e-07
0.815 1.4382 0 343.491 1.55888e-07
0.815 1.4382 0 344.494 1.54151e-07
0.815 1.4382 0 345.496 1.52434e-07
0.815 1.4382 0 346.499 1.50738e-07
0.815 1.4382 0 347.501 1.49061e-07
0.815 1.4382 0 348.504 1.47403e-07
0.815 1.4382 0 349.506 1.45765e-07
0.815 1.4382 0 350.509 1.44145e-07
0.815 1.4382 0 351.511 1.42544e-07
0.815 1.4382 0 352.514 1.40962e-07
0.815 1.4382 0 353.516 1.39398e-07
0.815 1.4382 0 354.519 1.37852e-07
0.815 1.4382 0 355.521 1.36324e-07
0.815 1.4382 0 356.524 1.34814e-07
0.815 1.4382 0 357.526 1.33321e-07
0.815 1.4382 0 358.528 1.31846e-07
0.815 1.4382 0 359.531 1.30387e-07
0.815 1.4382 0 360.533 1.28945e-07
0.815 1.4382 0 361.536 1.2752e-07
0.815 1.4382 0 362.538 1.26111e-07
0.815 1.4382 0 363.541 1.24718e-07
0.815 1.4382 0 364.543 1.23341e-07
0.815 1.4382 0 365.546 1.2198e-07
0.815 1.4382 0 366.548 1.20635e-07
0.815 1.4382 0 367.551 1.19305e-07
0.815 1.4382 0 368.553 1.1799e-07
0.815 1.4382 0 369.556 1.16691e-07
0.815 1.4382 0 370.558 1.15406e-07
0.815 1.4382 0 371.561 1.14136e-07
0.815 1.4382 0 372.563 1.12881e-07
0.815 1.4382 0 373.566 1.1164e-07
0.815 1.4382 0 374.568 1.10413e-07
0.815 1.4382 0 375.57 1.092e-07
0.815 1.4382 0 376.573 1.08001e-07
0.815 1.4382 0 377.575 1.06816e-07
0.815 1.4382 0 378.578 1.05644e-07
0.815 1.4382 0 379.58 1.04485e-07
0.815 1.4382 0 380.583 1.0334e-07
0.815 1.4382 0 381.585 1.02208e-07
0.815 1.4382 0 382.588 1.01088e-07
0.815 1.4382 0 383.59 9.99816e-08
0.815 1.4382 0 384.593 9.88876e-08
0.815 1.4382 0 385.595 9.7806e-08
0.815 1.4382 0 386.598 9.67366e-08
0.815 1.4382 0 387.6 9.56794e-08
0.815 1.4382 0 388.603 9.46342e-08
0.815 1.4382 0 389.605 9.36008e-08
0.815 1.4382 0 390.607 9.25792e-08
0.815 1.4382 0 391.61 9.15691e-08
0.815 1.4382 0 392.612 9.05705e-08
0.815 1.4382 0 393.615 8.95832e-08
0.815 1.4382 0 394.617 8.8607e-08
0.815 1.4382 0 395.62 8.76419e-08
0.815 1.4382 0 396.622 8.66876e-08
0.815 1.4382 0 397.625 8.57442e-08
0.815 1.4382 0 398.627 8.48114e-08
0.815 1.4382 0 399.63 8.38891e-08
0.815 1.4382 0 400.632 8.29772e-08
0.815 1.4382 0 401.635 8.20756e-08
0.815 1.4382 0 402.637 8.11842e-08
0.815 1.4382 0 403.64 8.03028e-08
0.815 1.4382 0 404.642 7.94313e-08
0.815 1.4382 0 405.645 7.85697e-08
0.815 1.4382 0 406.647 7.77177e-08
0.815 1.4382 0 407.649 7.68753e-08
0.815 1.4382 0 408.652 7.60423e-08
0.815 1.4382 0 409.654 7.52187e-08
0.815 1.4382 0 410.657 7.44044e-08
0.815 1.4382 0 411.659 7.35992e-08
0.815 1.4382 0 412.662 7.2803e-08
0.815 1.4382 0 413.664 7.20158e-08
0.815 1.4382 0 414.667 7.12373e-08
0.815 1.4382 0 415.669 7.04676e-08
0.815 1.4382 0 416.672 6.97065e-08
0.815 1.4382 0 417.674 6.89539e-08
0.815 1.4382 0 418.677 6.82097e-08
0.815 1.4382 0 419.679 6.74738e-08
0.815 1.4382 0 420.682 6.67462e-08
0.815 1.4382 0 421.684 6.60267e-08
0.815 1.4382 0 422.686 6.53152e-08
0.815 1.4382 0 423.689 6.46117e-08
0.815 1.4382 0 424.691 6.3916e-08
0.815 1.4382 0 425.694 6.3228e-08
0.815 1.4382 0 426.696 6.25477e-08
0.815 1.4382 0 427.699 6.1875e-08
0.815 1.4382 0 428.701 6.12098e-08
0.815 1.4382 0 429.704 6.0552e-08
0.815 1.4382 0 430.706 5.99015e-08
0.815 1.4382 0 431.709 5.92582e-08
0.815 1.4382 0 432.711 5.86221e-08
0.815 1.4382 0 433.714 5.7993e-08
0.815 1.4382 0 434.716 5.73709e-08
0.815 1.4382 0 435.719 5.67557e-08
0.815 1.4382 0 436.721 5.61474e-08
0.815 1.4382 0 437.724 5.55458e-08
0.815 1.4382 0 438.726 5.49508e-08
0.815 1.4382 0 439.728 5.43624e-08
0.815 1.4382 0 440.731 5.37806e-08
0.815 1.4382 0 441.733 5.32052e-08
0.815 1.4382 0 442.736 5.26362e-08
0.815 1.4382 0 443.738 5.20734e-08
0.815 1.4382 0 444.741 5.15169e-08
0.815 1.4382 0 445.743 5.09665e-08
0.815 1.4382 0 446.746 5.04222e-08
0.815 1.4382 0 447.748 4.98839e-08
0.815 1.4382 0 448.751 4.93515e-08
0.815 1.4382 0 449.753 4.8825e-08
0.815 1.4382 0 450.756 4.83044e-08
0.815 1.4382 0 451.758 4.77894e-08
0.815 1.4382 0 452.761 4.72801e-08
0.815 1.4382 0 453.763 4.67765e-08
0.815 1.4382 0 454.765 4.62783e-08
0.815 1.4382 0 455.768 4.57857e-08
0.815 1.4382 0 456.77 4.52985e-08
0.815 1.4382 0 457.773 4.48166e-08
0.815 1.4382 0 458.775 4.434e-08
0.815 1.4382 0 459.778 4.38687e-08
0.815 1.4382 0 460.78 4.34025e-08
0.815 1.4382 0 461.783 4.29414e-08
0.815 1.4382 0 462.785 4.24854e-08
0.815 1.4382 0 463.788 4.20344e-08
0.815 1.4382 0 464.79 4.15883e-08
0.815 1.4382 0 465.793 4.11472e-08
0.815 1.4382 0 466.795 4.07108e-08
0.815 1.4382 0 467.798 4.02792e-08
0.815 1.4382 0 468.8 3.98524e-08
0.815 1.4382 0 469.803 3.94302e-08
0.815 1.4382 0 470.805 3.90126e-08
0.815 1.4382 0 471.807 3.85996e-08
0.815 1.4382 0 472.81 3.81912e-08
0.815 1.4382 0 473.812 3.77871e-08
0.815 1.4382 0 474.815 3.73875e-08
0.815 1.4382 0 475.817 3.69922e-08
0.815 1.4382 0 476.82 3.66013e-08
0.815 1.4382 0 477.822 3.62146e-08
0.815 1.4382 0 478.825 3.58321e-08
0.815 1.4382 0 479.827 3.54538e-08
0.815 1.4382 0 480.83 3.50796e-08
0.815 1.4382 0 481.832 3.47095e-08
0.815 1.4382 0 482.835 3.43434e-08
0.815 1.4382 0 483.837 3.39813e-08
0.815 1.4382 0 484.84 3.36231e-08
0.815 1.4382 0 485.842 3.32688e-08
0.815 1.4382 0 486.844 3.29183e-08
0.815 1.4382 0 487.847 3.25717e-08
0.815 1.4382 0 488.849 3.22288e-08
0.815 1.4382 0 489.852 3.18897e-08
0.815 1.4382 0 490.854 3.15542e-08
0.815 1.4382 0 491.857 3.12224e-08
0.815 1.4382 0 492.859 3.08941e-08
0.815 1.4382 0 493.862 3.05694e-08
0.815 1.4382 0 494.864 3.02483e-08
0.815 1.4382 0 495.867 2.99306e-08
0.815 1.4382 0 496.869 2.96163e-08
0.815 1.4382 0 497.872 2.93055e-08
0.815 1.4382 0 498.874 2.8998e-08
0.815 1.4382 0 499.877 2.86938e-08
0.815 1.4382 0 500.879 2.83929e-08
0.815 1.4382 0 501.882 2.80953e-08
0.815 1.4382 0 502.884 2.78008e-08
0.815 1.4382 0 503.886 2.75096e-08
0.815 1.4382 0 504.889 2.72215e-08
0.815 1.4382 0 505.891 2.69365e-08
0.815 1.4382 0 506.894 2.66545e-08
0.815 1.4382 0 507.896 2.63756e-08
0.815 1.4382 0 508.899 2.60997e-08
0.815 1.4382 0 509.901 2.58268e-08
0.815 1.4382 0 510.904 2.55568e-08
0.815 1.4382 0 511.906 2.52898e-08
0.815 1.4382 0 512.909 2.50256e-08
0.815 1.4382 0 513.911 2.47642e-08
0.815 1.4382 0 514.914 2.45056e-08
0.815 1.4382 0 515.916 2.42499e-08
0.815 1.4382 0 516.919 2.39968e-08
0.815 1.4382 0 517.921 2.37465e-08
0.815 1.4382 0 518.923 2.34989e-08
0.815 1.4382 0 519.926 2.32539e-08
0.815 1.4382 0 520.928 2.30116e-08
0.815 1.4382 0 521.931 2.27718e-08
0.815 1.4382 0 522.933 2.25346e-08
0.815 1.4382 0 523.936 2.23e-08
0.815 1.4382 0 524.938 2.20679e-08
0.815 1.4382 0 525.941 2.18382e-08
0.815 1.4382 0 526.943 2.1611e-08
0.815 1.4382 0 527.946 2.13863e-08
0.815 1.4382 0 528.948 2.11639e-08
0.815 1.4382 0 529.951 2.0944e-08
0.815 1.4382 0 530.953 2.07263e-08
0.815 1.4382 0 531.956 2.0511e-08
0.815 1.4382 0 532.958 2.0298e-08
0.815 1.4382 0 533.961 2.00873e-08
0.815 1.4382 0 534.963 1.98788e-08
0.815 1.4382 0 535.965 1.96726e-08
0.815 1.4382 0 536.968 1.94685e-08
0.815 1.4382 0 537.97 1.92666e-08
0.815 1.4382 0 538.973 1.90669e-08
0.815 1.4382 0 539.975 1.88693e-08
0.815 1.4382 0 540.978 1.86738e-08
0.815 1.4382 0 541.98 1.84804e-08
0.815 1.4382 0 542.983 1.8289e-08
0.815 1.4382 0 543.985 1.80997e-08
0.815 1.4382 0 544.988 1.79124e-08
0.815 1.4382 0 545.99 1.7727e-08
0.815 1.4382 0 546.993 1.75437e-08
0.815 1.4382 0 547.995 1.73623e-08
0.815 1.4382 0 548.998 1.71828e-08
0.815 1.4382 0 550 1.70052e-08
