1.685 1.4382 0 150.015 2.48951e-06
1.685 1.4382 0 151.017 4.46489e-06
1.685 1.4382 0 152.02 4.54005e-06
1.685 1.4382 0 153.022 4.37841e-06
1.685 1.4382 0 154.025 4.21368e-06
1.685 1.4382 0 155.027 4.05863e-06
1.685 1.4382 0 156.03 3.9123e-06
1.685 1.4382 0 157.032 3.77352e-06
1.685 1.4382 0 158.035 3.64147e-06
1.685 1.4382 0 159.037 3.51554e-06
1.685 1.4382 0 160.04 3.39524e-06
1.685 1.4382 0 161.042 3.28018e-06
1.685 1.4382 0 162.045 3.17002e-06
1.685 1.4382 0 163.047 3.06446e-06
1.685 1.4382 0 164.05 2.96326e-06
1.685 1.4382 0 165.052 2.86616e-06
1.685 1.4382 0 166.054 2.77296e-06
1.685 1.4382 0 167.057 2.68345e-06
1.685 1.4382 0 168.059 2.59745e-06
1.685 1.4382 0 169.062 2.5148e-06
1.685 1.4382 0 170.064 2.43533e-06
1.685 1.4382 0 171.067 2.35889e-06
1.685 1.4382 0 172.069 2.28536e-06
1.685 1.4382 0 173.072 2.21458e-06
1.685 1.4382 0 174.074 2.14644e-06
1.685 1.4382 0 175.077 2.08083e-06
1.685 1.4382 0 176.079 2.01763e-06
1.685 1.4382 0 177.082 1.95673e-06
1.685 1.4382 0 178.084 1.89804e-06
1.685 1.4382 0 179.087 1.84146e-06
1.685 1.4382 0 180.089 1.78691e-06
1.685 1.4382 0 181.092 1.73429e-06
1.685 1.4382 0 182.094 1.68353e-06
1.685 1.4382 0 183.096 1.63454e-06
1.685 1.4382 0 184.099 1.58726e-06
1.685 1.4382 0 185.101 1.54162e-06
1.685 1.4382 0 186.104 1.49755e-06
1.685 1.4382 0 187.106 1.45497e-06
1.685 1.4382 0 188.109 1.41385e-06
1.685 1.4382 0 189.111 1.37411e-06
1.685 1.4382 0 190.114 1.3357e-06
1.685 1.4382 0 191.116 1.29857e-06
1.685 1.4382 0 192.119 1.26267e-06
1.685 1.4382 0 193.121 1.22795e-06
1.685 1.4382 0 194.124 1.19436e-06
1.685 1.4382 0 195.126 1.16187e-06
1.685 1.4382 0 196.129 1.13042e-06
1.685 1.4382 0 197.131 1.09998e-06
1.685 1.4382 0 198.133 1.07052e-06
1.685 1.4382 0 199.136 1.04198e-06
1.685 1.4382 0 200.138 1.01435e-06
1.685 1.4382 0 201.141 9.87578e-07
1.685 1.4382 0 202.143 9.61641e-07
1.685 1.4382 0 203.146 9.36507e-07
1.685 1.4382 0 204.148 9.12145e-07
1.685 1.4382 0 205.151 8.88529e-07
1.685 1.4382 0 206.153 8.6563e-07
1.685 1.4382 0 207.156 8.43423e-07
1.685 1.4382 0 208.158 8.21883e-07
1.685 1.4382 0 209.161 8.00986e-07
1.685 1.4382 0 210.163 7.80709e-07
1.685 1.4382 0 211.166 7.61031e-07
1.685 1.4382 0 212.168 7.41931e-07
1.685 1.4382 0 213.171 7.23389e-07
1.685 1.4382 0 214.173 7.05384e-07
1.685 1.4382 0 215.175 6.87899e-07
1.685 1.4382 0 216.178 6.70916e-07
1.685 1.4382 0 217.18 6.54418e-07
1.685 1.4382 0 218.183 6.38389e-07
1.685 1.4382 0 219.185 6.22812e-07
1.685 1.4382 0 220.188 6.07672e-07
1.685 1.4382 0 221.19 5.92956e-07
1.685 1.4382 0 222.193 5.78648e-07
1.685 1.4382 0 223.195 5.64736e-07
1.685 1.4382 0 224.198 5.51207e-07
1.685 1.4382 0 225.2 5.38048e-07
1.685 1.4382 0 226.203 5.25247e-07
1.685 1.4382 0 227.205 5.12793e-07
1.685 1.4382 0 228.208 5.00674e-07
1.685 1.4382 0 229.21 4.88881e-07
1.685 1.4382 0 230.212 4.77402e-07
1.685 1.4382 0 231.215 4.66229e-07
1.685 1.4382 0 232.217 4.55351e-07
1.685 1.4382 0 233.22 4.44759e-07
1.685 1.4382 0 234.222 4.34444e-07
1.685 1.4382 0 235.225 4.24399e-07
1.685 1.4382 0 236.227 4.14614e-07
1.685 1.4382 0 237.23 4.05082e-07
1.685 1.4382 0 238.232 3.95795e-07
1.685 1.4382 0 239.235 3.86746e-07
1.685 1.4382 0 240.237 3.77927e-07
1.685 1.4382 0 241.24 3.69333e-07
1.685 1.4382 0 242.242 3.60956e-07
1.685 1.4382 0 243.245 3.5279e-07
1.685 1.4382 0 244.247 3.44829e-07
1.685 1.4382 0 245.25 3.37066e-07
1.685 1.4382 0 246.252 3.29497e-07
1.685 1.4382 0 247.254 3.22115e-07
1.685 1.4382 0 248.257 3.14916e-07
1.685 1.4382 0 249.259 3.07893e-07
1.685 1.4382 0 250.262 3.01043e-07
1.685 1.4382 0 251.264 2.9436e-07
1.685 1.4382 0 252.267 2.87839e-07
1.685 1.4382 0 253.269 2.81476e-07
1.685 1.4382 0 254.272 2.75267e-07
1.685 1.4382 0 255.274 2.69208e-07
1.685 1.4382 0 256.277 2.63294e-07
1.685 1.4382 0 257.279 2.57521e-07
1.685 1.4382 0 258.282 2.51885e-07
1.685 1.4382 0 259.284 2.46384e-07
1.685 1.4382 0 260.287 2.41013e-07
1.685 1.4382 0 261.289 2.35768e-07
1.685 1.4382 0 262.291 2.30647e-07
1.685 1.4382 0 263.294 2.25646e-07
1.685 1.4382 0 264.296 2.20761e-07
1.685 1.4382 0 265.299 2.15991e-07
1.685 1.4382 0 266.301 2.11332e-07
1.685 1.4382 0 267.304 2.0678e-07
1.685 1.4382 0 268.306 2.02334e-07
1.685 1.4382 0 269.309 1.9799e-07
1.685 1.4382 0 270.311 1.93746e-07
1.685 1.4382 0 271.314 1.89599e-07
1.685 1.4382 0 272.316 1.85548e-07
1.685 1.4382 0 273.319 1.81588e-07
1.685 1.4382 0 274.321 1.77719e-07
1.685 1.4382 0 275.324 1.73937e-07
1.685 1.4382 0 276.326 1.70241e-07
1.685 1.4382 0 277.329 1.66628e-07
1.685 1.4382 0 278.331 1.63097e-07
1.685 1.4382 0 279.333 1.59646e-07
1.685 1.4382 0 280.336 1.56271e-07
1.685 1.4382 0 281.338 1.52972e-07
1.685 1.4382 0 282.341 1.49747e-07
1.685 1.4382 0 283.343 1.46594e-07
1.685 1.4382 0 284.346 1.4351e-07
1.685 1.4382 0 285.348 1.40495e-07
1.685 1.4382 0 286.351 1.37547e-07
1.685 1.4382 0 287.353 1.34664e-07
1.685 1.4382 0 288.356 1.31845e-07
1.685 1.4382 0 289.358 1.29087e-07
1.685 1.4382 0 290.361 1.26391e-07
1.685 1.4382 0 291.363 1.23753e-07
1.685 1.4382 0 292.366 1.21173e-07
1.685 1.4382 0 293.368 1.18649e-07
1.685 1.4382 0 294.37 1.16181e-07
1.685 1.4382 0 295.373 1.13766e-07
1.685 1.4382 0 296.375 1.11404e-07
1.685 1.4382 0 297.378 1.09093e-07
1.685 1.4382 0 298.38 1.06832e-07
1.685 1.4382 0 299.383 1.04619e-07
1.685 1.4382 0 300.385 1.02455e-07
1.685 1.4382 0 301.388 1.00337e-07
1.685 1.4382 0 302.39 9.82653e-08
1.685 1.4382 0 303.393 9.62377e-08
1.685 1.4382 0 304.395 9.42536e-08
1.685 1.4382 0 305.398 9.23121e-08
1.685 1.4382 0 306.4 9.0412e-08
1.685 1.4382 0 307.403 8.85526e-08
1.685 1.4382 0 308.405 8.67329e-08
1.685 1.4382 0 309.408 8.4952e-08
1.685 1.4382 0 310.41 8.32089e-08
1.685 1.4382 0 311.412 8.15029e-08
1.685 1.4382 0 312.415 7.98332e-08
1.685 1.4382 0 313.417 7.81988e-08
1.685 1.4382 0 314.42 7.6599e-08
1.685 1.4382 0 315.422 7.50331e-08
1.685 1.4382 0 316.425 7.35002e-08
1.685 1.4382 0 317.427 7.19997e-08
1.685 1.4382 0 318.43 7.05308e-08
1.685 1.4382 0 319.432 6.90929e-08
1.685 1.4382 0 320.435 6.76851e-08
1.685 1.4382 0 321.437 6.6307e-08
1.685 1.4382 0 322.44 6.49578e-08
1.685 1.4382 0 323.442 6.36368e-08
1.685 1.4382 0 324.445 6.23435e-08
1.685 1.4382 0 325.447 6.10773e-08
1.685 1.4382 0 326.449 5.98375e-08
1.685 1.4382 0 327.452 5.86236e-08
1.685 1.4382 0 328.454 5.7435e-08
1.685 1.4382 0 329.457 5.62712e-08
1.685 1.4382 0 330.459 5.51316e-08
1.685 1.4382 0 331.462 5.40157e-08
1.685 1.4382 0 332.464 5.2923e-08
1.685 1.4382 0 333.467 5.1853e-08
1.685 1.4382 0 334.469 5.08051e-08
1.685 1.4382 0 335.472 4.9779e-08
1.685 1.4382 0 336.474 4.87742e-08
1.685 1.4382 0 337.477 4.77901e-08
1.685 1.4382 0 338.479 4.68264e-08
1.685 1.4382 0 339.482 4.58825e-08
1.685 1.4382 0 340.484 4.49582e-08
1.685 1.4382 0 341.487 4.40529e-08
1.685 1.4382 0 342.489 4.31663e-08
1.685 1.4382 0 343.491 4.22979e-08
1.685 1.4382 0 344.494 4.14474e-08
1.685 1.4382 0 345.496 4.06144e-08
1.685 1.4382 0 346.499 3.97985e-08
1.685 1.4382 0 347.501 3.89993e-08
1.685 1.4382 0 348.504 3.82165e-08
1.685 1.4382 0 349.506 3.74498e-08
1.685 1.4382 0 350.509 3.66988e-08
1.685 1.4382 0 351.511 3.59632e-08
1.685 1.4382 0 352.514 3.52426e-08
1.685 1.4382 0 353.516 3.45368e-08
1.685 1.4382 0 354.519 3.38454e-08
1.685 1.4382 0 355.521 3.31681e-08
1.685 1.4382 0 356.524 3.25046e-08
1.685 1.4382 0 357.526 3.18547e-08
1.685 1.4382 0 358.528 3.1218e-08
1.685 1.4382 0 359.531 3.05942e-08
1.685 1.4382 0 360.533 2.99832e-08
1.685 1.4382 0 361.536 2.93846e-08
1.685 1.4382 0 362.538 2.87982e-08
1.685 1.4382 0 363.541 2.82237e-08
1.685 1.4382 0 364.543 2.76609e-08
1.685 1.4382 0 365.546 2.71094e-08
1.685 1.4382 0 366.548 2.65692e-08
1.685 1.4382 0 367.551 2.604e-08
1.685 1.4382 0 368.553 2.55214e-08
1.685 1.4382 0 369.556 2.50134e-08
1.685 1.4382 0 370.558 2.45156e-08
1.685 1.4382 0 371.561 2.4028e-08
1.685 1.4382 0 372.563 2.35502e-08
1.685 1.4382 0 373.566 2.3082e-08
1.685 1.4382 0 374.568 2.26233e-08
1.685 1.4382 0 375.57 2.21739e-08
1.685 1.4382 0 376.573 2.17335e-08
1.685 1.4382 0 377.575 2.13021e-08
1.685 1.4382 0 378.578 2.08793e-08
1.685 1.4382 0 379.58 2.04651e-08
1.685 1.4382 0 380.583 2.00592e-08
1.685 1.4382 0 381.585 1.96615e-08
1.685 1.4382 0 382.588 1.92717e-08
1.685 1.4382 0 383.59 1.88899e-08
1.685 1.4382 0 384.593 1.85157e-08
1.685 1.4382 0 385.595 1.8149e-08
1.685 1.4382 0 386.598 1.77897e-08
1.685 1.4382 0 387.6 1.74376e-08
1.685 1.4382 0 388.603 1.70926e-08
1.685 1.4382 0 389.605 1.67545e-08
1.685 1.4382 0 390.607 1.64232e-08
1.685 1.4382 0 391.61 1.60986e-08
1.685 1.4382 0 392.612 1.57804e-08
1.685 1.4382 0 393.615 1.54686e-08
1.685 1.4382 0 394.617 1.51631e-08
1.685 1.4382 0 395.62 1.48637e-08
1.685 1.4382 0 396.622 1.45703e-08
1.685 1.4382 0 397.625 1.42827e-08
1.685 1.4382 0 398.627 1.40009e-08
1.685 1.4382 0 399.63 1.37248e-08
1.685 1.4382 0 400.632 1.34541e-08
1.685 1.4382 0 401.635 1.31889e-08
1.685 1.4382 0 402.637 1.2929e-08
1.685 1.4382 0 403.64 1.26742e-08
1.685 1.4382 0 404.642 1.24246e-08
1.685 1.4382 0 405.645 1.21799e-08
1.685 1.4382 0 406.647 1.19401e-08
1.685 1.4382 0 407.649 1.1705e-08
1.685 1.4382 0 408.652 1.14747e-08
1.685 1.4382 0 409.654 1.1249e-08
1.685 1.4382 0 410.657 1.10277e-08
1.685 1.4382 0 411.659 1.08109e-08
1.685 1.4382 0 412.662 1.05983e-08
1.685 1.4382 0 413.664 1.039e-08
1.685 1.4382 0 414.667 1.01859e-08
1.685 1.4382 0 415.669 9.98577e-09
1.685 1.4382 0 416.672 9.78965e-09
1.685 1.4382 0 417.674 9.59743e-09
1.685 1.4382 0 418.677 9.40903e-09
1.685 1.4382 0 419.679 9.22436e-09
1.685 1.4382 0 420.682 9.04337e-09
1.685 1.4382 0 421.684 8.86596e-09
1.685 1.4382 0 422.686 8.69208e-09
1.685 1.4382 0 423.689 8.52164e-09
1.685 1.4382 0 424.691 8.35459e-09
1.685 1.4382 0 425.694 8.19084e-09
1.685 1.4382 0 426.696 8.03035e-09
1.685 1.4382 0 427.699 7.87303e-09
1.685 1.4382 0 428.701 7.71883e-09
1.685 1.4382 0 429.704 7.56768e-09
1.685 1.4382 0 430.706 7.41952e-09
1.685 1.4382 0 431.709 7.2743e-09
1.685 1.4382 0 432.711 7.13195e-09
1.685 1.4382 0 433.714 6.99241e-09
1.685 1.4382 0 434.716 6.85563e-09
1.685 1.4382 0 435.719 6.72156e-09
1.685 1.4382 0 436.721 6.59014e-09
1.685 1.4382 0 437.724 6.46131e-09
1.685 1.4382 0 438.726 6.33503e-09
1.685 1.4382 0 439.728 6.21125e-09
1.685 1.4382 0 440.731 6.0899e-09
1.685 1.4382 0 441.733 5.97096e-09
1.685 1.4382 0 442.736 5.85435e-09
1.685 1.4382 0 443.738 5.74005e-09
1.685 1.4382 0 444.741 5.62801e-09
1.685 1.4382 0 445.743 5.51817e-09
1.685 1.4382 0 446.746 5.4105e-09
1.685 1.4382 0 447.748 5.30495e-09
1.685 1.4382 0 448.751 5.20148e-09
1.685 1.4382 0 449.753 5.10005e-09
1.685 1.4382 0 450.756 5.00061e-09
1.685 1.4382 0 451.758 4.90313e-09
1.685 1.4382 0 452.761 4.80757e-09
1.685 1.4382 0 453.763 4.7139e-09
1.685 1.4382 0 454.765 4.62206e-09
1.685 1.4382 0 455.768 4.53203e-09
1.685 1.4382 0 456.77 4.44378e-09
1.685 1.4382 0 457.773 4.35725e-09
1.685 1.4382 0 458.775 4.27243e-09
1.685 1.4382 0 459.778 4.18928e-09
1.685 1.4382 0 460.78 4.10775e-09
1.685 1.4382 0 461.783 4.02783e-09
1.685 1.4382 0 462.785 3.94948e-09
1.685 1.4382 0 463.788 3.87267e-09
1.685 1.4382 0 464.79 3.79737e-09
1.685 1.4382 0 465.793 3.72354e-09
1.685 1.4382 0 466.795 3.65116e-09
1.685 1.4382 0 467.798 3.5802e-09
1.685 1.4382 0 468.8 3.51063e-09
1.685 1.4382 0 469.803 3.44243e-09
1.685 1.4382 0 470.805 3.37556e-09
1.685 1.4382 0 471.807 3.31001e-09
1.685 1.4382 0 472.81 3.24574e-09
1.685 1.4382 0 473.812 3.18273e-09
1.685 1.4382 0 474.815 3.12095e-09
1.685 1.4382 0 475.817 3.06038e-09
1.685 1.4382 0 476.82 3.001e-09
1.685 1.4382 0 477.822 2.94278e-09
1.685 1.4382 0 478.825 2.8857e-09
1.685 1.4382 0 479.827 2.82973e-09
1.685 1.4382 0 480.83 2.77486e-09
1.685 1.4382 0 481.832 2.72107e-09
1.685 1.4382 0 482.835 2.66832e-09
1.685 1.4382 0 483.837 2.61661e-09
1.685 1.4382 0 484.84 2.56591e-09
1.685 1.4382 0 485.842 2.5162e-09
1.685 1.4382 0 486.844 2.46746e-09
1.685 1.4382 0 487.847 2.41967e-09
1.685 1.4382 0 488.849 2.37281e-09
1.685 1.4382 0 489.852 2.32687e-09
1.685 1.4382 0 490.854 2.28183e-09
1.685 1.4382 0 491.857 2.23767e-09
1.685 1.4382 0 492.859 2.19436e-09
1.685 1.4382 0 493.862 2.15191e-09
1.685 1.4382 0 494.864 2.11028e-09
1.685 1.4382 0 495.867 2.06946e-09
1.685 1.4382 0 496.869 2.02944e-09
1.685 1.4382 0 497.872 1.9902e-09
1.685 1.4382 0 498.874 1.95172e-09
1.685 1.4382 0 499.877 1.914e-09
1.685 1.4382 0 500.879 1.87701e-09
1.685 1.4382 0 501.882 1.84074e-09
1.685 1.4382 0 502.884 1.80517e-09
1.685 1.4382 0 503.886 1.7703e-09
1.685 1.4382 0 504.889 1.73611e-09
1.685 1.4382 0 505.891 1.70258e-09
1.685 1.4382 0 506.894 1.66971e-09
1.685 1.4382 0 507.896 1.63747e-09
1.685 1.4382 0 508.899 1.60587e-09
1.685 1.4382 0 509.901 1.57487e-09
1.685 1.4382 0 510.904 1.54448e-09
1.685 1.4382 0 511.906 1.51468e-09
1.685 1.4382 0 512.909 1.48546e-09
1.685 1.4382 0 513.911 1.45681e-09
1.685 1.4382 0 514.914 1.42872e-09
1.685 1.4382 0 515.916 1.40117e-09
1.685 1.4382 0 516.919 1.37416e-09
1.685 1.4382 0 517.921 1.34767e-09
1.685 1.4382 0 518.923 1.32169e-09
1.685 1.4382 0 519.926 1.29622e-09
1.685 1.4382 0 520.928 1.27125e-09
1.685 1.4382 0 521.931 1.24676e-09
1.685 1.4382 0 522.933 1.22274e-09
1.685 1.4382 0 523.936 1.1992e-09
1.685 1.4382 0 524.938 1.1761e-09
1.685 1.4382 0 525.941 1.15346e-09
1.685 1.4382 0 526.943 1.13125e-09
1.685 1.4382 0 527.946 1.10948e-09
1.685 1.4382 0 528.948 1.08813e-09
1.685 1.4382 0 529.951 1.06719e-09
1.685 1.4382 0 530.953 1.04666e-09
1.685 1.4382 0 531.956 1.02652e-09
1.685 1.4382 0 532.958 1.00678e-09
1.685 1.4382 0 533.961 9.87416e-10
1.685 1.4382 0 534.963 9.68429e-10
1.685 1.4382 0 535.965 9.4981e-10
1.685 1.4382 0 536.968 9.31551e-10
1.685 1.4382 0 537.97 9.13646e-10
1.685 1.4382 0 538.973 8.96087e-10
1.685 1.4382 0 539.975 8.78869e-10
1.685 1.4382 0 540.978 8.61983e-10
1.685 1.4382 0 541.98 8.45424e-10
1.685 1.4382 0 542.983 8.29186e-10
1.685 1.4382 0 543.985 8.13261e-10
1.685 1.4382 0 544.988 7.97645e-10
1.685 1.4382 0 545.99 7.8233e-10
1.685 1.4382 0 546.993 7.67312e-10
1.685 1.4382 0 547.995 7.52584e-10
1.685 1.4382 0 548.998 7.3814e-10
1.685 1.4382 0 550 7.23976e-10
