2.61 1.4382 0 150.015 8.98317e-06
2.61 1.4382 0 151.017 1.59167e-05
2.61 1.4382 0 152.02 1.58591e-05
2.61 1.4382 0 153.022 1.49649e-05
2.61 1.4382 0 154.025 1.40909e-05
2.61 1.4382 0 155.027 1.32824e-05
2.61 1.4382 0 156.03 1.25337e-05
2.61 1.4382 0 157.032 1.18383e-05
2.61 1.4382 0 158.035 1.1191e-05
2.61 1.4382 0 159.037 1.05873e-05
2.61 1.4382 0 160.04 1.00234e-05
2.61 1.4382 0 161.042 9.49614e-06
2.61 1.4382 0 162.045 9.00252e-06
2.61 1.4382 0 163.047 8.53994e-06
2.61 1.4382 0 164.05 8.10606e-06
2.61 1.4382 0 165.052 7.69872e-06
2.61 1.4382 0 166.054 7.316e-06
2.61 1.4382 0 167.057 6.95613e-06
2.61 1.4382 0 168.059 6.61747e-06
2.61 1.4382 0 169.062 6.29856e-06
2.61 1.4382 0 170.064 5.99801e-06
2.61 1.4382 0 171.067 5.71459e-06
2.61 1.4382 0 172.069 5.44714e-06
2.61 1.4382 0 173.072 5.19459e-06
2.61 1.4382 0 174.074 4.95596e-06
2.61 1.4382 0 175.077 4.73034e-06
2.61 1.4382 0 176.079 4.5169e-06
2.61 1.4382 0 177.082 4.31485e-06
2.61 1.4382 0 178.084 4.12349e-06
2.61 1.4382 0 179.087 3.94214e-06
2.61 1.4382 0 180.089 3.77018e-06
2.61 1.4382 0 181.092 3.60704e-06
2.61 1.4382 0 182.094 3.45218e-06
2.61 1.4382 0 183.096 3.30512e-06
2.61 1.4382 0 184.099 3.16538e-06
2.61 1.4382 0 185.101 3.03253e-06
2.61 1.4382 0 186.104 2.90618e-06
2.61 1.4382 0 187.106 2.78596e-06
2.61 1.4382 0 188.109 2.6715e-06
2.61 1.4382 0 189.111 2.56249e-06
2.61 1.4382 0 190.114 2.45862e-06
2.61 1.4382 0 191.116 2.35961e-06
2.61 1.4382 0 192.119 2.26519e-06
2.61 1.4382 0 193.121 2.17512e-06
2.61 1.4382 0 194.124 2.08915e-06
2.61 1.4382 0 195.126 2.00706e-06
2.61 1.4382 0 196.129 1.92866e-06
2.61 1.4382 0 197.131 1.85376e-06
2.61 1.4382 0 198.133 1.78216e-06
2.61 1.4382 0 199.136 1.7137e-06
2.61 1.4382 0 200.138 1.64822e-06
2.61 1.4382 0 201.141 1.58557e-06
2.61 1.4382 0 202.143 1.5256e-06
2.61 1.4382 0 203.146 1.46819e-06
2.61 1.4382 0 204.148 1.41321e-06
2.61 1.4382 0 205.151 1.36054e-06
2.61 1.4382 0 206.153 1.31007e-06
2.61 1.4382 0 207.156 1.26169e-06
2.61 1.4382 0 208.158 1.2153e-06
2.61 1.4382 0 209.161 1.17081e-06
2.61 1.4382 0 210.163 1.12813e-06
2.61 1.4382 0 211.166 1.08718e-06
2.61 1.4382 0 212.168 1.04788e-06
2.61 1.4382 0 213.171 1.01014e-06
2.61 1.4382 0 214.173 9.7391e-07
2.61 1.4382 0 215.175 9.39109e-07
2.61 1.4382 0 216.178 9.05675e-07
2.61 1.4382 0 217.18 8.73549e-07
2.61 1.4382 0 218.183 8.42672e-07
2.61 1.4382 0 219.185 8.1299e-07
2.61 1.4382 0 220.188 7.84451e-07
2.61 1.4382 0 221.19 7.57005e-07
2.61 1.4382 0 222.193 7.30606e-07
2.61 1.4382 0 223.195 7.05209e-07
2.61 1.4382 0 224.198 6.80771e-07
2.61 1.4382 0 225.2 6.57252e-07
2.61 1.4382 0 226.203 6.34613e-07
2.61 1.4382 0 227.205 6.12818e-07
2.61 1.4382 0 228.208 5.91832e-07
2.61 1.4382 0 229.21 5.71621e-07
2.61 1.4382 0 230.212 5.52154e-07
2.61 1.4382 0 231.215 5.33401e-07
2.61 1.4382 0 232.217 5.15332e-07
2.61 1.4382 0 233.22 4.97921e-07
2.61 1.4382 0 234.222 4.81141e-07
2.61 1.4382 0 235.225 4.64966e-07
2.61 1.4382 0 236.227 4.49373e-07
2.61 1.4382 0 237.23 4.34339e-07
2.61 1.4382 0 238.232 4.19841e-07
2.61 1.4382 0 239.235 4.0586e-07
2.61 1.4382 0 240.237 3.92375e-07
2.61 1.4382 0 241.24 3.79366e-07
2.61 1.4382 0 242.242 3.66816e-07
2.61 1.4382 0 243.245 3.54707e-07
2.61 1.4382 0 244.247 3.43022e-07
2.61 1.4382 0 245.25 3.31745e-07
2.61 1.4382 0 246.252 3.2086e-07
2.61 1.4382 0 247.254 3.10353e-07
2.61 1.4382 0 248.257 3.0021e-07
2.61 1.4382 0 249.259 2.90416e-07
2.61 1.4382 0 250.262 2.8096e-07
2.61 1.4382 0 251.264 2.71828e-07
2.61 1.4382 0 252.267 2.63009e-07
2.61 1.4382 0 253.269 2.54491e-07
2.61 1.4382 0 254.272 2.46263e-07
2.61 1.4382 0 255.274 2.38314e-07
2.61 1.4382 0 256.277 2.30635e-07
2.61 1.4382 0 257.279 2.23215e-07
2.61 1.4382 0 258.282 2.16046e-07
2.61 1.4382 0 259.284 2.09117e-07
2.61 1.4382 0 260.287 2.02421e-07
2.61 1.4382 0 261.289 1.9595e-07
2.61 1.4382 0 262.291 1.89694e-07
2.61 1.4382 0 263.294 1.83647e-07
2.61 1.4382 0 264.296 1.77801e-07
2.61 1.4382 0 265.299 1.7215e-07
2.61 1.4382 0 266.301 1.66685e-07
2.61 1.4382 0 267.304 1.61401e-07
2.61 1.4382 0 268.306 1.56292e-07
2.61 1.4382 0 269.309 1.51351e-07
2.61 1.4382 0 270.311 1.46572e-07
2.61 1.4382 0 271.314 1.4195e-07
2.61 1.4382 0 272.316 1.37479e-07
2.61 1.4382 0 273.319 1.33154e-07
2.61 1.4382 0 274.321 1.28971e-07
2.61 1.4382 0 275.324 1.24924e-07
2.61 1.4382 0 276.326 1.21008e-07
2.61 1.4382 0 277.329 1.17219e-07
2.61 1.4382 0 278.331 1.13553e-07
2.61 1.4382 0 279.333 1.10006e-07
2.61 1.4382 0 280.336 1.06573e-07
2.61 1.4382 0 281.338 1.03251e-07
2.61 1.4382 0 282.341 1.00036e-07
2.61 1.4382 0 283.343 9.69246e-08
2.61 1.4382 0 284.346 9.39127e-08
2.61 1.4382 0 285.348 9.09974e-08
2.61 1.4382 0 286.351 8.81754e-08
2.61 1.4382 0 287.353 8.54435e-08
2.61 1.4382 0 288.356 8.27989e-08
2.61 1.4382 0 289.358 8.02385e-08
2.61 1.4382 0 290.361 7.77595e-08
2.61 1.4382 0 291.363 7.53594e-08
2.61 1.4382 0 292.366 7.30354e-08
2.61 1.4382 0 293.368 7.07851e-08
2.61 1.4382 0 294.37 6.8606e-08
2.61 1.4382 0 295.373 6.64959e-08
2.61 1.4382 0 296.375 6.44523e-08
2.61 1.4382 0 297.378 6.24732e-08
2.61 1.4382 0 298.38 6.05565e-08
2.61 1.4382 0 299.383 5.87e-08
2.61 1.4382 0 300.385 5.69019e-08
2.61 1.4382 0 301.388 5.51602e-08
2.61 1.4382 0 302.39 5.34732e-08
2.61 1.4382 0 303.393 5.1839e-08
2.61 1.4382 0 304.395 5.02559e-08
2.61 1.4382 0 305.398 4.87223e-08
2.61 1.4382 0 306.4 4.72365e-08
2.61 1.4382 0 307.403 4.57971e-08
2.61 1.4382 0 308.405 4.44026e-08
2.61 1.4382 0 309.408 4.30514e-08
2.61 1.4382 0 310.41 4.17423e-08
2.61 1.4382 0 311.412 4.04738e-08
2.61 1.4382 0 312.415 3.92447e-08
2.61 1.4382 0 313.417 3.80537e-08
2.61 1.4382 0 314.42 3.68996e-08
2.61 1.4382 0 315.422 3.57812e-08
2.61 1.4382 0 316.425 3.46974e-08
2.61 1.4382 0 317.427 3.36471e-08
2.61 1.4382 0 318.43 3.26291e-08
2.61 1.4382 0 319.432 3.16426e-08
2.61 1.4382 0 320.435 3.06865e-08
2.61 1.4382 0 321.437 2.97598e-08
2.61 1.4382 0 322.44 2.88616e-08
2.61 1.4382 0 323.442 2.7991e-08
2.61 1.4382 0 324.445 2.71471e-08
2.61 1.4382 0 325.447 2.63292e-08
2.61 1.4382 0 326.449 2.55363e-08
2.61 1.4382 0 327.452 2.47677e-08
2.61 1.4382 0 328.454 2.40226e-08
2.61 1.4382 0 329.457 2.33003e-08
2.61 1.4382 0 330.459 2.26001e-08
2.61 1.4382 0 331.462 2.19213e-08
2.61 1.4382 0 332.464 2.12633e-08
2.61 1.4382 0 333.467 2.06252e-08
2.61 1.4382 0 334.469 2.00067e-08
2.61 1.4382 0 335.472 1.9407e-08
2.61 1.4382 0 336.474 1.88255e-08
2.61 1.4382 0 337.477 1.82617e-08
2.61 1.4382 0 338.479 1.77151e-08
2.61 1.4382 0 339.482 1.71851e-08
2.61 1.4382 0 340.484 1.66711e-08
2.61 1.4382 0 341.487 1.61728e-08
2.61 1.4382 0 342.489 1.56895e-08
2.61 1.4382 0 343.491 1.52209e-08
2.61 1.4382 0 344.494 1.47666e-08
2.61 1.4382 0 345.496 1.43259e-08
2.61 1.4382 0 346.499 1.38986e-08
2.61 1.4382 0 347.501 1.34842e-08
2.61 1.4382 0 348.504 1.30823e-08
2.61 1.4382 0 349.506 1.26926e-08
2.61 1.4382 0 350.509 1.23146e-08
2.61 1.4382 0 351.511 1.1948e-08
2.61 1.4382 0 352.514 1.15925e-08
2.61 1.4382 0 353.516 1.12477e-08
2.61 1.4382 0 354.519 1.09133e-08
2.61 1.4382 0 355.521 1.05889e-08
2.61 1.4382 0 356.524 1.02743e-08
2.61 1.4382 0 357.526 9.96919e-09
2.61 1.4382 0 358.528 9.67322e-09
2.61 1.4382 0 359.531 9.38615e-09
2.61 1.4382 0 360.533 9.10769e-09
2.61 1.4382 0 361.536 8.83759e-09
2.61 1.4382 0 362.538 8.57559e-09
2.61 1.4382 0 363.541 8.32144e-09
2.61 1.4382 0 364.543 8.07492e-09
2.61 1.4382 0 365.546 7.83577e-09
2.61 1.4382 0 366.548 7.60379e-09
2.61 1.4382 0 367.551 7.37875e-09
2.61 1.4382 0 368.553 7.16044e-09
2.61 1.4382 0 369.556 6.94866e-09
2.61 1.4382 0 370.558 6.74321e-09
2.61 1.4382 0 371.561 6.5439e-09
2.61 1.4382 0 372.563 6.35054e-09
2.61 1.4382 0 373.566 6.16295e-09
2.61 1.4382 0 374.568 5.98095e-09
2.61 1.4382 0 375.57 5.80439e-09
2.61 1.4382 0 376.573 5.63309e-09
2.61 1.4382 0 377.575 5.4669e-09
2.61 1.4382 0 378.578 5.30565e-09
2.61 1.4382 0 379.58 5.14921e-09
2.61 1.4382 0 380.583 4.99742e-09
2.61 1.4382 0 381.585 4.85015e-09
2.61 1.4382 0 382.588 4.70727e-09
2.61 1.4382 0 383.59 4.56863e-09
2.61 1.4382 0 384.593 4.43411e-09
2.61 1.4382 0 385.595 4.30358e-09
2.61 1.4382 0 386.598 4.17694e-09
2.61 1.4382 0 387.6 4.05405e-09
2.61 1.4382 0 388.603 3.93481e-09
2.61 1.4382 0 389.605 3.81911e-09
2.61 1.4382 0 390.607 3.70684e-09
2.61 1.4382 0 391.61 3.5979e-09
2.61 1.4382 0 392.612 3.49219e-09
2.61 1.4382 0 393.615 3.38961e-09
2.61 1.4382 0 394.617 3.29007e-09
2.61 1.4382 0 395.62 3.19348e-09
2.61 1.4382 0 396.622 3.09974e-09
2.61 1.4382 0 397.625 3.00878e-09
2.61 1.4382 0 398.627 2.92051e-09
2.61 1.4382 0 399.63 2.83485e-09
2.61 1.4382 0 400.632 2.75173e-09
2.61 1.4382 0 401.635 2.67105e-09
2.61 1.4382 0 402.637 2.59277e-09
2.61 1.4382 0 403.64 2.51679e-09
2.61 1.4382 0 404.642 2.44306e-09
2.61 1.4382 0 405.645 2.37151e-09
2.61 1.4382 0 406.647 2.30206e-09
2.61 1.4382 0 407.649 2.23467e-09
2.61 1.4382 0 408.652 2.16926e-09
2.61 1.4382 0 409.654 2.10578e-09
2.61 1.4382 0 410.657 2.04417e-09
2.61 1.4382 0 411.659 1.98438e-09
2.61 1.4382 0 412.662 1.92635e-09
2.61 1.4382 0 413.664 1.87003e-09
2.61 1.4382 0 414.667 1.81537e-09
2.61 1.4382 0 415.669 1.76231e-09
2.61 1.4382 0 416.672 1.71082e-09
2.61 1.4382 0 417.674 1.66084e-09
2.61 1.4382 0 418.677 1.61233e-09
2.61 1.4382 0 419.679 1.56525e-09
2.61 1.4382 0 420.682 1.51955e-09
2.61 1.4382 0 421.684 1.4752e-09
2.61 1.4382 0 422.686 1.43215e-09
2.61 1.4382 0 423.689 1.39036e-09
2.61 1.4382 0 424.691 1.3498e-09
2.61 1.4382 0 425.694 1.31043e-09
2.61 1.4382 0 426.696 1.27222e-09
2.61 1.4382 0 427.699 1.23513e-09
2.61 1.4382 0 428.701 1.19913e-09
2.61 1.4382 0 429.704 1.16418e-09
2.61 1.4382 0 430.706 1.13026e-09
2.61 1.4382 0 431.709 1.09733e-09
2.61 1.4382 0 432.711 1.06537e-09
2.61 1.4382 0 433.714 1.03434e-09
2.61 1.4382 0 434.716 1.00423e-09
2.61 1.4382 0 435.719 9.74991e-10
2.61 1.4382 0 436.721 9.46613e-10
2.61 1.4382 0 437.724 9.19066e-10
2.61 1.4382 0 438.726 8.92325e-10
2.61 1.4382 0 439.728 8.66366e-10
2.61 1.4382 0 440.731 8.41168e-10
2.61 1.4382 0 441.733 8.16706e-10
2.61 1.4382 0 442.736 7.9296e-10
2.61 1.4382 0 443.738 7.69908e-10
2.61 1.4382 0 444.741 7.4753e-10
2.61 1.4382 0 445.743 7.25806e-10
2.61 1.4382 0 446.746 7.04717e-10
2.61 1.4382 0 447.748 6.84245e-10
2.61 1.4382 0 448.751 6.6437e-10
2.61 1.4382 0 449.753 6.45076e-10
2.61 1.4382 0 450.756 6.26345e-10
2.61 1.4382 0 451.758 6.08161e-10
2.61 1.4382 0 452.761 5.90508e-10
2.61 1.4382 0 453.763 5.7337e-10
2.61 1.4382 0 454.765 5.56732e-10
2.61 1.4382 0 455.768 5.40579e-10
2.61 1.4382 0 456.77 5.24898e-10
2.61 1.4382 0 457.773 5.09673e-10
2.61 1.4382 0 458.775 4.94893e-10
2.61 1.4382 0 459.778 4.80543e-10
2.61 1.4382 0 460.78 4.66612e-10
2.61 1.4382 0 461.783 4.53087e-10
2.61 1.4382 0 462.785 4.39955e-10
2.61 1.4382 0 463.788 4.27207e-10
2.61 1.4382 0 464.79 4.14829e-10
2.61 1.4382 0 465.793 4.02812e-10
2.61 1.4382 0 466.795 3.91145e-10
2.61 1.4382 0 467.798 3.79817e-10
2.61 1.4382 0 468.8 3.68819e-10
2.61 1.4382 0 469.803 3.58141e-10
2.61 1.4382 0 470.805 3.47773e-10
2.61 1.4382 0 471.807 3.37708e-10
2.61 1.4382 0 472.81 3.27935e-10
2.61 1.4382 0 473.812 3.18446e-10
2.61 1.4382 0 474.815 3.09233e-10
2.61 1.4382 0 475.817 3.00287e-10
2.61 1.4382 0 476.82 2.91602e-10
2.61 1.4382 0 477.822 2.83169e-10
2.61 1.4382 0 478.825 2.74981e-10
2.61 1.4382 0 479.827 2.67031e-10
2.61 1.4382 0 480.83 2.59312e-10
2.61 1.4382 0 481.832 2.51817e-10
2.61 1.4382 0 482.835 2.4454e-10
2.61 1.4382 0 483.837 2.37474e-10
2.61 1.4382 0 484.84 2.30613e-10
2.61 1.4382 0 485.842 2.23951e-10
2.61 1.4382 0 486.844 2.17482e-10
2.61 1.4382 0 487.847 2.11201e-10
2.61 1.4382 0 488.849 2.05103e-10
2.61 1.4382 0 489.852 1.99181e-10
2.61 1.4382 0 490.854 1.93431e-10
2.61 1.4382 0 491.857 1.87847e-10
2.61 1.4382 0 492.859 1.82426e-10
2.61 1.4382 0 493.862 1.77161e-10
2.61 1.4382 0 494.864 1.7205e-10
2.61 1.4382 0 495.867 1.67086e-10
2.61 1.4382 0 496.869 1.62266e-10
2.61 1.4382 0 497.872 1.57586e-10
2.61 1.4382 0 498.874 1.53041e-10
2.61 1.4382 0 499.877 1.48628e-10
2.61 1.4382 0 500.879 1.44343e-10
2.61 1.4382 0 501.882 1.40181e-10
2.61 1.4382 0 502.884 1.36141e-10
2.61 1.4382 0 503.886 1.32217e-10
2.61 1.4382 0 504.889 1.28406e-10
2.61 1.4382 0 505.891 1.24706e-10
2.61 1.4382 0 506.894 1.21113e-10
2.61 1.4382 0 507.896 1.17624e-10
2.61 1.4382 0 508.899 1.14236e-10
2.61 1.4382 0 509.901 1.10946e-10
2.61 1.4382 0 510.904 1.07751e-10
2.61 1.4382 0 511.906 1.04648e-10
2.61 1.4382 0 512.909 1.01635e-10
2.61 1.4382 0 513.911 9.87095e-11
2.61 1.4382 0 514.914 9.58682e-11
2.61 1.4382 0 515.916 9.3109e-11
2.61 1.4382 0 516.919 9.04295e-11
2.61 1.4382 0 517.921 8.78274e-11
2.61 1.4382 0 518.923 8.53004e-11
2.61 1.4382 0 519.926 8.28465e-11
2.61 1.4382 0 520.928 8.04634e-11
2.61 1.4382 0 521.931 7.81491e-11
2.61 1.4382 0 522.933 7.59017e-11
2.61 1.4382 0 523.936 7.37191e-11
2.61 1.4382 0 524.938 7.15995e-11
2.61 1.4382 0 525.941 6.9541e-11
2.61 1.4382 0 526.943 6.7542e-11
2.61 1.4382 0 527.946 6.56007e-11
2.61 1.4382 0 528.948 6.37153e-11
2.61 1.4382 0 529.951 6.18843e-11
2.61 1.4382 0 530.953 6.01062e-11
2.61 1.4382 0 531.956 5.83793e-11
2.61 1.4382 0 532.958 5.67022e-11
2.61 1.4382 0 533.961 5.50734e-11
2.61 1.4382 0 534.963 5.34917e-11
2.61 1.4382 0 535.965 5.19555e-11
2.61 1.4382 0 536.968 5.04635e-11
2.61 1.4382 0 537.97 4.90146e-11
2.61 1.4382 0 538.973 4.76074e-11
2.61 1.4382 0 539.975 4.62408e-11
2.61 1.4382 0 540.978 4.49135e-11
2.61 1.4382 0 541.98 4.36244e-11
2.61 1.4382 0 542.983 4.23725e-11
2.61 1.4382 0 543.985 4.11566e-11
2.61 1.4382 0 544.988 3.99758e-11
2.61 1.4382 0 545.99 3.88289e-11
2.61 1.4382 0 546.993 3.77151e-11
2.61 1.4382 0 547.995 3.66333e-11
2.61 1.4382 0 548.998 3.55826e-11
2.61 1.4382 0 550 3.45622e-11
