1.975 1.4382 0 150.015 3.16312e-06
1.975 1.4382 0 151.017 5.4394e-06
1.975 1.4382 0 152.02 5.63188e-06
1.975 1.4382 0 153.022 5.3708e-06
1.975 1.4382 0 154.025 5.07965e-06
1.975 1.4382 0 155.027 4.80523e-06
1.975 1.4382 0 156.03 4.54982e-06
1.975 1.4382 0 157.032 4.31173e-06
1.975 1.4382 0 158.035 4.0893e-06
1.975 1.4382 0 159.037 3.88114e-06
1.975 1.4382 0 160.04 3.68607e-06
1.975 1.4382 0 161.042 3.50306e-06
1.975 1.4382 0 162.045 3.33122e-06
1.975 1.4382 0 163.047 3.16973e-06
1.975 1.4382 0 164.05 3.01787e-06
1.975 1.4382 0 165.052 2.87495e-06
1.975 1.4382 0 166.054 2.74037e-06
1.975 1.4382 0 167.057 2.61356e-06
1.975 1.4382 0 168.059 2.49401e-06
1.975 1.4382 0 169.062 2.38123e-06
1.975 1.4382 0 170.064 2.27479e-06
1.975 1.4382 0 171.067 2.17427e-06
1.975 1.4382 0 172.069 2.07929e-06
1.975 1.4382 0 173.072 1.98949e-06
1.975 1.4382 0 174.074 1.90456e-06
1.975 1.4382 0 175.077 1.82417e-06
1.975 1.4382 0 176.079 1.74806e-06
1.975 1.4382 0 177.082 1.67595e-06
1.975 1.4382 0 178.084 1.60759e-06
1.975 1.4382 0 179.087 1.54275e-06
1.975 1.4382 0 180.089 1.48123e-06
1.975 1.4382 0 181.092 1.42282e-06
1.975 1.4382 0 182.094 1.36734e-06
1.975 1.4382 0 183.096 1.3146e-06
1.975 1.4382 0 184.099 1.26445e-06
1.975 1.4382 0 185.101 1.21673e-06
1.975 1.4382 0 186.104 1.17131e-06
1.975 1.4382 0 187.106 1.12805e-06
1.975 1.4382 0 188.109 1.08682e-06
1.975 1.4382 0 189.111 1.04751e-06
1.975 1.4382 0 190.114 1.01002e-06
1.975 1.4382 0 191.116 9.74228e-07
1.975 1.4382 0 192.119 9.40053e-07
1.975 1.4382 0 193.121 9.07402e-07
1.975 1.4382 0 194.124 8.76191e-07
1.975 1.4382 0 195.126 8.46343e-07
1.975 1.4382 0 196.129 8.17784e-07
1.975 1.4382 0 197.131 7.90444e-07
1.975 1.4382 0 198.133 7.64259e-07
1.975 1.4382 0 199.136 7.39169e-07
1.975 1.4382 0 200.138 7.15116e-07
1.975 1.4382 0 201.141 6.92046e-07
1.975 1.4382 0 202.143 6.69911e-07
1.975 1.4382 0 203.146 6.48661e-07
1.975 1.4382 0 204.148 6.28253e-07
1.975 1.4382 0 205.151 6.08645e-07
1.975 1.4382 0 206.153 5.89798e-07
1.975 1.4382 0 207.156 5.71674e-07
1.975 1.4382 0 208.158 5.54239e-07
1.975 1.4382 0 209.161 5.37459e-07
1.975 1.4382 0 210.163 5.21304e-07
1.975 1.4382 0 211.166 5.05745e-07
1.975 1.4382 0 212.168 4.90753e-07
1.975 1.4382 0 213.171 4.76303e-07
1.975 1.4382 0 214.173 4.62371e-07
1.975 1.4382 0 215.175 4.48932e-07
1.975 1.4382 0 216.178 4.35965e-07
1.975 1.4382 0 217.18 4.2345e-07
1.975 1.4382 0 218.183 4.11366e-07
1.975 1.4382 0 219.185 3.99695e-07
1.975 1.4382 0 220.188 3.88419e-07
1.975 1.4382 0 221.19 3.77522e-07
1.975 1.4382 0 222.193 3.66988e-07
1.975 1.4382 0 223.195 3.56802e-07
1.975 1.4382 0 224.198 3.46949e-07
1.975 1.4382 0 225.2 3.37416e-07
1.975 1.4382 0 226.203 3.28191e-07
1.975 1.4382 0 227.205 3.19261e-07
1.975 1.4382 0 228.208 3.10614e-07
1.975 1.4382 0 229.21 3.0224e-07
1.975 1.4382 0 230.212 2.94127e-07
1.975 1.4382 0 231.215 2.86267e-07
1.975 1.4382 0 232.217 2.78648e-07
1.975 1.4382 0 233.22 2.71264e-07
1.975 1.4382 0 234.222 2.64103e-07
1.975 1.4382 0 235.225 2.5716e-07
1.975 1.4382 0 236.227 2.50424e-07
1.975 1.4382 0 237.23 2.4389e-07
1.975 1.4382 0 238.232 2.3755e-07
1.975 1.4382 0 239.235 2.31396e-07
1.975 1.4382 0 240.237 2.25424e-07
1.975 1.4382 0 241.24 2.19625e-07
1.975 1.4382 0 242.242 2.13994e-07
1.975 1.4382 0 243.245 2.08525e-07
1.975 1.4382 0 244.247 2.03214e-07
1.975 1.4382 0 245.25 1.98054e-07
1.975 1.4382 0 246.252 1.9304e-07
1.975 1.4382 0 247.254 1.88168e-07
1.975 1.4382 0 248.257 1.83433e-07
1.975 1.4382 0 249.259 1.7883e-07
1.975 1.4382 0 250.262 1.74356e-07
1.975 1.4382 0 251.264 1.70006e-07
1.975 1.4382 0 252.267 1.65775e-07
1.975 1.4382 0 253.269 1.61661e-07
1.975 1.4382 0 254.272 1.5766e-07
1.975 1.4382 0 255.274 1.53767e-07
1.975 1.4382 0 256.277 1.4998e-07
1.975 1.4382 0 257.279 1.46296e-07
1.975 1.4382 0 258.282 1.42711e-07
1.975 1.4382 0 259.284 1.39221e-07
1.975 1.4382 0 260.287 1.35826e-07
1.975 1.4382 0 261.289 1.3252e-07
1.975 1.4382 0 262.291 1.29303e-07
1.975 1.4382 0 263.294 1.2617e-07
1.975 1.4382 0 264.296 1.2312e-07
1.975 1.4382 0 265.299 1.2015e-07
1.975 1.4382 0 266.301 1.17258e-07
1.975 1.4382 0 267.304 1.14441e-07
1.975 1.4382 0 268.306 1.11698e-07
1.975 1.4382 0 269.309 1.09026e-07
1.975 1.4382 0 270.311 1.06422e-07
1.975 1.4382 0 271.314 1.03886e-07
1.975 1.4382 0 272.316 1.01415e-07
1.975 1.4382 0 273.319 9.90078e-08
1.975 1.4382 0 274.321 9.66618e-08
1.975 1.4382 0 275.324 9.43755e-08
1.975 1.4382 0 276.326 9.21474e-08
1.975 1.4382 0 277.329 8.99757e-08
1.975 1.4382 0 278.331 8.78589e-08
1.975 1.4382 0 279.333 8.57955e-08
1.975 1.4382 0 280.336 8.3784e-08
1.975 1.4382 0 281.338 8.18229e-08
1.975 1.4382 0 282.341 7.9911e-08
1.975 1.4382 0 283.343 7.80467e-08
1.975 1.4382 0 284.346 7.62289e-08
1.975 1.4382 0 285.348 7.44563e-08
1.975 1.4382 0 286.351 7.27275e-08
1.975 1.4382 0 287.353 7.10416e-08
1.975 1.4382 0 288.356 6.93972e-08
1.975 1.4382 0 289.358 6.77933e-08
1.975 1.4382 0 290.361 6.62288e-08
1.975 1.4382 0 291.363 6.47027e-08
1.975 1.4382 0 292.366 6.32138e-08
1.975 1.4382 0 293.368 6.17614e-08
1.975 1.4382 0 294.37 6.03442e-08
1.975 1.4382 0 295.373 5.89616e-08
1.975 1.4382 0 296.375 5.76124e-08
1.975 1.4382 0 297.378 5.6296e-08
1.975 1.4382 0 298.38 5.50113e-08
1.975 1.4382 0 299.383 5.37576e-08
1.975 1.4382 0 300.385 5.25341e-08
1.975 1.4382 0 301.388 5.13399e-08
1.975 1.4382 0 302.39 5.01744e-08
1.975 1.4382 0 303.393 4.90368e-08
1.975 1.4382 0 304.395 4.79263e-08
1.975 1.4382 0 305.398 4.68423e-08
1.975 1.4382 0 306.4 4.57841e-08
1.975 1.4382 0 307.403 4.4751e-08
1.975 1.4382 0 308.405 4.37425e-08
1.975 1.4382 0 309.408 4.27578e-08
1.975 1.4382 0 310.41 4.17963e-08
1.975 1.4382 0 311.412 4.08576e-08
1.975 1.4382 0 312.415 3.99409e-08
1.975 1.4382 0 313.417 3.90459e-08
1.975 1.4382 0 314.42 3.81718e-08
1.975 1.4382 0 315.422 3.73182e-08
1.975 1.4382 0 316.425 3.64845e-08
1.975 1.4382 0 317.427 3.56704e-08
1.975 1.4382 0 318.43 3.48752e-08
1.975 1.4382 0 319.432 3.40985e-08
1.975 1.4382 0 320.435 3.33399e-08
1.975 1.4382 0 321.437 3.25989e-08
1.975 1.4382 0 322.44 3.18751e-08
1.975 1.4382 0 323.442 3.1168e-08
1.975 1.4382 0 324.445 3.04773e-08
1.975 1.4382 0 325.447 2.98025e-08
1.975 1.4382 0 326.449 2.91433e-08
1.975 1.4382 0 327.452 2.84992e-08
1.975 1.4382 0 328.454 2.78699e-08
1.975 1.4382 0 329.457 2.72551e-08
1.975 1.4382 0 330.459 2.66543e-08
1.975 1.4382 0 331.462 2.60673e-08
1.975 1.4382 0 332.464 2.54937e-08
1.975 1.4382 0 333.467 2.49332e-08
1.975 1.4382 0 334.469 2.43855e-08
1.975 1.4382 0 335.472 2.38502e-08
1.975 1.4382 0 336.474 2.33272e-08
1.975 1.4382 0 337.477 2.28159e-08
1.975 1.4382 0 338.479 2.23163e-08
1.975 1.4382 0 339.482 2.1828e-08
1.975 1.4382 0 340.484 2.13507e-08
1.975 1.4382 0 341.487 2.08843e-08
1.975 1.4382 0 342.489 2.04283e-08
1.975 1.4382 0 343.491 1.99826e-08
1.975 1.4382 0 344.494 1.9547e-08
1.975 1.4382 0 345.496 1.91211e-08
1.975 1.4382 0 346.499 1.87048e-08
1.975 1.4382 0 347.501 1.82979e-08
1.975 1.4382 0 348.504 1.79001e-08
1.975 1.4382 0 349.506 1.75111e-08
1.975 1.4382 0 350.509 1.71309e-08
1.975 1.4382 0 351.511 1.67592e-08
1.975 1.4382 0 352.514 1.63957e-08
1.975 1.4382 0 353.516 1.60404e-08
1.975 1.4382 0 354.519 1.5693e-08
1.975 1.4382 0 355.521 1.53533e-08
1.975 1.4382 0 356.524 1.50211e-08
1.975 1.4382 0 357.526 1.46964e-08
1.975 1.4382 0 358.528 1.43788e-08
1.975 1.4382 0 359.531 1.40683e-08
1.975 1.4382 0 360.533 1.37646e-08
1.975 1.4382 0 361.536 1.34676e-08
1.975 1.4382 0 362.538 1.31773e-08
1.975 1.4382 0 363.541 1.28933e-08
1.975 1.4382 0 364.543 1.26156e-08
1.975 1.4382 0 365.546 1.2344e-08
1.975 1.4382 0 366.548 1.20784e-08
1.975 1.4382 0 367.551 1.18186e-08
1.975 1.4382 0 368.553 1.15646e-08
1.975 1.4382 0 369.556 1.13161e-08
1.975 1.4382 0 370.558 1.10731e-08
1.975 1.4382 0 371.561 1.08354e-08
1.975 1.4382 0 372.563 1.06029e-08
1.975 1.4382 0 373.566 1.03755e-08
1.975 1.4382 0 374.568 1.0153e-08
1.975 1.4382 0 375.57 9.93548e-09
1.975 1.4382 0 376.573 9.72266e-09
1.975 1.4382 0 377.575 9.51449e-09
1.975 1.4382 0 378.578 9.31086e-09
1.975 1.4382 0 379.58 9.11167e-09
1.975 1.4382 0 380.583 8.91682e-09
1.975 1.4382 0 381.585 8.7262e-09
1.975 1.4382 0 382.588 8.53973e-09
1.975 1.4382 0 383.59 8.35731e-09
1.975 1.4382 0 384.593 8.17886e-09
1.975 1.4382 0 385.595 8.00428e-09
1.975 1.4382 0 386.598 7.83348e-09
1.975 1.4382 0 387.6 7.66638e-09
1.975 1.4382 0 388.603 7.50291e-09
1.975 1.4382 0 389.605 7.34297e-09
1.975 1.4382 0 390.607 7.1865e-09
1.975 1.4382 0 391.61 7.0334e-09
1.975 1.4382 0 392.612 6.88362e-09
1.975 1.4382 0 393.615 6.73707e-09
1.975 1.4382 0 394.617 6.59368e-09
1.975 1.4382 0 395.62 6.45339e-09
1.975 1.4382 0 396.622 6.31612e-09
1.975 1.4382 0 397.625 6.18181e-09
1.975 1.4382 0 398.627 6.05039e-09
1.975 1.4382 0 399.63 5.9218e-09
1.975 1.4382 0 400.632 5.79598e-09
1.975 1.4382 0 401.635 5.67286e-09
1.975 1.4382 0 402.637 5.55239e-09
1.975 1.4382 0 403.64 5.4345e-09
1.975 1.4382 0 404.642 5.31915e-09
1.975 1.4382 0 405.645 5.20627e-09
1.975 1.4382 0 406.647 5.09582e-09
1.975 1.4382 0 407.649 4.98773e-09
1.975 1.4382 0 408.652 4.88196e-09
1.975 1.4382 0 409.654 4.77846e-09
1.975 1.4382 0 410.657 4.67717e-09
1.975 1.4382 0 411.659 4.57805e-09
1.975 1.4382 0 412.662 4.48105e-09
1.975 1.4382 0 413.664 4.38613e-09
1.975 1.4382 0 414.667 4.29323e-09
1.975 1.4382 0 415.669 4.20232e-09
1.975 1.4382 0 416.672 4.11335e-09
1.975 1.4382 0 417.674 4.02628e-09
1.975 1.4382 0 418.677 3.94107e-09
1.975 1.4382 0 419.679 3.85768e-09
1.975 1.4382 0 420.682 3.77607e-09
1.975 1.4382 0 421.684 3.6962e-09
1.975 1.4382 0 422.686 3.61803e-09
1.975 1.4382 0 423.689 3.54152e-09
1.975 1.4382 0 424.691 3.46665e-09
1.975 1.4382 0 425.694 3.39337e-09
1.975 1.4382 0 426.696 3.32164e-09
1.975 1.4382 0 427.699 3.25145e-09
1.975 1.4382 0 428.701 3.18275e-09
1.975 1.4382 0 429.704 3.11551e-09
1.975 1.4382 0 430.706 3.0497e-09
1.975 1.4382 0 431.709 2.98529e-09
1.975 1.4382 0 432.711 2.92224e-09
1.975 1.4382 0 433.714 2.86054e-09
1.975 1.4382 0 434.716 2.80015e-09
1.975 1.4382 0 435.719 2.74104e-09
1.975 1.4382 0 436.721 2.68318e-09
1.975 1.4382 0 437.724 2.62655e-09
1.975 1.4382 0 438.726 2.57112e-09
1.975 1.4382 0 439.728 2.51687e-09
1.975 1.4382 0 440.731 2.46377e-09
1.975 1.4382 0 441.733 2.4118e-09
1.975 1.4382 0 442.736 2.36092e-09
1.975 1.4382 0 443.738 2.31113e-09
1.975 1.4382 0 444.741 2.26238e-09
1.975 1.4382 0 445.743 2.21468e-09
1.975 1.4382 0 446.746 2.16798e-09
1.975 1.4382 0 447.748 2.12227e-09
1.975 1.4382 0 448.751 2.07753e-09
1.975 1.4382 0 449.753 2.03373e-09
1.975 1.4382 0 450.756 1.99086e-09
1.975 1.4382 0 451.758 1.9489e-09
1.975 1.4382 0 452.761 1.90783e-09
1.975 1.4382 0 453.763 1.86762e-09
1.975 1.4382 0 454.765 1.82827e-09
1.975 1.4382 0 455.768 1.78974e-09
1.975 1.4382 0 456.77 1.75203e-09
1.975 1.4382 0 457.773 1.71512e-09
1.975 1.4382 0 458.775 1.67899e-09
1.975 1.4382 0 459.778 1.64362e-09
1.975 1.4382 0 460.78 1.609e-09
1.975 1.4382 0 461.783 1.57511e-09
1.975 1.4382 0 462.785 1.54194e-09
1.975 1.4382 0 463.788 1.50946e-09
1.975 1.4382 0 464.79 1.47767e-09
1.975 1.4382 0 465.793 1.44655e-09
1.975 1.4382 0 466.795 1.41609e-09
1.975 1.4382 0 467.798 1.38628e-09
1.975 1.4382 0 468.8 1.35709e-09
1.975 1.4382 0 469.803 1.32851e-09
1.975 1.4382 0 470.805 1.30054e-09
1.975 1.4382 0 471.807 1.27316e-09
1.975 1.4382 0 472.81 1.24636e-09
1.975 1.4382 0 473.812 1.22012e-09
1.975 1.4382 0 474.815 1.19444e-09
1.975 1.4382 0 475.817 1.16929e-09
1.975 1.4382 0 476.82 1.14468e-09
1.975 1.4382 0 477.822 1.12059e-09
1.975 1.4382 0 478.825 1.097e-09
1.975 1.4382 0 479.827 1.07391e-09
1.975 1.4382 0 480.83 1.05131e-09
1.975 1.4382 0 481.832 1.02918e-09
1.975 1.4382 0 482.835 1.00752e-09
1.975 1.4382 0 483.837 9.86319e-10
1.975 1.4382 0 484.84 9.65562e-10
1.975 1.4382 0 485.842 9.45242e-10
1.975 1.4382 0 486.844 9.2535e-10
1.975 1.4382 0 487.847 9.05877e-10
1.975 1.4382 0 488.849 8.86814e-10
1.975 1.4382 0 489.852 8.68153e-10
1.975 1.4382 0 490.854 8.49885e-10
1.975 1.4382 0 491.857 8.32001e-10
1.975 1.4382 0 492.859 8.14494e-10
1.975 1.4382 0 493.862 7.97355e-10
1.975 1.4382 0 494.864 7.80577e-10
1.975 1.4382 0 495.867 7.64153e-10
1.975 1.4382 0 496.869 7.48074e-10
1.975 1.4382 0 497.872 7.32333e-10
1.975 1.4382 0 498.874 7.16924e-10
1.975 1.4382 0 499.877 7.01839e-10
1.975 1.4382 0 500.879 6.87072e-10
1.975 1.4382 0 501.882 6.72615e-10
1.975 1.4382 0 502.884 6.58463e-10
1.975 1.4382 0 503.886 6.44608e-10
1.975 1.4382 0 504.889 6.31045e-10
1.975 1.4382 0 505.891 6.17767e-10
1.975 1.4382 0 506.894 6.04769e-10
1.975 1.4382 0 507.896 5.92044e-10
1.975 1.4382 0 508.899 5.79587e-10
1.975 1.4382 0 509.901 5.67392e-10
1.975 1.4382 0 510.904 5.55454e-10
1.975 1.4382 0 511.906 5.43767e-10
1.975 1.4382 0 512.909 5.32325e-10
1.975 1.4382 0 513.911 5.21124e-10
1.975 1.4382 0 514.914 5.10159e-10
1.975 1.4382 0 515.916 4.99425e-10
1.975 1.4382 0 516.919 4.88916e-10
1.975 1.4382 0 517.921 4.78628e-10
1.975 1.4382 0 518.923 4.68557e-10
1.975 1.4382 0 519.926 4.58698e-10
1.975 1.4382 0 520.928 4.49046e-10
1.975 1.4382 0 521.931 4.39596e-10
1.975 1.4382 0 522.933 4.30346e-10
1.975 1.4382 0 523.936 4.2129e-10
1.975 1.4382 0 524.938 4.12425e-10
1.975 1.4382 0 525.941 4.03746e-10
1.975 1.4382 0 526.943 3.9525e-10
1.975 1.4382 0 527.946 3.86932e-10
1.975 1.4382 0 528.948 3.7879e-10
1.975 1.4382 0 529.951 3.70818e-10
1.975 1.4382 0 530.953 3.63014e-10
1.975 1.4382 0 531.956 3.55375e-10
1.975 1.4382 0 532.958 3.47896e-10
1.975 1.4382 0 533.961 3.40574e-10
1.975 1.4382 0 534.963 3.33406e-10
1.975 1.4382 0 535.965 3.26389e-10
1.975 1.4382 0 536.968 3.1952e-10
1.975 1.4382 0 537.97 3.12795e-10
1.975 1.4382 0 538.973 3.06211e-10
1.975 1.4382 0 539.975 2.99766e-10
1.975 1.4382 0 540.978 2.93456e-10
1.975 1.4382 0 541.98 2.8728e-10
1.975 1.4382 0 542.983 2.81233e-10
1.975 1.4382 0 543.985 2.75313e-10
1.975 1.4382 0 544.988 2.69518e-10
1.975 1.4382 0 545.99 2.63844e-10
1.975 1.4382 0 546.993 2.5829e-10
1.975 1.4382 0 547.995 2.52853e-10
1.975 1.4382 0 548.998 2.4753e-10
1.975 1.4382 0 550 2.42319e-10
