1.85 1.4382 0 150.015 4.86123e-06
1.85 1.4382 0 151.017 8.43214e-06
1.85 1.4382 0 152.02 8.8534e-06
1.85 1.4382 0 153.022 8.5647e-06
1.85 1.4382 0 154.025 8.21228e-06
1.85 1.4382 0 155.027 7.87128e-06
1.85 1.4382 0 156.03 7.54766e-06
1.85 1.4382 0 157.032 7.24049e-06
1.85 1.4382 0 158.035 6.94851e-06
1.85 1.4382 0 159.037 6.67062e-06
1.85 1.4382 0 160.04 6.4059e-06
1.85 1.4382 0 161.042 6.15353e-06
1.85 1.4382 0 162.045 5.91279e-06
1.85 1.4382 0 163.047 5.68302e-06
1.85 1.4382 0 164.05 5.46362e-06
1.85 1.4382 0 165.052 5.25405e-06
1.85 1.4382 0 166.054 5.05377e-06
1.85 1.4382 0 167.057 4.86232e-06
1.85 1.4382 0 168.059 4.67925e-06
1.85 1.4382 0 169.062 4.50413e-06
1.85 1.4382 0 170.064 4.33657e-06
1.85 1.4382 0 171.067 4.17619e-06
1.85 1.4382 0 172.069 4.02266e-06
1.85 1.4382 0 173.072 3.87562e-06
1.85 1.4382 0 174.074 3.73478e-06
1.85 1.4382 0 175.077 3.59984e-06
1.85 1.4382 0 176.079 3.47052e-06
1.85 1.4382 0 177.082 3.34655e-06
1.85 1.4382 0 178.084 3.22768e-06
1.85 1.4382 0 179.087 3.11367e-06
1.85 1.4382 0 180.089 3.00431e-06
1.85 1.4382 0 181.092 2.89937e-06
1.85 1.4382 0 182.094 2.79865e-06
1.85 1.4382 0 183.096 2.70197e-06
1.85 1.4382 0 184.099 2.60913e-06
1.85 1.4382 0 185.101 2.51997e-06
1.85 1.4382 0 186.104 2.43432e-06
1.85 1.4382 0 187.106 2.35202e-06
1.85 1.4382 0 188.109 2.27293e-06
1.85 1.4382 0 189.111 2.19691e-06
1.85 1.4382 0 190.114 2.12381e-06
1.85 1.4382 0 191.116 2.05351e-06
1.85 1.4382 0 192.119 1.98589e-06
1.85 1.4382 0 193.121 1.92084e-06
1.85 1.4382 0 194.124 1.85824e-06
1.85 1.4382 0 195.126 1.79799e-06
1.85 1.4382 0 196.129 1.73998e-06
1.85 1.4382 0 197.131 1.68413e-06
1.85 1.4382 0 198.133 1.63034e-06
1.85 1.4382 0 199.136 1.57852e-06
1.85 1.4382 0 200.138 1.5286e-06
1.85 1.4382 0 201.141 1.48048e-06
1.85 1.4382 0 202.143 1.43411e-06
1.85 1.4382 0 203.146 1.38941e-06
1.85 1.4382 0 204.148 1.3463e-06
1.85 1.4382 0 205.151 1.30473e-06
1.85 1.4382 0 206.153 1.26463e-06
1.85 1.4382 0 207.156 1.22594e-06
1.85 1.4382 0 208.158 1.1886e-06
1.85 1.4382 0 209.161 1.15257e-06
1.85 1.4382 0 210.163 1.11778e-06
1.85 1.4382 0 211.166 1.0842e-06
1.85 1.4382 0 212.168 1.05177e-06
1.85 1.4382 0 213.171 1.02044e-06
1.85 1.4382 0 214.173 9.9018e-07
1.85 1.4382 0 215.175 9.60942e-07
1.85 1.4382 0 216.178 9.32687e-07
1.85 1.4382 0 217.18 9.05378e-07
1.85 1.4382 0 218.183 8.78979e-07
1.85 1.4382 0 219.185 8.53454e-07
1.85 1.4382 0 220.188 8.2877e-07
1.85 1.4382 0 221.19 8.04897e-07
1.85 1.4382 0 222.193 7.81804e-07
1.85 1.4382 0 223.195 7.59461e-07
1.85 1.4382 0 224.198 7.37841e-07
1.85 1.4382 0 225.2 7.16916e-07
1.85 1.4382 0 226.203 6.96663e-07
1.85 1.4382 0 227.205 6.77055e-07
1.85 1.4382 0 228.208 6.5807e-07
1.85 1.4382 0 229.21 6.39685e-07
1.85 1.4382 0 230.212 6.21878e-07
1.85 1.4382 0 231.215 6.04628e-07
1.85 1.4382 0 232.217 5.87917e-07
1.85 1.4382 0 233.22 5.71724e-07
1.85 1.4382 0 234.222 5.56031e-07
1.85 1.4382 0 235.225 5.40821e-07
1.85 1.4382 0 236.227 5.26077e-07
1.85 1.4382 0 237.23 5.11782e-07
1.85 1.4382 0 238.232 4.97922e-07
1.85 1.4382 0 239.235 4.84481e-07
1.85 1.4382 0 240.237 4.71444e-07
1.85 1.4382 0 241.24 4.58798e-07
1.85 1.4382 0 242.242 4.4653e-07
1.85 1.4382 0 243.245 4.34626e-07
1.85 1.4382 0 244.247 4.23075e-07
1.85 1.4382 0 245.25 4.11865e-07
1.85 1.4382 0 246.252 4.00984e-07
1.85 1.4382 0 247.254 3.90422e-07
1.85 1.4382 0 248.257 3.80167e-07
1.85 1.4382 0 249.259 3.7021e-07
1.85 1.4382 0 250.262 3.60541e-07
1.85 1.4382 0 251.264 3.51151e-07
1.85 1.4382 0 252.267 3.42031e-07
1.85 1.4382 0 253.269 3.33171e-07
1.85 1.4382 0 254.272 3.24563e-07
1.85 1.4382 0 255.274 3.162e-07
1.85 1.4382 0 256.277 3.08074e-07
1.85 1.4382 0 257.279 3.00177e-07
1.85 1.4382 0 258.282 2.92501e-07
1.85 1.4382 0 259.284 2.85041e-07
1.85 1.4382 0 260.287 2.77788e-07
1.85 1.4382 0 261.289 2.70737e-07
1.85 1.4382 0 262.291 2.63882e-07
1.85 1.4382 0 263.294 2.57216e-07
1.85 1.4382 0 264.296 2.50733e-07
1.85 1.4382 0 265.299 2.44428e-07
1.85 1.4382 0 266.301 2.38296e-07
1.85 1.4382 0 267.304 2.32331e-07
1.85 1.4382 0 268.306 2.26527e-07
1.85 1.4382 0 269.309 2.20882e-07
1.85 1.4382 0 270.311 2.15388e-07
1.85 1.4382 0 271.314 2.10043e-07
1.85 1.4382 0 272.316 2.04841e-07
1.85 1.4382 0 273.319 1.99778e-07
1.85 1.4382 0 274.321 1.9485e-07
1.85 1.4382 0 275.324 1.90053e-07
1.85 1.4382 0 276.326 1.85384e-07
1.85 1.4382 0 277.329 1.80838e-07
1.85 1.4382 0 278.331 1.76413e-07
1.85 1.4382 0 279.333 1.72103e-07
1.85 1.4382 0 280.336 1.67907e-07
1.85 1.4382 0 281.338 1.63821e-07
1.85 1.4382 0 282.341 1.59841e-07
1.85 1.4382 0 283.343 1.55965e-07
1.85 1.4382 0 284.346 1.52189e-07
1.85 1.4382 0 285.348 1.48511e-07
1.85 1.4382 0 286.351 1.44929e-07
1.85 1.4382 0 287.353 1.41438e-07
1.85 1.4382 0 288.356 1.38038e-07
1.85 1.4382 0 289.358 1.34724e-07
1.85 1.4382 0 290.361 1.31496e-07
1.85 1.4382 0 291.363 1.28349e-07
1.85 1.4382 0 292.366 1.25283e-07
1.85 1.4382 0 293.368 1.22295e-07
1.85 1.4382 0 294.37 1.19383e-07
1.85 1.4382 0 295.373 1.16544e-07
1.85 1.4382 0 296.375 1.13777e-07
1.85 1.4382 0 297.378 1.11079e-07
1.85 1.4382 0 298.38 1.08449e-07
1.85 1.4382 0 299.383 1.05886e-07
1.85 1.4382 0 300.385 1.03386e-07
1.85 1.4382 0 301.388 1.00949e-07
1.85 1.4382 0 302.39 9.85723e-08
1.85 1.4382 0 303.393 9.62549e-08
1.85 1.4382 0 304.395 9.3995e-08
1.85 1.4382 0 305.398 9.17911e-08
1.85 1.4382 0 306.4 8.96417e-08
1.85 1.4382 0 307.403 8.75453e-08
1.85 1.4382 0 308.405 8.55005e-08
1.85 1.4382 0 309.408 8.3506e-08
1.85 1.4382 0 310.41 8.15604e-08
1.85 1.4382 0 311.412 7.96625e-08
1.85 1.4382 0 312.415 7.78109e-08
1.85 1.4382 0 313.417 7.60046e-08
1.85 1.4382 0 314.42 7.42423e-08
1.85 1.4382 0 315.422 7.25228e-08
1.85 1.4382 0 316.425 7.0845e-08
1.85 1.4382 0 317.427 6.92079e-08
1.85 1.4382 0 318.43 6.76105e-08
1.85 1.4382 0 319.432 6.60516e-08
1.85 1.4382 0 320.435 6.45303e-08
1.85 1.4382 0 321.437 6.30456e-08
1.85 1.4382 0 322.44 6.15967e-08
1.85 1.4382 0 323.442 6.01825e-08
1.85 1.4382 0 324.445 5.88022e-08
1.85 1.4382 0 325.447 5.7455e-08
1.85 1.4382 0 326.449 5.61399e-08
1.85 1.4382 0 327.452 5.48562e-08
1.85 1.4382 0 328.454 5.36031e-08
1.85 1.4382 0 329.457 5.23798e-08
1.85 1.4382 0 330.459 5.11855e-08
1.85 1.4382 0 331.462 5.00196e-08
1.85 1.4382 0 332.464 4.88814e-08
1.85 1.4382 0 333.467 4.777e-08
1.85 1.4382 0 334.469 4.66849e-08
1.85 1.4382 0 335.472 4.56254e-08
1.85 1.4382 0 336.474 4.45909e-08
1.85 1.4382 0 337.477 4.35807e-08
1.85 1.4382 0 338.479 4.25942e-08
1.85 1.4382 0 339.482 4.16309e-08
1.85 1.4382 0 340.484 4.06902e-08
1.85 1.4382 0 341.487 3.97715e-08
1.85 1.4382 0 342.489 3.88743e-08
1.85 1.4382 0 343.491 3.79981e-08
1.85 1.4382 0 344.494 3.71423e-08
1.85 1.4382 0 345.496 3.63064e-08
1.85 1.4382 0 346.499 3.549e-08
1.85 1.4382 0 347.501 3.46926e-08
1.85 1.4382 0 348.504 3.39137e-08
1.85 1.4382 0 349.506 3.31528e-08
1.85 1.4382 0 350.509 3.24096e-08
1.85 1.4382 0 351.511 3.16836e-08
1.85 1.4382 0 352.514 3.09744e-08
1.85 1.4382 0 353.516 3.02815e-08
1.85 1.4382 0 354.519 2.96047e-08
1.85 1.4382 0 355.521 2.89434e-08
1.85 1.4382 0 356.524 2.82974e-08
1.85 1.4382 0 357.526 2.76662e-08
1.85 1.4382 0 358.528 2.70495e-08
1.85 1.4382 0 359.531 2.6447e-08
1.85 1.4382 0 360.533 2.58583e-08
1.85 1.4382 0 361.536 2.52831e-08
1.85 1.4382 0 362.538 2.4721e-08
1.85 1.4382 0 363.541 2.41718e-08
1.85 1.4382 0 364.543 2.36352e-08
1.85 1.4382 0 365.546 2.31108e-08
1.85 1.4382 0 366.548 2.25983e-08
1.85 1.4382 0 367.551 2.20975e-08
1.85 1.4382 0 368.553 2.16082e-08
1.85 1.4382 0 369.556 2.11299e-08
1.85 1.4382 0 370.558 2.06625e-08
1.85 1.4382 0 371.561 2.02058e-08
1.85 1.4382 0 372.563 1.97594e-08
1.85 1.4382 0 373.566 1.93231e-08
1.85 1.4382 0 374.568 1.88967e-08
1.85 1.4382 0 375.57 1.84799e-08
1.85 1.4382 0 376.573 1.80726e-08
1.85 1.4382 0 377.575 1.76744e-08
1.85 1.4382 0 378.578 1.72853e-08
1.85 1.4382 0 379.58 1.69049e-08
1.85 1.4382 0 380.583 1.65331e-08
1.85 1.4382 0 381.585 1.61697e-08
1.85 1.4382 0 382.588 1.58144e-08
1.85 1.4382 0 383.59 1.54672e-08
1.85 1.4382 0 384.593 1.51277e-08
1.85 1.4382 0 385.595 1.47959e-08
1.85 1.4382 0 386.598 1.44715e-08
1.85 1.4382 0 387.6 1.41544e-08
1.85 1.4382 0 388.603 1.38444e-08
1.85 1.4382 0 389.605 1.35413e-08
1.85 1.4382 0 390.607 1.3245e-08
1.85 1.4382 0 391.61 1.29553e-08
1.85 1.4382 0 392.612 1.26721e-08
1.85 1.4382 0 393.615 1.23952e-08
1.85 1.4382 0 394.617 1.21245e-08
1.85 1.4382 0 395.62 1.18599e-08
1.85 1.4382 0 396.622 1.16011e-08
1.85 1.4382 0 397.625 1.13481e-08
1.85 1.4382 0 398.627 1.11008e-08
1.85 1.4382 0 399.63 1.08589e-08
1.85 1.4382 0 400.632 1.06224e-08
1.85 1.4382 0 401.635 1.03912e-08
1.85 1.4382 0 402.637 1.0165e-08
1.85 1.4382 0 403.64 9.94395e-09
1.85 1.4382 0 404.642 9.72777e-09
1.85 1.4382 0 405.645 9.51637e-09
1.85 1.4382 0 406.647 9.30965e-09
1.85 1.4382 0 407.649 9.10751e-09
1.85 1.4382 0 408.652 8.90984e-09
1.85 1.4382 0 409.654 8.71654e-09
1.85 1.4382 0 410.657 8.52751e-09
1.85 1.4382 0 411.659 8.34266e-09
1.85 1.4382 0 412.662 8.16188e-09
1.85 1.4382 0 413.664 7.98509e-09
1.85 1.4382 0 414.667 7.8122e-09
1.85 1.4382 0 415.669 7.64312e-09
1.85 1.4382 0 416.672 7.47777e-09
1.85 1.4382 0 417.674 7.31605e-09
1.85 1.4382 0 418.677 7.15789e-09
1.85 1.4382 0 419.679 7.00321e-09
1.85 1.4382 0 420.682 6.85193e-09
1.85 1.4382 0 421.684 6.70397e-09
1.85 1.4382 0 422.686 6.55926e-09
1.85 1.4382 0 423.689 6.41772e-09
1.85 1.4382 0 424.691 6.27929e-09
1.85 1.4382 0 425.694 6.14389e-09
1.85 1.4382 0 426.696 6.01146e-09
1.85 1.4382 0 427.699 5.88193e-09
1.85 1.4382 0 428.701 5.75524e-09
1.85 1.4382 0 429.704 5.63131e-09
1.85 1.4382 0 430.706 5.5101e-09
1.85 1.4382 0 431.709 5.39154e-09
1.85 1.4382 0 432.711 5.27557e-09
1.85 1.4382 0 433.714 5.16213e-09
1.85 1.4382 0 434.716 5.05117e-09
1.85 1.4382 0 435.719 4.94263e-09
1.85 1.4382 0 436.721 4.83645e-09
1.85 1.4382 0 437.724 4.73259e-09
1.85 1.4382 0 438.726 4.631e-09
1.85 1.4382 0 439.728 4.53161e-09
1.85 1.4382 0 440.731 4.43439e-09
1.85 1.4382 0 441.733 4.33929e-09
1.85 1.4382 0 442.736 4.24625e-09
1.85 1.4382 0 443.738 4.15524e-09
1.85 1.4382 0 444.741 4.06621e-09
1.85 1.4382 0 445.743 3.97911e-09
1.85 1.4382 0 446.746 3.8939e-09
1.85 1.4382 0 447.748 3.81054e-09
1.85 1.4382 0 448.751 3.729e-09
1.85 1.4382 0 449.753 3.64922e-09
1.85 1.4382 0 450.756 3.57117e-09
1.85 1.4382 0 451.758 3.49481e-09
1.85 1.4382 0 452.761 3.42011e-09
1.85 1.4382 0 453.763 3.34702e-09
1.85 1.4382 0 454.765 3.27552e-09
1.85 1.4382 0 455.768 3.20556e-09
1.85 1.4382 0 456.77 3.13712e-09
1.85 1.4382 0 457.773 3.07016e-09
1.85 1.4382 0 458.775 3.00464e-09
1.85 1.4382 0 459.778 2.94054e-09
1.85 1.4382 0 460.78 2.87783e-09
1.85 1.4382 0 461.783 2.81647e-09
1.85 1.4382 0 462.785 2.75643e-09
1.85 1.4382 0 463.788 2.6977e-09
1.85 1.4382 0 464.79 2.64022e-09
1.85 1.4382 0 465.793 2.58399e-09
1.85 1.4382 0 466.795 2.52897e-09
1.85 1.4382 0 467.798 2.47513e-09
1.85 1.4382 0 468.8 2.42246e-09
1.85 1.4382 0 469.803 2.37092e-09
1.85 1.4382 0 470.805 2.32049e-09
1.85 1.4382 0 471.807 2.27114e-09
1.85 1.4382 0 472.81 2.22286e-09
1.85 1.4382 0 473.812 2.17561e-09
1.85 1.4382 0 474.815 2.12938e-09
1.85 1.4382 0 475.817 2.08414e-09
1.85 1.4382 0 476.82 2.03988e-09
1.85 1.4382 0 477.822 1.99656e-09
1.85 1.4382 0 478.825 1.95418e-09
1.85 1.4382 0 479.827 1.91271e-09
1.85 1.4382 0 480.83 1.87212e-09
1.85 1.4382 0 481.832 1.83241e-09
1.85 1.4382 0 482.835 1.79355e-09
1.85 1.4382 0 483.837 1.75552e-09
1.85 1.4382 0 484.84 1.7183e-09
1.85 1.4382 0 485.842 1.68189e-09
1.85 1.4382 0 486.844 1.64625e-09
1.85 1.4382 0 487.847 1.61138e-09
1.85 1.4382 0 488.849 1.57725e-09
1.85 1.4382 0 489.852 1.54385e-09
1.85 1.4382 0 490.854 1.51117e-09
1.85 1.4382 0 491.857 1.47919e-09
1.85 1.4382 0 492.859 1.44789e-09
1.85 1.4382 0 493.862 1.41726e-09
1.85 1.4382 0 494.864 1.38729e-09
1.85 1.4382 0 495.867 1.35795e-09
1.85 1.4382 0 496.869 1.32924e-09
1.85 1.4382 0 497.872 1.30115e-09
1.85 1.4382 0 498.874 1.27365e-09
1.85 1.4382 0 499.877 1.24674e-09
1.85 1.4382 0 500.879 1.22041e-09
1.85 1.4382 0 501.882 1.19464e-09
1.85 1.4382 0 502.884 1.16941e-09
1.85 1.4382 0 503.886 1.14473e-09
1.85 1.4382 0 504.889 1.12057e-09
1.85 1.4382 0 505.891 1.09692e-09
1.85 1.4382 0 506.894 1.07378e-09
1.85 1.4382 0 507.896 1.05113e-09
1.85 1.4382 0 508.899 1.02897e-09
1.85 1.4382 0 509.901 1.00727e-09
1.85 1.4382 0 510.904 9.86042e-10
1.85 1.4382 0 511.906 9.65261e-10
1.85 1.4382 0 512.909 9.44922e-10
1.85 1.4382 0 513.911 9.25016e-10
1.85 1.4382 0 514.914 9.05533e-10
1.85 1.4382 0 515.916 8.86464e-10
1.85 1.4382 0 516.919 8.678e-10
1.85 1.4382 0 517.921 8.49532e-10
1.85 1.4382 0 518.923 8.31653e-10
1.85 1.4382 0 519.926 8.14153e-10
1.85 1.4382 0 520.928 7.97025e-10
1.85 1.4382 0 521.931 7.8026e-10
1.85 1.4382 0 522.933 7.63851e-10
1.85 1.4382 0 523.936 7.4779e-10
1.85 1.4382 0 524.938 7.3207e-10
1.85 1.4382 0 525.941 7.16683e-10
1.85 1.4382 0 526.943 7.01622e-10
1.85 1.4382 0 527.946 6.8688e-10
1.85 1.4382 0 528.948 6.72451e-10
1.85 1.4382 0 529.951 6.58327e-10
1.85 1.4382 0 530.953 6.44503e-10
1.85 1.4382 0 531.956 6.30971e-10
1.85 1.4382 0 532.958 6.17726e-10
1.85 1.4382 0 533.961 6.04761e-10
1.85 1.4382 0 534.963 5.92071e-10
1.85 1.4382 0 535.965 5.79648e-10
1.85 1.4382 0 536.968 5.67489e-10
1.85 1.4382 0 537.97 5.55587e-10
1.85 1.4382 0 538.973 5.43936e-10
1.85 1.4382 0 539.975 5.32532e-10
1.85 1.4382 0 540.978 5.21369e-10
1.85 1.4382 0 541.98 5.10441e-10
1.85 1.4382 0 542.983 4.99745e-10
1.85 1.4382 0 543.985 4.89274e-10
1.85 1.4382 0 544.988 4.79025e-10
1.85 1.4382 0 545.99 4.68991e-10
1.85 1.4382 0 546.993 4.5917e-10
1.85 1.4382 0 547.995 4.49556e-10
1.85 1.4382 0 548.998 4.40145e-10
1.85 1.4382 0 550 4.30932e-10
