1.725 1.4382 0 150.015 3.88611e-05
1.725 1.4382 0 151.017 6.79368e-05
1.725 1.4382 0 152.02 7.21689e-05
1.725 1.4382 0 153.022 7.06246e-05
1.725 1.4382 0 154.025 6.84521e-05
1.725 1.4382 0 155.027 6.62794e-05
1.725 1.4382 0 156.03 6.41722e-05
1.725 1.4382 0 157.032 6.21347e-05
1.725 1.4382 0 158.035 6.01649e-05
1.725 1.4382 0 159.037 5.82603e-05
1.725 1.4382 0 160.04 5.64185e-05
1.725 1.4382 0 161.042 5.46374e-05
1.725 1.4382 0 162.045 5.29148e-05
1.725 1.4382 0 163.047 5.12487e-05
1.725 1.4382 0 164.05 4.96372e-05
1.725 1.4382 0 165.052 4.80784e-05
1.725 1.4382 0 166.054 4.65705e-05
1.725 1.4382 0 167.057 4.51118e-05
1.725 1.4382 0 168.059 4.37007e-05
1.725 1.4382 0 169.062 4.23356e-05
1.725 1.4382 0 170.064 4.1015e-05
1.725 1.4382 0 171.067 3.97373e-05
1.725 1.4382 0 172.069 3.85011e-05
1.725 1.4382 0 173.072 3.73051e-05
1.725 1.4382 0 174.074 3.61479e-05
1.725 1.4382 0 175.077 3.50282e-05
1.725 1.4382 0 176.079 3.39448e-05
1.725 1.4382 0 177.082 3.28965e-05
1.725 1.4382 0 178.084 3.18821e-05
1.725 1.4382 0 179.087 3.09005e-05
1.725 1.4382 0 180.089 2.99506e-05
1.725 1.4382 0 181.092 2.90314e-05
1.725 1.4382 0 182.094 2.81417e-05
1.725 1.4382 0 183.096 2.72808e-05
1.725 1.4382 0 184.099 2.64475e-05
1.725 1.4382 0 185.101 2.56411e-05
1.725 1.4382 0 186.104 2.48605e-05
1.725 1.4382 0 187.106 2.4105e-05
1.725 1.4382 0 188.109 2.33737e-05
1.725 1.4382 0 189.111 2.26659e-05
1.725 1.4382 0 190.114 2.19806e-05
1.725 1.4382 0 191.116 2.13173e-05
1.725 1.4382 0 192.119 2.06752e-05
1.725 1.4382 0 193.121 2.00535e-05
1.725 1.4382 0 194.124 1.94516e-05
1.725 1.4382 0 195.126 1.88689e-05
1.725 1.4382 0 196.129 1.83047e-05
1.725 1.4382 0 197.131 1.77584e-05
1.725 1.4382 0 198.133 1.72295e-05
1.725 1.4382 0 199.136 1.67173e-05
1.725 1.4382 0 200.138 1.62212e-05
1.725 1.4382 0 201.141 1.57409e-05
1.725 1.4382 0 202.143 1.52757e-05
1.725 1.4382 0 203.146 1.48251e-05
1.725 1.4382 0 204.148 1.43888e-05
1.725 1.4382 0 205.151 1.39661e-05
1.725 1.4382 0 206.153 1.35567e-05
1.725 1.4382 0 207.156 1.31601e-05
1.725 1.4382 0 208.158 1.27759e-05
1.725 1.4382 0 209.161 1.24037e-05
1.725 1.4382 0 210.163 1.20432e-05
1.725 1.4382 0 211.166 1.16938e-05
1.725 1.4382 0 212.168 1.13554e-05
1.725 1.4382 0 213.171 1.10274e-05
1.725 1.4382 0 214.173 1.07096e-05
1.725 1.4382 0 215.175 1.04016e-05
1.725 1.4382 0 216.178 1.01032e-05
1.725 1.4382 0 217.18 9.81395e-06
1.725 1.4382 0 218.183 9.53362e-06
1.725 1.4382 0 219.185 9.2619e-06
1.725 1.4382 0 220.188 8.99853e-06
1.725 1.4382 0 221.19 8.74323e-06
1.725 1.4382 0 222.193 8.49573e-06
1.725 1.4382 0 223.195 8.2558e-06
1.725 1.4382 0 224.198 8.02318e-06
1.725 1.4382 0 225.2 7.79763e-06
1.725 1.4382 0 226.203 7.57894e-06
1.725 1.4382 0 227.205 7.36687e-06
1.725 1.4382 0 228.208 7.16122e-06
1.725 1.4382 0 229.21 6.96178e-06
1.725 1.4382 0 230.212 6.76836e-06
1.725 1.4382 0 231.215 6.58075e-06
1.725 1.4382 0 232.217 6.39878e-06
1.725 1.4382 0 233.22 6.22226e-06
1.725 1.4382 0 234.222 6.05103e-06
1.725 1.4382 0 235.225 5.8849e-06
1.725 1.4382 0 236.227 5.72373e-06
1.725 1.4382 0 237.23 5.56734e-06
1.725 1.4382 0 238.232 5.4156e-06
1.725 1.4382 0 239.235 5.26835e-06
1.725 1.4382 0 240.237 5.12545e-06
1.725 1.4382 0 241.24 4.98677e-06
1.725 1.4382 0 242.242 4.85216e-06
1.725 1.4382 0 243.245 4.72151e-06
1.725 1.4382 0 244.247 4.59469e-06
1.725 1.4382 0 245.25 4.47158e-06
1.725 1.4382 0 246.252 4.35206e-06
1.725 1.4382 0 247.254 4.23602e-06
1.725 1.4382 0 248.257 4.12335e-06
1.725 1.4382 0 249.259 4.01394e-06
1.725 1.4382 0 250.262 3.90771e-06
1.725 1.4382 0 251.264 3.80453e-06
1.725 1.4382 0 252.267 3.70433e-06
1.725 1.4382 0 253.269 3.60701e-06
1.725 1.4382 0 254.272 3.51247e-06
1.725 1.4382 0 255.274 3.42064e-06
1.725 1.4382 0 256.277 3.33143e-06
1.725 1.4382 0 257.279 3.24476e-06
1.725 1.4382 0 258.282 3.16056e-06
1.725 1.4382 0 259.284 3.07874e-06
1.725 1.4382 0 260.287 2.99923e-06
1.725 1.4382 0 261.289 2.92196e-06
1.725 1.4382 0 262.291 2.84687e-06
1.725 1.4382 0 263.294 2.77389e-06
1.725 1.4382 0 264.296 2.70295e-06
1.725 1.4382 0 265.299 2.63399e-06
1.725 1.4382 0 266.301 2.56696e-06
1.725 1.4382 0 267.304 2.50179e-06
1.725 1.4382 0 268.306 2.43843e-06
1.725 1.4382 0 269.309 2.37682e-06
1.725 1.4382 0 270.311 2.31691e-06
1.725 1.4382 0 271.314 2.25866e-06
1.725 1.4382 0 272.316 2.202e-06
1.725 1.4382 0 273.319 2.1469e-06
1.725 1.4382 0 274.321 2.0933e-06
1.725 1.4382 0 275.324 2.04117e-06
1.725 1.4382 0 276.326 1.99045e-06
1.725 1.4382 0 277.329 1.94111e-06
1.725 1.4382 0 278.331 1.89311e-06
1.725 1.4382 0 279.333 1.8464e-06
1.725 1.4382 0 280.336 1.80096e-06
1.725 1.4382 0 281.338 1.75673e-06
1.725 1.4382 0 282.341 1.71369e-06
1.725 1.4382 0 283.343 1.6718e-06
1.725 1.4382 0 284.346 1.63103e-06
1.725 1.4382 0 285.348 1.59135e-06
1.725 1.4382 0 286.351 1.55272e-06
1.725 1.4382 0 287.353 1.51511e-06
1.725 1.4382 0 288.356 1.47849e-06
1.725 1.4382 0 289.358 1.44285e-06
1.725 1.4382 0 290.361 1.40813e-06
1.725 1.4382 0 291.363 1.37433e-06
1.725 1.4382 0 292.366 1.34142e-06
1.725 1.4382 0 293.368 1.30936e-06
1.725 1.4382 0 294.37 1.27814e-06
1.725 1.4382 0 295.373 1.24772e-06
1.725 1.4382 0 296.375 1.2181e-06
1.725 1.4382 0 297.378 1.18924e-06
1.725 1.4382 0 298.38 1.16113e-06
1.725 1.4382 0 299.383 1.13374e-06
1.725 1.4382 0 300.385 1.10705e-06
1.725 1.4382 0 301.388 1.08105e-06
1.725 1.4382 0 302.39 1.0557e-06
1.725 1.4382 0 303.393 1.03101e-06
1.725 1.4382 0 304.395 1.00694e-06
1.725 1.4382 0 305.398 9.83484e-07
1.725 1.4382 0 306.4 9.6062e-07
1.725 1.4382 0 307.403 9.38333e-07
1.725 1.4382 0 308.405 9.16606e-07
1.725 1.4382 0 309.408 8.95425e-07
1.725 1.4382 0 310.41 8.74775e-07
1.725 1.4382 0 311.412 8.54641e-07
1.725 1.4382 0 312.415 8.35009e-07
1.725 1.4382 0 313.417 8.15865e-07
1.725 1.4382 0 314.42 7.97197e-07
1.725 1.4382 0 315.422 7.7899e-07
1.725 1.4382 0 316.425 7.61233e-07
1.725 1.4382 0 317.427 7.43914e-07
1.725 1.4382 0 318.43 7.27021e-07
1.725 1.4382 0 319.432 7.10542e-07
1.725 1.4382 0 320.435 6.94466e-07
1.725 1.4382 0 321.437 6.78783e-07
1.725 1.4382 0 322.44 6.63482e-07
1.725 1.4382 0 323.442 6.48552e-07
1.725 1.4382 0 324.445 6.33985e-07
1.725 1.4382 0 325.447 6.19771e-07
1.725 1.4382 0 326.449 6.05899e-07
1.725 1.4382 0 327.452 5.92362e-07
1.725 1.4382 0 328.454 5.7915e-07
1.725 1.4382 0 329.457 5.66255e-07
1.725 1.4382 0 330.459 5.53669e-07
1.725 1.4382 0 331.462 5.41383e-07
1.725 1.4382 0 332.464 5.2939e-07
1.725 1.4382 0 333.467 5.17682e-07
1.725 1.4382 0 334.469 5.06252e-07
1.725 1.4382 0 335.472 4.95093e-07
1.725 1.4382 0 336.474 4.84197e-07
1.725 1.4382 0 337.477 4.73558e-07
1.725 1.4382 0 338.479 4.6317e-07
1.725 1.4382 0 339.482 4.53025e-07
1.725 1.4382 0 340.484 4.43118e-07
1.725 1.4382 0 341.487 4.33443e-07
1.725 1.4382 0 342.489 4.23993e-07
1.725 1.4382 0 343.491 4.14763e-07
1.725 1.4382 0 344.494 4.05748e-07
1.725 1.4382 0 345.496 3.96942e-07
1.725 1.4382 0 346.499 3.8834e-07
1.725 1.4382 0 347.501 3.79937e-07
1.725 1.4382 0 348.504 3.71727e-07
1.725 1.4382 0 349.506 3.63706e-07
1.725 1.4382 0 350.509 3.5587e-07
1.725 1.4382 0 351.511 3.48213e-07
1.725 1.4382 0 352.514 3.40731e-07
1.725 1.4382 0 353.516 3.3342e-07
1.725 1.4382 0 354.519 3.26276e-07
1.725 1.4382 0 355.521 3.19294e-07
1.725 1.4382 0 356.524 3.12471e-07
1.725 1.4382 0 357.526 3.05803e-07
1.725 1.4382 0 358.528 2.99285e-07
1.725 1.4382 0 359.531 2.92915e-07
1.725 1.4382 0 360.533 2.86688e-07
1.725 1.4382 0 361.536 2.80601e-07
1.725 1.4382 0 362.538 2.74651e-07
1.725 1.4382 0 363.541 2.68835e-07
1.725 1.4382 0 364.543 2.63149e-07
1.725 1.4382 0 365.546 2.57589e-07
1.725 1.4382 0 366.548 2.52154e-07
1.725 1.4382 0 367.551 2.4684e-07
1.725 1.4382 0 368.553 2.41644e-07
1.725 1.4382 0 369.556 2.36563e-07
1.725 1.4382 0 370.558 2.31595e-07
1.725 1.4382 0 371.561 2.26737e-07
1.725 1.4382 0 372.563 2.21986e-07
1.725 1.4382 0 373.566 2.1734e-07
1.725 1.4382 0 374.568 2.12796e-07
1.725 1.4382 0 375.57 2.08352e-07
1.725 1.4382 0 376.573 2.04006e-07
1.725 1.4382 0 377.575 1.99755e-07
1.725 1.4382 0 378.578 1.95597e-07
1.725 1.4382 0 379.58 1.91529e-07
1.725 1.4382 0 380.583 1.87551e-07
1.725 1.4382 0 381.585 1.83659e-07
1.725 1.4382 0 382.588 1.79852e-07
1.725 1.4382 0 383.59 1.76127e-07
1.725 1.4382 0 384.593 1.72483e-07
1.725 1.4382 0 385.595 1.68918e-07
1.725 1.4382 0 386.598 1.65431e-07
1.725 1.4382 0 387.6 1.62018e-07
1.725 1.4382 0 388.603 1.58679e-07
1.725 1.4382 0 389.605 1.55412e-07
1.725 1.4382 0 390.607 1.52215e-07
1.725 1.4382 0 391.61 1.49087e-07
1.725 1.4382 0 392.612 1.46026e-07
1.725 1.4382 0 393.615 1.4303e-07
1.725 1.4382 0 394.617 1.40099e-07
1.725 1.4382 0 395.62 1.3723e-07
1.725 1.4382 0 396.622 1.34422e-07
1.725 1.4382 0 397.625 1.31675e-07
1.725 1.4382 0 398.627 1.28985e-07
1.725 1.4382 0 399.63 1.26353e-07
1.725 1.4382 0 400.632 1.23777e-07
1.725 1.4382 0 401.635 1.21255e-07
1.725 1.4382 0 402.637 1.18787e-07
1.725 1.4382 0 403.64 1.1637e-07
1.725 1.4382 0 404.642 1.14005e-07
1.725 1.4382 0 405.645 1.1169e-07
1.725 1.4382 0 406.647 1.09424e-07
1.725 1.4382 0 407.649 1.07205e-07
1.725 1.4382 0 408.652 1.05033e-07
1.725 1.4382 0 409.654 1.02906e-07
1.725 1.4382 0 410.657 1.00824e-07
1.725 1.4382 0 411.659 9.8786e-08
1.725 1.4382 0 412.662 9.67904e-08
1.725 1.4382 0 413.664 9.48365e-08
1.725 1.4382 0 414.667 9.29234e-08
1.725 1.4382 0 415.669 9.10502e-08
1.725 1.4382 0 416.672 8.9216e-08
1.725 1.4382 0 417.674 8.742e-08
1.725 1.4382 0 418.677 8.56614e-08
1.725 1.4382 0 419.679 8.39393e-08
1.725 1.4382 0 420.682 8.2253e-08
1.725 1.4382 0 421.684 8.06016e-08
1.725 1.4382 0 422.686 7.89844e-08
1.725 1.4382 0 423.689 7.74006e-08
1.725 1.4382 0 424.691 7.58496e-08
1.725 1.4382 0 425.694 7.43307e-08
1.725 1.4382 0 426.696 7.2843e-08
1.725 1.4382 0 427.699 7.13861e-08
1.725 1.4382 0 428.701 6.99591e-08
1.725 1.4382 0 429.704 6.85615e-08
1.725 1.4382 0 430.706 6.71927e-08
1.725 1.4382 0 431.709 6.58519e-08
1.725 1.4382 0 432.711 6.45387e-08
1.725 1.4382 0 433.714 6.32524e-08
1.725 1.4382 0 434.716 6.19924e-08
1.725 1.4382 0 435.719 6.07582e-08
1.725 1.4382 0 436.721 5.95493e-08
1.725 1.4382 0 437.724 5.8365e-08
1.725 1.4382 0 438.726 5.72049e-08
1.725 1.4382 0 439.728 5.60685e-08
1.725 1.4382 0 440.731 5.49553e-08
1.725 1.4382 0 441.733 5.38647e-08
1.725 1.4382 0 442.736 5.27963e-08
1.725 1.4382 0 443.738 5.17497e-08
1.725 1.4382 0 444.741 5.07243e-08
1.725 1.4382 0 445.743 4.97197e-08
1.725 1.4382 0 446.746 4.87355e-08
1.725 1.4382 0 447.748 4.77713e-08
1.725 1.4382 0 448.751 4.68266e-08
1.725 1.4382 0 449.753 4.5901e-08
1.725 1.4382 0 450.756 4.49941e-08
1.725 1.4382 0 451.758 4.41056e-08
1.725 1.4382 0 452.761 4.3235e-08
1.725 1.4382 0 453.763 4.2382e-08
1.725 1.4382 0 454.765 4.15461e-08
1.725 1.4382 0 455.768 4.07272e-08
1.725 1.4382 0 456.77 3.99247e-08
1.725 1.4382 0 457.773 3.91384e-08
1.725 1.4382 0 458.775 3.83679e-08
1.725 1.4382 0 459.778 3.76129e-08
1.725 1.4382 0 460.78 3.6873e-08
1.725 1.4382 0 461.783 3.6148e-08
1.725 1.4382 0 462.785 3.54376e-08
1.725 1.4382 0 463.788 3.47414e-08
1.725 1.4382 0 464.79 3.40591e-08
1.725 1.4382 0 465.793 3.33905e-08
1.725 1.4382 0 466.795 3.27353e-08
1.725 1.4382 0 467.798 3.20932e-08
1.725 1.4382 0 468.8 3.14639e-08
1.725 1.4382 0 469.803 3.08473e-08
1.725 1.4382 0 470.805 3.02429e-08
1.725 1.4382 0 471.807 2.96505e-08
1.725 1.4382 0 472.81 2.907e-08
1.725 1.4382 0 473.812 2.85011e-08
1.725 1.4382 0 474.815 2.79435e-08
1.725 1.4382 0 475.817 2.7397e-08
1.725 1.4382 0 476.82 2.68614e-08
1.725 1.4382 0 477.822 2.63364e-08
1.725 1.4382 0 478.825 2.58219e-08
1.725 1.4382 0 479.827 2.53176e-08
1.725 1.4382 0 480.83 2.48233e-08
1.725 1.4382 0 481.832 2.43388e-08
1.725 1.4382 0 482.835 2.38639e-08
1.725 1.4382 0 483.837 2.33985e-08
1.725 1.4382 0 484.84 2.29422e-08
1.725 1.4382 0 485.842 2.2495e-08
1.725 1.4382 0 486.844 2.20567e-08
1.725 1.4382 0 487.847 2.1627e-08
1.725 1.4382 0 488.849 2.12059e-08
1.725 1.4382 0 489.852 2.0793e-08
1.725 1.4382 0 490.854 2.03884e-08
1.725 1.4382 0 491.857 1.99917e-08
1.725 1.4382 0 492.859 1.96028e-08
1.725 1.4382 0 493.862 1.92216e-08
1.725 1.4382 0 494.864 1.8848e-08
1.725 1.4382 0 495.867 1.84817e-08
1.725 1.4382 0 496.869 1.81226e-08
1.725 1.4382 0 497.872 1.77706e-08
1.725 1.4382 0 498.874 1.74256e-08
1.725 1.4382 0 499.877 1.70873e-08
1.725 1.4382 0 500.879 1.67557e-08
1.725 1.4382 0 501.882 1.64306e-08
1.725 1.4382 0 502.884 1.61119e-08
1.725 1.4382 0 503.886 1.57994e-08
1.725 1.4382 0 504.889 1.54931e-08
1.725 1.4382 0 505.891 1.51929e-08
1.725 1.4382 0 506.894 1.48985e-08
1.725 1.4382 0 507.896 1.46099e-08
1.725 1.4382 0 508.899 1.43269e-08
1.725 1.4382 0 509.901 1.40495e-08
1.725 1.4382 0 510.904 1.37775e-08
1.725 1.4382 0 511.906 1.35109e-08
1.725 1.4382 0 512.909 1.32495e-08
1.725 1.4382 0 513.911 1.29932e-08
1.725 1.4382 0 514.914 1.27419e-08
1.725 1.4382 0 515.916 1.24955e-08
1.725 1.4382 0 516.919 1.2254e-08
1.725 1.4382 0 517.921 1.20172e-08
1.725 1.4382 0 518.923 1.1785e-08
1.725 1.4382 0 519.926 1.15573e-08
1.725 1.4382 0 520.928 1.13341e-08
1.725 1.4382 0 521.931 1.11153e-08
1.725 1.4382 0 522.933 1.09007e-08
1.725 1.4382 0 523.936 1.06903e-08
1.725 1.4382 0 524.938 1.0484e-08
1.725 1.4382 0 525.941 1.02817e-08
1.725 1.4382 0 526.943 1.00834e-08
1.725 1.4382 0 527.946 9.88896e-09
1.725 1.4382 0 528.948 9.69829e-09
1.725 1.4382 0 529.951 9.51134e-09
1.725 1.4382 0 530.953 9.32803e-09
1.725 1.4382 0 531.956 9.14828e-09
1.725 1.4382 0 532.958 8.97204e-09
1.725 1.4382 0 533.961 8.79922e-09
1.725 1.4382 0 534.963 8.62976e-09
1.725 1.4382 0 535.965 8.4636e-09
1.725 1.4382 0 536.968 8.30067e-09
1.725 1.4382 0 537.97 8.1409e-09
1.725 1.4382 0 538.973 7.98424e-09
1.725 1.4382 0 539.975 7.83062e-09
1.725 1.4382 0 540.978 7.67998e-09
1.725 1.4382 0 541.98 7.53227e-09
1.725 1.4382 0 542.983 7.38743e-09
1.725 1.4382 0 543.985 7.24539e-09
1.725 1.4382 0 544.988 7.10611e-09
1.725 1.4382 0 545.99 6.96953e-09
1.725 1.4382 0 546.993 6.8356e-09
1.725 1.4382 0 547.995 6.70427e-09
1.725 1.4382 0 548.998 6.57548e-09
1.725 1.4382 0 550 6.44918e-09
