1.635 1.4382 0 150.015 1.9093e-06
1.635 1.4382 0 151.017 3.31843e-06
1.635 1.4382 0 152.02 3.50138e-06
1.635 1.4382 0 153.022 3.41045e-06
1.635 1.4382 0 154.025 3.29588e-06
1.635 1.4382 0 155.027 3.18562e-06
1.635 1.4382 0 156.03 3.08127e-06
1.635 1.4382 0 157.032 2.98217e-06
1.635 1.4382 0 158.035 2.88765e-06
1.635 1.4382 0 159.037 2.79723e-06
1.635 1.4382 0 160.04 2.71057e-06
1.635 1.4382 0 161.042 2.62735e-06
1.635 1.4382 0 162.045 2.54735e-06
1.635 1.4382 0 163.047 2.47037e-06
1.635 1.4382 0 164.05 2.39623e-06
1.635 1.4382 0 165.052 2.32478e-06
1.635 1.4382 0 166.054 2.25588e-06
1.635 1.4382 0 167.057 2.18941e-06
1.635 1.4382 0 168.059 2.12525e-06
1.635 1.4382 0 169.062 2.0633e-06
1.635 1.4382 0 170.064 2.00346e-06
1.635 1.4382 0 171.067 1.94565e-06
1.635 1.4382 0 172.069 1.88977e-06
1.635 1.4382 0 173.072 1.83575e-06
1.635 1.4382 0 174.074 1.78351e-06
1.635 1.4382 0 175.077 1.73298e-06
1.635 1.4382 0 176.079 1.68409e-06
1.635 1.4382 0 177.082 1.63679e-06
1.635 1.4382 0 178.084 1.591e-06
1.635 1.4382 0 179.087 1.54668e-06
1.635 1.4382 0 180.089 1.50377e-06
1.635 1.4382 0 181.092 1.46222e-06
1.635 1.4382 0 182.094 1.42197e-06
1.635 1.4382 0 183.096 1.38298e-06
1.635 1.4382 0 184.099 1.3452e-06
1.635 1.4382 0 185.101 1.3086e-06
1.635 1.4382 0 186.104 1.27312e-06
1.635 1.4382 0 187.106 1.23873e-06
1.635 1.4382 0 188.109 1.2054e-06
1.635 1.4382 0 189.111 1.17307e-06
1.635 1.4382 0 190.114 1.14173e-06
1.635 1.4382 0 191.116 1.11133e-06
1.635 1.4382 0 192.119 1.08184e-06
1.635 1.4382 0 193.121 1.05324e-06
1.635 1.4382 0 194.124 1.02549e-06
1.635 1.4382 0 195.126 9.98561e-07
1.635 1.4382 0 196.129 9.72428e-07
1.635 1.4382 0 197.131 9.47065e-07
1.635 1.4382 0 198.133 9.22445e-07
1.635 1.4382 0 199.136 8.98544e-07
1.635 1.4382 0 200.138 8.75338e-07
1.635 1.4382 0 201.141 8.52804e-07
1.635 1.4382 0 202.143 8.30922e-07
1.635 1.4382 0 203.146 8.09668e-07
1.635 1.4382 0 204.148 7.89024e-07
1.635 1.4382 0 205.151 7.68969e-07
1.635 1.4382 0 206.153 7.49485e-07
1.635 1.4382 0 207.156 7.30553e-07
1.635 1.4382 0 208.158 7.12155e-07
1.635 1.4382 0 209.161 6.94276e-07
1.635 1.4382 0 210.163 6.76897e-07
1.635 1.4382 0 211.166 6.60005e-07
1.635 1.4382 0 212.168 6.43583e-07
1.635 1.4382 0 213.171 6.27617e-07
1.635 1.4382 0 214.173 6.12092e-07
1.635 1.4382 0 215.175 5.96995e-07
1.635 1.4382 0 216.178 5.82313e-07
1.635 1.4382 0 217.18 5.68032e-07
1.635 1.4382 0 218.183 5.54142e-07
1.635 1.4382 0 219.185 5.40629e-07
1.635 1.4382 0 220.188 5.27482e-07
1.635 1.4382 0 221.19 5.1469e-07
1.635 1.4382 0 222.193 5.02243e-07
1.635 1.4382 0 223.195 4.9013e-07
1.635 1.4382 0 224.198 4.7834e-07
1.635 1.4382 0 225.2 4.66865e-07
1.635 1.4382 0 226.203 4.55695e-07
1.635 1.4382 0 227.205 4.44821e-07
1.635 1.4382 0 228.208 4.34234e-07
1.635 1.4382 0 229.21 4.23926e-07
1.635 1.4382 0 230.212 4.13888e-07
1.635 1.4382 0 231.215 4.04113e-07
1.635 1.4382 0 232.217 3.94593e-07
1.635 1.4382 0 233.22 3.8532e-07
1.635 1.4382 0 234.222 3.76287e-07
1.635 1.4382 0 235.225 3.67488e-07
1.635 1.4382 0 236.227 3.58916e-07
1.635 1.4382 0 237.23 3.50564e-07
1.635 1.4382 0 238.232 3.42425e-07
1.635 1.4382 0 239.235 3.34494e-07
1.635 1.4382 0 240.237 3.26766e-07
1.635 1.4382 0 241.24 3.19233e-07
1.635 1.4382 0 242.242 3.11891e-07
1.635 1.4382 0 243.245 3.04734e-07
1.635 1.4382 0 244.247 2.97757e-07
1.635 1.4382 0 245.25 2.90955e-07
1.635 1.4382 0 246.252 2.84324e-07
1.635 1.4382 0 247.254 2.77857e-07
1.635 1.4382 0 248.257 2.71552e-07
1.635 1.4382 0 249.259 2.65403e-07
1.635 1.4382 0 250.262 2.59406e-07
1.635 1.4382 0 251.264 2.53557e-07
1.635 1.4382 0 252.267 2.47851e-07
1.635 1.4382 0 253.269 2.42286e-07
1.635 1.4382 0 254.272 2.36857e-07
1.635 1.4382 0 255.274 2.3156e-07
1.635 1.4382 0 256.277 2.26392e-07
1.635 1.4382 0 257.279 2.2135e-07
1.635 1.4382 0 258.282 2.1643e-07
1.635 1.4382 0 259.284 2.11628e-07
1.635 1.4382 0 260.287 2.06942e-07
1.635 1.4382 0 261.289 2.02369e-07
1.635 1.4382 0 262.291 1.97905e-07
1.635 1.4382 0 263.294 1.93548e-07
1.635 1.4382 0 264.296 1.89294e-07
1.635 1.4382 0 265.299 1.85142e-07
1.635 1.4382 0 266.301 1.81088e-07
1.635 1.4382 0 267.304 1.77131e-07
1.635 1.4382 0 268.306 1.73266e-07
1.635 1.4382 0 269.309 1.69493e-07
1.635 1.4382 0 270.311 1.65808e-07
1.635 1.4382 0 271.314 1.62209e-07
1.635 1.4382 0 272.316 1.58695e-07
1.635 1.4382 0 273.319 1.55263e-07
1.635 1.4382 0 274.321 1.5191e-07
1.635 1.4382 0 275.324 1.48635e-07
1.635 1.4382 0 276.326 1.45436e-07
1.635 1.4382 0 277.329 1.42311e-07
1.635 1.4382 0 278.331 1.39258e-07
1.635 1.4382 0 279.333 1.36276e-07
1.635 1.4382 0 280.336 1.33361e-07
1.635 1.4382 0 281.338 1.30514e-07
1.635 1.4382 0 282.341 1.27731e-07
1.635 1.4382 0 283.343 1.25012e-07
1.635 1.4382 0 284.346 1.22355e-07
1.635 1.4382 0 285.348 1.19758e-07
1.635 1.4382 0 286.351 1.1722e-07
1.635 1.4382 0 287.353 1.1474e-07
1.635 1.4382 0 288.356 1.12315e-07
1.635 1.4382 0 289.358 1.09945e-07
1.635 1.4382 0 290.361 1.07629e-07
1.635 1.4382 0 291.363 1.05364e-07
1.635 1.4382 0 292.366 1.0315e-07
1.635 1.4382 0 293.368 1.00985e-07
1.635 1.4382 0 294.37 9.8869e-08
1.635 1.4382 0 295.373 9.67998e-08
1.635 1.4382 0 296.375 9.47766e-08
1.635 1.4382 0 297.378 9.27982e-08
1.635 1.4382 0 298.38 9.08636e-08
1.635 1.4382 0 299.383 8.89717e-08
1.635 1.4382 0 300.385 8.71216e-08
1.635 1.4382 0 301.388 8.53121e-08
1.635 1.4382 0 302.39 8.35425e-08
1.635 1.4382 0 303.393 8.18116e-08
1.635 1.4382 0 304.395 8.01186e-08
1.635 1.4382 0 305.398 7.84627e-08
1.635 1.4382 0 306.4 7.68428e-08
1.635 1.4382 0 307.403 7.52583e-08
1.635 1.4382 0 308.405 7.37081e-08
1.635 1.4382 0 309.408 7.21917e-08
1.635 1.4382 0 310.41 7.07081e-08
1.635 1.4382 0 311.412 6.92566e-08
1.635 1.4382 0 312.415 6.78364e-08
1.635 1.4382 0 313.417 6.64469e-08
1.635 1.4382 0 314.42 6.50873e-08
1.635 1.4382 0 315.422 6.37569e-08
1.635 1.4382 0 316.425 6.24551e-08
1.635 1.4382 0 317.427 6.11812e-08
1.635 1.4382 0 318.43 5.99345e-08
1.635 1.4382 0 319.432 5.87145e-08
1.635 1.4382 0 320.435 5.75205e-08
1.635 1.4382 0 321.437 5.6352e-08
1.635 1.4382 0 322.44 5.52083e-08
1.635 1.4382 0 323.442 5.40889e-08
1.635 1.4382 0 324.445 5.29932e-08
1.635 1.4382 0 325.447 5.19207e-08
1.635 1.4382 0 326.449 5.0871e-08
1.635 1.4382 0 327.452 4.98434e-08
1.635 1.4382 0 328.454 4.88375e-08
1.635 1.4382 0 329.457 4.78527e-08
1.635 1.4382 0 330.459 4.68887e-08
1.635 1.4382 0 331.462 4.5945e-08
1.635 1.4382 0 332.464 4.5021e-08
1.635 1.4382 0 333.467 4.41164e-08
1.635 1.4382 0 334.469 4.32307e-08
1.635 1.4382 0 335.472 4.23636e-08
1.635 1.4382 0 336.474 4.15145e-08
1.635 1.4382 0 337.477 4.06832e-08
1.635 1.4382 0 338.479 3.98691e-08
1.635 1.4382 0 339.482 3.9072e-08
1.635 1.4382 0 340.484 3.82915e-08
1.635 1.4382 0 341.487 3.75271e-08
1.635 1.4382 0 342.489 3.67786e-08
1.635 1.4382 0 343.491 3.60456e-08
1.635 1.4382 0 344.494 3.53278e-08
1.635 1.4382 0 345.496 3.46247e-08
1.635 1.4382 0 346.499 3.39362e-08
1.635 1.4382 0 347.501 3.32619e-08
1.635 1.4382 0 348.504 3.26014e-08
1.635 1.4382 0 349.506 3.19545e-08
1.635 1.4382 0 350.509 3.13209e-08
1.635 1.4382 0 351.511 3.07003e-08
1.635 1.4382 0 352.514 3.00925e-08
1.635 1.4382 0 353.516 2.94971e-08
1.635 1.4382 0 354.519 2.89138e-08
1.635 1.4382 0 355.521 2.83425e-08
1.635 1.4382 0 356.524 2.77828e-08
1.635 1.4382 0 357.526 2.72346e-08
1.635 1.4382 0 358.528 2.66975e-08
1.635 1.4382 0 359.531 2.61714e-08
1.635 1.4382 0 360.533 2.56559e-08
1.635 1.4382 0 361.536 2.51509e-08
1.635 1.4382 0 362.538 2.46562e-08
1.635 1.4382 0 363.541 2.41715e-08
1.635 1.4382 0 364.543 2.36966e-08
1.635 1.4382 0 365.546 2.32314e-08
1.635 1.4382 0 366.548 2.27755e-08
1.635 1.4382 0 367.551 2.23289e-08
1.635 1.4382 0 368.553 2.18912e-08
1.635 1.4382 0 369.556 2.14624e-08
1.635 1.4382 0 370.558 2.10423e-08
1.635 1.4382 0 371.561 2.06306e-08
1.635 1.4382 0 372.563 2.02272e-08
1.635 1.4382 0 373.566 1.98319e-08
1.635 1.4382 0 374.568 1.94445e-08
1.635 1.4382 0 375.57 1.90649e-08
1.635 1.4382 0 376.573 1.86929e-08
1.635 1.4382 0 377.575 1.83284e-08
1.635 1.4382 0 378.578 1.79711e-08
1.635 1.4382 0 379.58 1.7621e-08
1.635 1.4382 0 380.583 1.7278e-08
1.635 1.4382 0 381.585 1.69417e-08
1.635 1.4382 0 382.588 1.66122e-08
1.635 1.4382 0 383.59 1.62892e-08
1.635 1.4382 0 384.593 1.59727e-08
1.635 1.4382 0 385.595 1.56625e-08
1.635 1.4382 0 386.598 1.53585e-08
1.635 1.4382 0 387.6 1.50605e-08
1.635 1.4382 0 388.603 1.47684e-08
1.635 1.4382 0 389.605 1.44821e-08
1.635 1.4382 0 390.607 1.42015e-08
1.635 1.4382 0 391.61 1.39265e-08
1.635 1.4382 0 392.612 1.36569e-08
1.635 1.4382 0 393.615 1.33927e-08
1.635 1.4382 0 394.617 1.31337e-08
1.635 1.4382 0 395.62 1.28798e-08
1.635 1.4382 0 396.622 1.26309e-08
1.635 1.4382 0 397.625 1.23869e-08
1.635 1.4382 0 398.627 1.21478e-08
1.635 1.4382 0 399.63 1.19134e-08
1.635 1.4382 0 400.632 1.16836e-08
1.635 1.4382 0 401.635 1.14583e-08
1.635 1.4382 0 402.637 1.12375e-08
1.635 1.4382 0 403.64 1.1021e-08
1.635 1.4382 0 404.642 1.08088e-08
1.635 1.4382 0 405.645 1.06007e-08
1.635 1.4382 0 406.647 1.03967e-08
1.635 1.4382 0 407.649 1.01968e-08
1.635 1.4382 0 408.652 1.00007e-08
1.635 1.4382 0 409.654 9.80851e-09
1.635 1.4382 0 410.657 9.62007e-09
1.635 1.4382 0 411.659 9.43533e-09
1.635 1.4382 0 412.662 9.25421e-09
1.635 1.4382 0 413.664 9.07662e-09
1.635 1.4382 0 414.667 8.90251e-09
1.635 1.4382 0 415.669 8.73181e-09
1.635 1.4382 0 416.672 8.56444e-09
1.635 1.4382 0 417.674 8.40033e-09
1.635 1.4382 0 418.677 8.23943e-09
1.635 1.4382 0 419.679 8.08167e-09
1.635 1.4382 0 420.682 7.92698e-09
1.635 1.4382 0 421.684 7.77531e-09
1.635 1.4382 0 422.686 7.62659e-09
1.635 1.4382 0 423.689 7.48076e-09
1.635 1.4382 0 424.691 7.33778e-09
1.635 1.4382 0 425.694 7.19757e-09
1.635 1.4382 0 426.696 7.06009e-09
1.635 1.4382 0 427.699 6.92528e-09
1.635 1.4382 0 428.701 6.79309e-09
1.635 1.4382 0 429.704 6.66346e-09
1.635 1.4382 0 430.706 6.53635e-09
1.635 1.4382 0 431.709 6.4117e-09
1.635 1.4382 0 432.711 6.28947e-09
1.635 1.4382 0 433.714 6.16961e-09
1.635 1.4382 0 434.716 6.05207e-09
1.635 1.4382 0 435.719 5.93681e-09
1.635 1.4382 0 436.721 5.82377e-09
1.635 1.4382 0 437.724 5.71292e-09
1.635 1.4382 0 438.726 5.60422e-09
1.635 1.4382 0 439.728 5.49761e-09
1.635 1.4382 0 440.731 5.39306e-09
1.635 1.4382 0 441.733 5.29054e-09
1.635 1.4382 0 442.736 5.18999e-09
1.635 1.4382 0 443.738 5.09138e-09
1.635 1.4382 0 444.741 4.99467e-09
1.635 1.4382 0 445.743 4.89983e-09
1.635 1.4382 0 446.746 4.80681e-09
1.635 1.4382 0 447.748 4.71559e-09
1.635 1.4382 0 448.751 4.62612e-09
1.635 1.4382 0 449.753 4.53838e-09
1.635 1.4382 0 450.756 4.45232e-09
1.635 1.4382 0 451.758 4.36792e-09
1.635 1.4382 0 452.761 4.28514e-09
1.635 1.4382 0 453.763 4.20395e-09
1.635 1.4382 0 454.765 4.12432e-09
1.635 1.4382 0 455.768 4.04622e-09
1.635 1.4382 0 456.77 3.96962e-09
1.635 1.4382 0 457.773 3.89449e-09
1.635 1.4382 0 458.775 3.8208e-09
1.635 1.4382 0 459.778 3.74852e-09
1.635 1.4382 0 460.78 3.67763e-09
1.635 1.4382 0 461.783 3.6081e-09
1.635 1.4382 0 462.785 3.5399e-09
1.635 1.4382 0 463.788 3.473e-09
1.635 1.4382 0 464.79 3.40739e-09
1.635 1.4382 0 465.793 3.34303e-09
1.635 1.4382 0 466.795 3.2799e-09
1.635 1.4382 0 467.798 3.21798e-09
1.635 1.4382 0 468.8 3.15724e-09
1.635 1.4382 0 469.803 3.09767e-09
1.635 1.4382 0 470.805 3.03923e-09
1.635 1.4382 0 471.807 2.98191e-09
1.635 1.4382 0 472.81 2.92568e-09
1.635 1.4382 0 473.812 2.87053e-09
1.635 1.4382 0 474.815 2.81643e-09
1.635 1.4382 0 475.817 2.76336e-09
1.635 1.4382 0 476.82 2.7113e-09
1.635 1.4382 0 477.822 2.66023e-09
1.635 1.4382 0 478.825 2.61014e-09
1.635 1.4382 0 479.827 2.561e-09
1.635 1.4382 0 480.83 2.5128e-09
1.635 1.4382 0 481.832 2.46551e-09
1.635 1.4382 0 482.835 2.41913e-09
1.635 1.4382 0 483.837 2.37363e-09
1.635 1.4382 0 484.84 2.32899e-09
1.635 1.4382 0 485.842 2.2852e-09
1.635 1.4382 0 486.844 2.24225e-09
1.635 1.4382 0 487.847 2.20011e-09
1.635 1.4382 0 488.849 2.15877e-09
1.635 1.4382 0 489.852 2.11822e-09
1.635 1.4382 0 490.854 2.07844e-09
1.635 1.4382 0 491.857 2.03941e-09
1.635 1.4382 0 492.859 2.00112e-09
1.635 1.4382 0 493.862 1.96356e-09
1.635 1.4382 0 494.864 1.92672e-09
1.635 1.4382 0 495.867 1.89057e-09
1.635 1.4382 0 496.869 1.8551e-09
1.635 1.4382 0 497.872 1.82031e-09
1.635 1.4382 0 498.874 1.78618e-09
1.635 1.4382 0 499.877 1.7527e-09
1.635 1.4382 0 500.879 1.71985e-09
1.635 1.4382 0 501.882 1.68762e-09
1.635 1.4382 0 502.884 1.656e-09
1.635 1.4382 0 503.886 1.62498e-09
1.635 1.4382 0 504.889 1.59454e-09
1.635 1.4382 0 505.891 1.56469e-09
1.635 1.4382 0 506.894 1.53539e-09
1.635 1.4382 0 507.896 1.50665e-09
1.635 1.4382 0 508.899 1.47846e-09
1.635 1.4382 0 509.901 1.45079e-09
1.635 1.4382 0 510.904 1.42365e-09
1.635 1.4382 0 511.906 1.39703e-09
1.635 1.4382 0 512.909 1.3709e-09
1.635 1.4382 0 513.911 1.34527e-09
1.635 1.4382 0 514.914 1.32012e-09
1.635 1.4382 0 515.916 1.29545e-09
1.635 1.4382 0 516.919 1.27124e-09
1.635 1.4382 0 517.921 1.24749e-09
1.635 1.4382 0 518.923 1.22418e-09
1.635 1.4382 0 519.926 1.20132e-09
1.635 1.4382 0 520.928 1.17889e-09
1.635 1.4382 0 521.931 1.15688e-09
1.635 1.4382 0 522.933 1.13528e-09
1.635 1.4382 0 523.936 1.11409e-09
1.635 1.4382 0 524.938 1.0933e-09
1.635 1.4382 0 525.941 1.0729e-09
1.635 1.4382 0 526.943 1.05289e-09
1.635 1.4382 0 527.946 1.03325e-09
1.635 1.4382 0 528.948 1.01398e-09
1.635 1.4382 0 529.951 9.95077e-10
1.635 1.4382 0 530.953 9.76527e-10
1.635 1.4382 0 531.956 9.58325e-10
1.635 1.4382 0 532.958 9.40466e-10
1.635 1.4382 0 533.961 9.22943e-10
1.635 1.4382 0 534.963 9.05749e-10
1.635 1.4382 0 535.965 8.88877e-10
1.635 1.4382 0 536.968 8.72323e-10
1.635 1.4382 0 537.97 8.5608e-10
1.635 1.4382 0 538.973 8.40142e-10
1.635 1.4382 0 539.975 8.24503e-10
1.635 1.4382 0 540.978 8.09157e-10
1.635 1.4382 0 541.98 7.941e-10
1.635 1.4382 0 542.983 7.79325e-10
1.635 1.4382 0 543.985 7.64827e-10
1.635 1.4382 0 544.988 7.50601e-10
1.635 1.4382 0 545.99 7.36642e-10
1.635 1.4382 0 546.993 7.22944e-10
1.635 1.4382 0 547.995 7.09503e-10
1.635 1.4382 0 548.998 6.96315e-10
1.635 1.4382 0 550 6.83373e-10
