1.425 1.4382 0 150.015 -5.70823e-06
1.425 1.4382 0 151.017 -1.01105e-05
1.425 1.4382 0 152.02 -1.09768e-05
1.425 1.4382 0 153.022 -1.09892e-05
1.425 1.4382 0 154.025 -1.08904e-05
1.425 1.4382 0 155.027 -1.07752e-05
1.425 1.4382 0 156.03 -1.06556e-05
1.425 1.4382 0 157.032 -1.05335e-05
1.425 1.4382 0 158.035 -1.04098e-05
1.425 1.4382 0 159.037 -1.02849e-05
1.425 1.4382 0 160.04 -1.01592e-05
1.425 1.4382 0 161.042 -1.00327e-05
1.425 1.4382 0 162.045 -9.90592e-06
1.425 1.4382 0 163.047 -9.77886e-06
1.425 1.4382 0 164.05 -9.65173e-06
1.425 1.4382 0 165.052 -9.52465e-06
1.425 1.4382 0 166.054 -9.39775e-06
1.425 1.4382 0 167.057 -9.27114e-06
1.425 1.4382 0 168.059 -9.1449e-06
1.425 1.4382 0 169.062 -9.01912e-06
1.425 1.4382 0 170.064 -8.89389e-06
1.425 1.4382 0 171.067 -8.76927e-06
1.425 1.4382 0 172.069 -8.64533e-06
1.425 1.4382 0 173.072 -8.52212e-06
1.425 1.4382 0 174.074 -8.39972e-06
1.425 1.4382 0 175.077 -8.27815e-06
1.425 1.4382 0 176.079 -8.15747e-06
1.425 1.4382 0 177.082 -8.03772e-06
1.425 1.4382 0 178.084 -7.91894e-06
1.425 1.4382 0 179.087 -7.80116e-06
1.425 1.4382 0 180.089 -7.68442e-06
1.425 1.4382 0 181.092 -7.56873e-06
1.425 1.4382 0 182.094 -7.45414e-06
1.425 1.4382 0 183.096 -7.34066e-06
1.425 1.4382 0 184.099 -7.22831e-06
1.425 1.4382 0 185.101 -7.11711e-06
1.425 1.4382 0 186.104 -7.00709e-06
1.425 1.4382 0 187.106 -6.89824e-06
1.425 1.4382 0 188.109 -6.7906e-06
1.425 1.4382 0 189.111 -6.68416e-06
1.425 1.4382 0 190.114 -6.57894e-06
1.425 1.4382 0 191.116 -6.47494e-06
1.425 1.4382 0 192.119 -6.37217e-06
1.425 1.4382 0 193.121 -6.27065e-06
1.425 1.4382 0 194.124 -6.17036e-06
1.425 1.4382 0 195.126 -6.07132e-06
1.425 1.4382 0 196.129 -5.97353e-06
1.425 1.4382 0 197.131 -5.87698e-06
1.425 1.4382 0 198.133 -5.78168e-06
1.425 1.4382 0 199.136 -5.68762e-06
1.425 1.4382 0 200.138 -5.59481e-06
1.425 1.4382 0 201.141 -5.50324e-06
1.425 1.4382 0 202.143 -5.4129e-06
1.425 1.4382 0 203.146 -5.32379e-06
1.425 1.4382 0 204.148 -5.23592e-06
1.425 1.4382 0 205.151 -5.14926e-06
1.425 1.4382 0 206.153 -5.06382e-06
1.425 1.4382 0 207.156 -4.97959e-06
1.425 1.4382 0 208.158 -4.89655e-06
1.425 1.4382 0 209.161 -4.81471e-06
1.425 1.4382 0 210.163 -4.73406e-06
1.425 1.4382 0 211.166 -4.65458e-06
1.425 1.4382 0 212.168 -4.57626e-06
1.425 1.4382 0 213.171 -4.49911e-06
1.425 1.4382 0 214.173 -4.4231e-06
1.425 1.4382 0 215.175 -4.34823e-06
1.425 1.4382 0 216.178 -4.27449e-06
1.425 1.4382 0 217.18 -4.20186e-06
1.425 1.4382 0 218.183 -4.13034e-06
1.425 1.4382 0 219.185 -4.05992e-06
1.425 1.4382 0 220.188 -3.99058e-06
1.425 1.4382 0 221.19 -3.92231e-06
1.425 1.4382 0 222.193 -3.8551e-06
1.425 1.4382 0 223.195 -3.78895e-06
1.425 1.4382 0 224.198 -3.72383e-06
1.425 1.4382 0 225.2 -3.65973e-06
1.425 1.4382 0 226.203 -3.59666e-06
1.425 1.4382 0 227.205 -3.53458e-06
1.425 1.4382 0 228.208 -3.4735e-06
1.425 1.4382 0 229.21 -3.41339e-06
1.425 1.4382 0 230.212 -3.35425e-06
1.425 1.4382 0 231.215 -3.29606e-06
1.425 1.4382 0 232.217 -3.23882e-06
1.425 1.4382 0 233.22 -3.1825e-06
1.425 1.4382 0 234.222 -3.12711e-06
1.425 1.4382 0 235.225 -3.07262e-06
1.425 1.4382 0 236.227 -3.01902e-06
1.425 1.4382 0 237.23 -2.96631e-06
1.425 1.4382 0 238.232 -2.91446e-06
1.425 1.4382 0 239.235 -2.86348e-06
1.425 1.4382 0 240.237 -2.81334e-06
1.425 1.4382 0 241.24 -2.76403e-06
1.425 1.4382 0 242.242 -2.71555e-06
1.425 1.4382 0 243.245 -2.66787e-06
1.425 1.4382 0 244.247 -2.621e-06
1.425 1.4382 0 245.25 -2.57491e-06
1.425 1.4382 0 246.252 -2.5296e-06
1.425 1.4382 0 247.254 -2.48506e-06
1.425 1.4382 0 248.257 -2.44126e-06
1.425 1.4382 0 249.259 -2.39821e-06
1.425 1.4382 0 250.262 -2.35589e-06
1.425 1.4382 0 251.264 -2.3143e-06
1.425 1.4382 0 252.267 -2.27341e-06
1.425 1.4382 0 253.269 -2.23322e-06
1.425 1.4382 0 254.272 -2.19371e-06
1.425 1.4382 0 255.274 -2.15489e-06
1.425 1.4382 0 256.277 -2.11673e-06
1.425 1.4382 0 257.279 -2.07922e-06
1.425 1.4382 0 258.282 -2.04237e-06
1.425 1.4382 0 259.284 -2.00615e-06
1.425 1.4382 0 260.287 -1.97055e-06
1.425 1.4382 0 261.289 -1.93557e-06
1.425 1.4382 0 262.291 -1.9012e-06
1.425 1.4382 0 263.294 -1.86742e-06
1.425 1.4382 0 264.296 -1.83423e-06
1.425 1.4382 0 265.299 -1.80162e-06
1.425 1.4382 0 266.301 -1.76958e-06
1.425 1.4382 0 267.304 -1.73809e-06
1.425 1.4382 0 268.306 -1.70716e-06
1.425 1.4382 0 269.309 -1.67676e-06
1.425 1.4382 0 270.311 -1.6469e-06
1.425 1.4382 0 271.314 -1.61756e-06
1.425 1.4382 0 272.316 -1.58874e-06
1.425 1.4382 0 273.319 -1.56042e-06
1.425 1.4382 0 274.321 -1.5326e-06
1.425 1.4382 0 275.324 -1.50527e-06
1.425 1.4382 0 276.326 -1.47842e-06
1.425 1.4382 0 277.329 -1.45204e-06
1.425 1.4382 0 278.331 -1.42613e-06
1.425 1.4382 0 279.333 -1.40068e-06
1.425 1.4382 0 280.336 -1.37567e-06
1.425 1.4382 0 281.338 -1.35111e-06
1.425 1.4382 0 282.341 -1.32698e-06
1.425 1.4382 0 283.343 -1.30328e-06
1.425 1.4382 0 284.346 -1.28e-06
1.425 1.4382 0 285.348 -1.25714e-06
1.425 1.4382 0 286.351 -1.23467e-06
1.425 1.4382 0 287.353 -1.21261e-06
1.425 1.4382 0 288.356 -1.19094e-06
1.425 1.4382 0 289.358 -1.16966e-06
1.425 1.4382 0 290.361 -1.14875e-06
1.425 1.4382 0 291.363 -1.12822e-06
1.425 1.4382 0 292.366 -1.10805e-06
1.425 1.4382 0 293.368 -1.08824e-06
1.425 1.4382 0 294.37 -1.06878e-06
1.425 1.4382 0 295.373 -1.04967e-06
1.425 1.4382 0 296.375 -1.0309e-06
1.425 1.4382 0 297.378 -1.01247e-06
1.425 1.4382 0 298.38 -9.94368e-07
1.425 1.4382 0 299.383 -9.76587e-07
1.425 1.4382 0 300.385 -9.59125e-07
1.425 1.4382 0 301.388 -9.41975e-07
1.425 1.4382 0 302.39 -9.25131e-07
1.425 1.4382 0 303.393 -9.08589e-07
1.425 1.4382 0 304.395 -8.92344e-07
1.425 1.4382 0 305.398 -8.76389e-07
1.425 1.4382 0 306.4 -8.6072e-07
1.425 1.4382 0 307.403 -8.45331e-07
1.425 1.4382 0 308.405 -8.30219e-07
1.425 1.4382 0 309.408 -8.15377e-07
1.425 1.4382 0 310.41 -8.00802e-07
1.425 1.4382 0 311.412 -7.86488e-07
1.425 1.4382 0 312.415 -7.72431e-07
1.425 1.4382 0 313.417 -7.58626e-07
1.425 1.4382 0 314.42 -7.45069e-07
1.425 1.4382 0 315.422 -7.31755e-07
1.425 1.4382 0 316.425 -7.1868e-07
1.425 1.4382 0 317.427 -7.0584e-07
1.425 1.4382 0 318.43 -6.93231e-07
1.425 1.4382 0 319.432 -6.80848e-07
1.425 1.4382 0 320.435 -6.68688e-07
1.425 1.4382 0 321.437 -6.56746e-07
1.425 1.4382 0 322.44 -6.45019e-07
1.425 1.4382 0 323.442 -6.33503e-07
1.425 1.4382 0 324.445 -6.22194e-07
1.425 1.4382 0 325.447 -6.11088e-07
1.425 1.4382 0 326.449 -6.00181e-07
1.425 1.4382 0 327.452 -5.89471e-07
1.425 1.4382 0 328.454 -5.78954e-07
1.425 1.4382 0 329.457 -5.68625e-07
1.425 1.4382 0 330.459 -5.58482e-07
1.425 1.4382 0 331.462 -5.48522e-07
1.425 1.4382 0 332.464 -5.38741e-07
1.425 1.4382 0 333.467 -5.29136e-07
1.425 1.4382 0 334.469 -5.19703e-07
1.425 1.4382 0 335.472 -5.1044e-07
1.425 1.4382 0 336.474 -5.01344e-07
1.425 1.4382 0 337.477 -4.92411e-07
1.425 1.4382 0 338.479 -4.83639e-07
1.425 1.4382 0 339.482 -4.75025e-07
1.425 1.4382 0 340.484 -4.66566e-07
1.425 1.4382 0 341.487 -4.58259e-07
1.425 1.4382 0 342.489 -4.50101e-07
1.425 1.4382 0 343.491 -4.4209e-07
1.425 1.4382 0 344.494 -4.34223e-07
1.425 1.4382 0 345.496 -4.26497e-07
1.425 1.4382 0 346.499 -4.18911e-07
1.425 1.4382 0 347.501 -4.11461e-07
1.425 1.4382 0 348.504 -4.04144e-07
1.425 1.4382 0 349.506 -3.9696e-07
1.425 1.4382 0 350.509 -3.89904e-07
1.425 1.4382 0 351.511 -3.82975e-07
1.425 1.4382 0 352.514 -3.76171e-07
1.425 1.4382 0 353.516 -3.69489e-07
1.425 1.4382 0 354.519 -3.62927e-07
1.425 1.4382 0 355.521 -3.56483e-07
1.425 1.4382 0 356.524 -3.50155e-07
1.425 1.4382 0 357.526 -3.4394e-07
1.425 1.4382 0 358.528 -3.37837e-07
1.425 1.4382 0 359.531 -3.31844e-07
1.425 1.4382 0 360.533 -3.25958e-07
1.425 1.4382 0 361.536 -3.20178e-07
1.425 1.4382 0 362.538 -3.14502e-07
1.425 1.4382 0 363.541 -3.08928e-07
1.425 1.4382 0 364.543 -3.03453e-07
1.425 1.4382 0 365.546 -2.98077e-07
1.425 1.4382 0 366.548 -2.92798e-07
1.425 1.4382 0 367.551 -2.87613e-07
1.425 1.4382 0 368.553 -2.82521e-07
1.425 1.4382 0 369.556 -2.7752e-07
1.425 1.4382 0 370.558 -2.72609e-07
1.425 1.4382 0 371.561 -2.67786e-07
1.425 1.4382 0 372.563 -2.6305e-07
1.425 1.4382 0 373.566 -2.58398e-07
1.425 1.4382 0 374.568 -2.5383e-07
1.425 1.4382 0 375.57 -2.49343e-07
1.425 1.4382 0 376.573 -2.44937e-07
1.425 1.4382 0 377.575 -2.4061e-07
1.425 1.4382 0 378.578 -2.36361e-07
1.425 1.4382 0 379.58 -2.32187e-07
1.425 1.4382 0 380.583 -2.28088e-07
1.425 1.4382 0 381.585 -2.24063e-07
1.425 1.4382 0 382.588 -2.20109e-07
1.425 1.4382 0 383.59 -2.16226e-07
1.425 1.4382 0 384.593 -2.12413e-07
1.425 1.4382 0 385.595 -2.08668e-07
1.425 1.4382 0 386.598 -2.04989e-07
1.425 1.4382 0 387.6 -2.01377e-07
1.425 1.4382 0 388.603 -1.97829e-07
1.425 1.4382 0 389.605 -1.94344e-07
1.425 1.4382 0 390.607 -1.90922e-07
1.425 1.4382 0 391.61 -1.87561e-07
1.425 1.4382 0 392.612 -1.8426e-07
1.425 1.4382 0 393.615 -1.81017e-07
1.425 1.4382 0 394.617 -1.77833e-07
1.425 1.4382 0 395.62 -1.74706e-07
1.425 1.4382 0 396.622 -1.71634e-07
1.425 1.4382 0 397.625 -1.68617e-07
1.425 1.4382 0 398.627 -1.65653e-07
1.425 1.4382 0 399.63 -1.62743e-07
1.425 1.4382 0 400.632 -1.59885e-07
1.425 1.4382 0 401.635 -1.57077e-07
1.425 1.4382 0 402.637 -1.54319e-07
1.425 1.4382 0 403.64 -1.51611e-07
1.425 1.4382 0 404.642 -1.48951e-07
1.425 1.4382 0 405.645 -1.46338e-07
1.425 1.4382 0 406.647 -1.43771e-07
1.425 1.4382 0 407.649 -1.41251e-07
1.425 1.4382 0 408.652 -1.38775e-07
1.425 1.4382 0 409.654 -1.36343e-07
1.425 1.4382 0 410.657 -1.33954e-07
1.425 1.4382 0 411.659 -1.31608e-07
1.425 1.4382 0 412.662 -1.29304e-07
1.425 1.4382 0 413.664 -1.2704e-07
1.425 1.4382 0 414.667 -1.24817e-07
1.425 1.4382 0 415.669 -1.22633e-07
1.425 1.4382 0 416.672 -1.20488e-07
1.425 1.4382 0 417.674 -1.18381e-07
1.425 1.4382 0 418.677 -1.16311e-07
1.425 1.4382 0 419.679 -1.14278e-07
1.425 1.4382 0 420.682 -1.12281e-07
1.425 1.4382 0 421.684 -1.1032e-07
1.425 1.4382 0 422.686 -1.08393e-07
1.425 1.4382 0 423.689 -1.06501e-07
1.425 1.4382 0 424.691 -1.04642e-07
1.425 1.4382 0 425.694 -1.02815e-07
1.425 1.4382 0 426.696 -1.01022e-07
1.425 1.4382 0 427.699 -9.92597e-08
1.425 1.4382 0 428.701 -9.75288e-08
1.425 1.4382 0 429.704 -9.58286e-08
1.425 1.4382 0 430.706 -9.41585e-08
1.425 1.4382 0 431.709 -9.25179e-08
1.425 1.4382 0 432.711 -9.09063e-08
1.425 1.4382 0 433.714 -8.93232e-08
1.425 1.4382 0 434.716 -8.77681e-08
1.425 1.4382 0 435.719 -8.62405e-08
1.425 1.4382 0 436.721 -8.47398e-08
1.425 1.4382 0 437.724 -8.32656e-08
1.425 1.4382 0 438.726 -8.18175e-08
1.425 1.4382 0 439.728 -8.03949e-08
1.425 1.4382 0 440.731 -7.89974e-08
1.425 1.4382 0 441.733 -7.76245e-08
1.425 1.4382 0 442.736 -7.62759e-08
1.425 1.4382 0 443.738 -7.4951e-08
1.425 1.4382 0 444.741 -7.36495e-08
1.425 1.4382 0 445.743 -7.23709e-08
1.425 1.4382 0 446.746 -7.11148e-08
1.425 1.4382 0 447.748 -6.98808e-08
1.425 1.4382 0 448.751 -6.86686e-08
1.425 1.4382 0 449.753 -6.74777e-08
1.425 1.4382 0 450.756 -6.63078e-08
1.425 1.4382 0 451.758 -6.51584e-08
1.425 1.4382 0 452.761 -6.40293e-08
1.425 1.4382 0 453.763 -6.292e-08
1.425 1.4382 0 454.765 -6.18302e-08
1.425 1.4382 0 455.768 -6.07595e-08
1.425 1.4382 0 456.77 -5.97077e-08
1.425 1.4382 0 457.773 -5.86743e-08
1.425 1.4382 0 458.775 -5.76591e-08
1.425 1.4382 0 459.778 -5.66617e-08
1.425 1.4382 0 460.78 -5.56818e-08
1.425 1.4382 0 461.783 -5.4719e-08
1.425 1.4382 0 462.785 -5.37732e-08
1.425 1.4382 0 463.788 -5.2844e-08
1.425 1.4382 0 464.79 -5.1931e-08
1.425 1.4382 0 465.793 -5.10341e-08
1.425 1.4382 0 466.795 -5.01528e-08
1.425 1.4382 0 467.798 -4.9287e-08
1.425 1.4382 0 468.8 -4.84364e-08
1.425 1.4382 0 469.803 -4.76006e-08
1.425 1.4382 0 470.805 -4.67795e-08
1.425 1.4382 0 471.807 -4.59727e-08
1.425 1.4382 0 472.81 -4.51801e-08
1.425 1.4382 0 473.812 -4.44013e-08
1.425 1.4382 0 474.815 -4.36361e-08
1.425 1.4382 0 475.817 -4.28843e-08
1.425 1.4382 0 476.82 -4.21456e-08
1.425 1.4382 0 477.822 -4.14199e-08
1.425 1.4382 0 478.825 -4.07068e-08
1.425 1.4382 0 479.827 -4.00061e-08
1.425 1.4382 0 480.83 -3.93177e-08
1.425 1.4382 0 481.832 -3.86413e-08
1.425 1.4382 0 482.835 -3.79767e-08
1.425 1.4382 0 483.837 -3.73237e-08
1.425 1.4382 0 484.84 -3.66821e-08
1.425 1.4382 0 485.842 -3.60517e-08
1.425 1.4382 0 486.844 -3.54322e-08
1.425 1.4382 0 487.847 -3.48236e-08
1.425 1.4382 0 488.849 -3.42255e-08
1.425 1.4382 0 489.852 -3.36379e-08
1.425 1.4382 0 490.854 -3.30604e-08
1.425 1.4382 0 491.857 -3.24931e-08
1.425 1.4382 0 492.859 -3.19356e-08
1.425 1.4382 0 493.862 -3.13878e-08
1.425 1.4382 0 494.864 -3.08495e-08
1.425 1.4382 0 495.867 -3.03206e-08
1.425 1.4382 0 496.869 -2.98009e-08
1.425 1.4382 0 497.872 -2.92902e-08
1.425 1.4382 0 498.874 -2.87884e-08
1.425 1.4382 0 499.877 -2.82953e-08
1.425 1.4382 0 500.879 -2.78107e-08
1.425 1.4382 0 501.882 -2.73346e-08
1.425 1.4382 0 502.884 -2.68667e-08
1.425 1.4382 0 503.886 -2.6407e-08
1.425 1.4382 0 504.889 -2.59552e-08
1.425 1.4382 0 505.891 -2.55112e-08
1.425 1.4382 0 506.894 -2.5075e-08
1.425 1.4382 0 507.896 -2.46463e-08
1.425 1.4382 0 508.899 -2.42251e-08
1.425 1.4382 0 509.901 -2.38111e-08
1.425 1.4382 0 510.904 -2.34043e-08
1.425 1.4382 0 511.906 -2.30045e-08
1.425 1.4382 0 512.909 -2.26117e-08
1.425 1.4382 0 513.911 -2.22257e-08
1.425 1.4382 0 514.914 -2.18463e-08
1.425 1.4382 0 515.916 -2.14735e-08
1.425 1.4382 0 516.919 -2.11072e-08
1.425 1.4382 0 517.921 -2.07472e-08
1.425 1.4382 0 518.923 -2.03934e-08
1.425 1.4382 0 519.926 -2.00457e-08
1.425 1.4382 0 520.928 -1.9704e-08
1.425 1.4382 0 521.931 -1.93682e-08
1.425 1.4382 0 522.933 -1.90382e-08
1.425 1.4382 0 523.936 -1.8714e-08
1.425 1.4382 0 524.938 -1.83953e-08
1.425 1.4382 0 525.941 -1.80821e-08
1.425 1.4382 0 526.943 -1.77743e-08
1.425 1.4382 0 527.946 -1.74718e-08
1.425 1.4382 0 528.948 -1.71745e-08
1.425 1.4382 0 529.951 -1.68824e-08
1.425 1.4382 0 530.953 -1.65953e-08
1.425 1.4382 0 531.956 -1.63131e-08
1.425 1.4382 0 532.958 -1.60358e-08
1.425 1.4382 0 533.961 -1.57633e-08
1.425 1.4382 0 534.963 -1.54954e-08
1.425 1.4382 0 535.965 -1.52322e-08
1.425 1.4382 0 536.968 -1.49735e-08
1.425 1.4382 0 537.97 -1.47192e-08
1.425 1.4382 0 538.973 -1.44694e-08
1.425 1.4382 0 539.975 -1.42238e-08
1.425 1.4382 0 540.978 -1.39824e-08
1.425 1.4382 0 541.98 -1.37452e-08
1.425 1.4382 0 542.983 -1.35121e-08
1.425 1.4382 0 543.985 -1.32829e-08
1.425 1.4382 0 544.988 -1.30577e-08
1.425 1.4382 0 545.99 -1.28364e-08
1.425 1.4382 0 546.993 -1.26188e-08
1.425 1.4382 0 547.995 -1.2405e-08
1.425 1.4382 0 548.998 -1.21949e-08
1.425 1.4382 0 550 -1.19884e-08
