2.595 1.4382 0 150.015 1.1698e-05
2.595 1.4382 0 151.017 2.00867e-05
2.595 1.4382 0 152.02 2.07184e-05
2.595 1.4382 0 153.022 1.96591e-05
2.595 1.4382 0 154.025 1.84904e-05
2.595 1.4382 0 155.027 1.73902e-05
2.595 1.4382 0 156.03 1.63685e-05
2.595 1.4382 0 157.032 1.54194e-05
2.595 1.4382 0 158.035 1.45362e-05
2.595 1.4382 0 159.037 1.37131e-05
2.595 1.4382 0 160.04 1.29453e-05
2.595 1.4382 0 161.042 1.22283e-05
2.595 1.4382 0 162.045 1.1558e-05
2.595 1.4382 0 163.047 1.0931e-05
2.595 1.4382 0 164.05 1.03438e-05
2.595 1.4382 0 165.052 9.79364e-06
2.595 1.4382 0 166.054 9.27773e-06
2.595 1.4382 0 167.057 8.79361e-06
2.595 1.4382 0 168.059 8.33902e-06
2.595 1.4382 0 169.062 7.91187e-06
2.595 1.4382 0 170.064 7.51026e-06
2.595 1.4382 0 171.067 7.13241e-06
2.595 1.4382 0 172.069 6.77672e-06
2.595 1.4382 0 173.072 6.44167e-06
2.595 1.4382 0 174.074 6.12589e-06
2.595 1.4382 0 175.077 5.82811e-06
2.595 1.4382 0 176.079 5.54714e-06
2.595 1.4382 0 177.082 5.28189e-06
2.595 1.4382 0 178.084 5.03134e-06
2.595 1.4382 0 179.087 4.79456e-06
2.595 1.4382 0 180.089 4.57068e-06
2.595 1.4382 0 181.092 4.35889e-06
2.595 1.4382 0 182.094 4.15843e-06
2.595 1.4382 0 183.096 3.96862e-06
2.595 1.4382 0 184.099 3.78879e-06
2.595 1.4382 0 185.101 3.61836e-06
2.595 1.4382 0 186.104 3.45674e-06
2.595 1.4382 0 187.106 3.30343e-06
2.595 1.4382 0 188.109 3.15793e-06
2.595 1.4382 0 189.111 3.01977e-06
2.595 1.4382 0 190.114 2.88855e-06
2.595 1.4382 0 191.116 2.76386e-06
2.595 1.4382 0 192.119 2.64532e-06
2.595 1.4382 0 193.121 2.53259e-06
2.595 1.4382 0 194.124 2.42534e-06
2.595 1.4382 0 195.126 2.32327e-06
2.595 1.4382 0 196.129 2.2261e-06
2.595 1.4382 0 197.131 2.13355e-06
2.595 1.4382 0 198.133 2.04537e-06
2.595 1.4382 0 199.136 1.96133e-06
2.595 1.4382 0 200.138 1.8812e-06
2.595 1.4382 0 201.141 1.80478e-06
2.595 1.4382 0 202.143 1.73188e-06
2.595 1.4382 0 203.146 1.6623e-06
2.595 1.4382 0 204.148 1.59588e-06
2.595 1.4382 0 205.151 1.53245e-06
2.595 1.4382 0 206.153 1.47187e-06
2.595 1.4382 0 207.156 1.41398e-06
2.595 1.4382 0 208.158 1.35865e-06
2.595 1.4382 0 209.161 1.30575e-06
2.595 1.4382 0 210.163 1.25516e-06
2.595 1.4382 0 211.166 1.20677e-06
2.595 1.4382 0 212.168 1.16046e-06
2.595 1.4382 0 213.171 1.11615e-06
2.595 1.4382 0 214.173 1.07372e-06
2.595 1.4382 0 215.175 1.03309e-06
2.595 1.4382 0 216.178 9.9418e-07
2.595 1.4382 0 217.18 9.569e-07
2.595 1.4382 0 218.183 9.21175e-07
2.595 1.4382 0 219.185 8.86932e-07
2.595 1.4382 0 220.188 8.54102e-07
2.595 1.4382 0 221.19 8.22619e-07
2.595 1.4382 0 222.193 7.92423e-07
2.595 1.4382 0 223.195 7.63453e-07
2.595 1.4382 0 224.198 7.35654e-07
2.595 1.4382 0 225.2 7.08973e-07
2.595 1.4382 0 226.203 6.8336e-07
2.595 1.4382 0 227.205 6.58767e-07
2.595 1.4382 0 228.208 6.35148e-07
2.595 1.4382 0 229.21 6.12461e-07
2.595 1.4382 0 230.212 5.90664e-07
2.595 1.4382 0 231.215 5.69719e-07
2.595 1.4382 0 232.217 5.49589e-07
2.595 1.4382 0 233.22 5.30238e-07
2.595 1.4382 0 234.222 5.11633e-07
2.595 1.4382 0 235.225 4.93742e-07
2.595 1.4382 0 236.227 4.76534e-07
2.595 1.4382 0 237.23 4.59981e-07
2.595 1.4382 0 238.232 4.44055e-07
2.595 1.4382 0 239.235 4.28729e-07
2.595 1.4382 0 240.237 4.1398e-07
2.595 1.4382 0 241.24 3.99781e-07
2.595 1.4382 0 242.242 3.86112e-07
2.595 1.4382 0 243.245 3.7295e-07
2.595 1.4382 0 244.247 3.60275e-07
2.595 1.4382 0 245.25 3.48066e-07
2.595 1.4382 0 246.252 3.36305e-07
2.595 1.4382 0 247.254 3.24974e-07
2.595 1.4382 0 248.257 3.14055e-07
2.595 1.4382 0 249.259 3.03532e-07
2.595 1.4382 0 250.262 2.93389e-07
2.595 1.4382 0 251.264 2.83611e-07
2.595 1.4382 0 252.267 2.74184e-07
2.595 1.4382 0 253.269 2.65094e-07
2.595 1.4382 0 254.272 2.56328e-07
2.595 1.4382 0 255.274 2.47873e-07
2.595 1.4382 0 256.277 2.39717e-07
2.595 1.4382 0 257.279 2.31849e-07
2.595 1.4382 0 258.282 2.24257e-07
2.595 1.4382 0 259.284 2.16931e-07
2.595 1.4382 0 260.287 2.09861e-07
2.595 1.4382 0 261.289 2.03037e-07
2.595 1.4382 0 262.291 1.9645e-07
2.595 1.4382 0 263.294 1.90091e-07
2.595 1.4382 0 264.296 1.83951e-07
2.595 1.4382 0 265.299 1.78022e-07
2.595 1.4382 0 266.301 1.72297e-07
2.595 1.4382 0 267.304 1.66767e-07
2.595 1.4382 0 268.306 1.61425e-07
2.595 1.4382 0 269.309 1.56265e-07
2.595 1.4382 0 270.311 1.5128e-07
2.595 1.4382 0 271.314 1.46464e-07
2.595 1.4382 0 272.316 1.4181e-07
2.595 1.4382 0 273.319 1.37312e-07
2.595 1.4382 0 274.321 1.32965e-07
2.595 1.4382 0 275.324 1.28763e-07
2.595 1.4382 0 276.326 1.24702e-07
2.595 1.4382 0 277.329 1.20776e-07
2.595 1.4382 0 278.331 1.1698e-07
2.595 1.4382 0 279.333 1.13309e-07
2.595 1.4382 0 280.336 1.0976e-07
2.595 1.4382 0 281.338 1.06328e-07
2.595 1.4382 0 282.341 1.03008e-07
2.595 1.4382 0 283.343 9.97976e-08
2.595 1.4382 0 284.346 9.6692e-08
2.595 1.4382 0 285.348 9.36877e-08
2.595 1.4382 0 286.351 9.07813e-08
2.595 1.4382 0 287.353 8.79694e-08
2.595 1.4382 0 288.356 8.52486e-08
2.595 1.4382 0 289.358 8.26158e-08
2.595 1.4382 0 290.361 8.00681e-08
2.595 1.4382 0 291.363 7.76024e-08
2.595 1.4382 0 292.366 7.5216e-08
2.595 1.4382 0 293.368 7.29062e-08
2.595 1.4382 0 294.37 7.06704e-08
2.595 1.4382 0 295.373 6.8506e-08
2.595 1.4382 0 296.375 6.64107e-08
2.595 1.4382 0 297.378 6.43821e-08
2.595 1.4382 0 298.38 6.2418e-08
2.595 1.4382 0 299.383 6.05162e-08
2.595 1.4382 0 300.385 5.86746e-08
2.595 1.4382 0 301.388 5.68912e-08
2.595 1.4382 0 302.39 5.5164e-08
2.595 1.4382 0 303.393 5.34913e-08
2.595 1.4382 0 304.395 5.18712e-08
2.595 1.4382 0 305.398 5.03019e-08
2.595 1.4382 0 306.4 4.87819e-08
2.595 1.4382 0 307.403 4.73093e-08
2.595 1.4382 0 308.405 4.58828e-08
2.595 1.4382 0 309.408 4.45008e-08
2.595 1.4382 0 310.41 4.31618e-08
2.595 1.4382 0 311.412 4.18644e-08
2.595 1.4382 0 312.415 4.06073e-08
2.595 1.4382 0 313.417 3.93892e-08
2.595 1.4382 0 314.42 3.82088e-08
2.595 1.4382 0 315.422 3.70649e-08
2.595 1.4382 0 316.425 3.59563e-08
2.595 1.4382 0 317.427 3.48818e-08
2.595 1.4382 0 318.43 3.38404e-08
2.595 1.4382 0 319.432 3.28311e-08
2.595 1.4382 0 320.435 3.18527e-08
2.595 1.4382 0 321.437 3.09043e-08
2.595 1.4382 0 322.44 2.9985e-08
2.595 1.4382 0 323.442 2.90937e-08
2.595 1.4382 0 324.445 2.82297e-08
2.595 1.4382 0 325.447 2.7392e-08
2.595 1.4382 0 326.449 2.65799e-08
2.595 1.4382 0 327.452 2.57924e-08
2.595 1.4382 0 328.454 2.50289e-08
2.595 1.4382 0 329.457 2.42886e-08
2.595 1.4382 0 330.459 2.35707e-08
2.595 1.4382 0 331.462 2.28746e-08
2.595 1.4382 0 332.464 2.21995e-08
2.595 1.4382 0 333.467 2.15448e-08
2.595 1.4382 0 334.469 2.09099e-08
2.595 1.4382 0 335.472 2.02941e-08
2.595 1.4382 0 336.474 1.96969e-08
2.595 1.4382 0 337.477 1.91177e-08
2.595 1.4382 0 338.479 1.85558e-08
2.595 1.4382 0 339.482 1.80109e-08
2.595 1.4382 0 340.484 1.74823e-08
2.595 1.4382 0 341.487 1.69695e-08
2.595 1.4382 0 342.489 1.64721e-08
2.595 1.4382 0 343.491 1.59896e-08
2.595 1.4382 0 344.494 1.55215e-08
2.595 1.4382 0 345.496 1.50673e-08
2.595 1.4382 0 346.499 1.46268e-08
2.595 1.4382 0 347.501 1.41993e-08
2.595 1.4382 0 348.504 1.37846e-08
2.595 1.4382 0 349.506 1.33822e-08
2.595 1.4382 0 350.509 1.29918e-08
2.595 1.4382 0 351.511 1.2613e-08
2.595 1.4382 0 352.514 1.22455e-08
2.595 1.4382 0 353.516 1.18888e-08
2.595 1.4382 0 354.519 1.15427e-08
2.595 1.4382 0 355.521 1.12069e-08
2.595 1.4382 0 356.524 1.0881e-08
2.595 1.4382 0 357.526 1.05647e-08
2.595 1.4382 0 358.528 1.02578e-08
2.595 1.4382 0 359.531 9.95996e-09
2.595 1.4382 0 360.533 9.6709e-09
2.595 1.4382 0 361.536 9.39035e-09
2.595 1.4382 0 362.538 9.11808e-09
2.595 1.4382 0 363.541 8.85381e-09
2.595 1.4382 0 364.543 8.59733e-09
2.595 1.4382 0 365.546 8.34839e-09
2.595 1.4382 0 366.548 8.10676e-09
2.595 1.4382 0 367.551 7.87223e-09
2.595 1.4382 0 368.553 7.64458e-09
2.595 1.4382 0 369.556 7.4236e-09
2.595 1.4382 0 370.558 7.20911e-09
2.595 1.4382 0 371.561 7.00089e-09
2.595 1.4382 0 372.563 6.79877e-09
2.595 1.4382 0 373.566 6.60257e-09
2.595 1.4382 0 374.568 6.4121e-09
2.595 1.4382 0 375.57 6.2272e-09
2.595 1.4382 0 376.573 6.0477e-09
2.595 1.4382 0 377.575 5.87344e-09
2.595 1.4382 0 378.578 5.70426e-09
2.595 1.4382 0 379.58 5.54002e-09
2.595 1.4382 0 380.583 5.38056e-09
2.595 1.4382 0 381.585 5.22575e-09
2.595 1.4382 0 382.588 5.07544e-09
2.595 1.4382 0 383.59 4.92951e-09
2.595 1.4382 0 384.593 4.78782e-09
2.595 1.4382 0 385.595 4.65025e-09
2.595 1.4382 0 386.598 4.51668e-09
2.595 1.4382 0 387.6 4.38699e-09
2.595 1.4382 0 388.603 4.26106e-09
2.595 1.4382 0 389.605 4.13878e-09
2.595 1.4382 0 390.607 4.02005e-09
2.595 1.4382 0 391.61 3.90476e-09
2.595 1.4382 0 392.612 3.79282e-09
2.595 1.4382 0 393.615 3.68411e-09
2.595 1.4382 0 394.617 3.57855e-09
2.595 1.4382 0 395.62 3.47605e-09
2.595 1.4382 0 396.622 3.37651e-09
2.595 1.4382 0 397.625 3.27985e-09
2.595 1.4382 0 398.627 3.18598e-09
2.595 1.4382 0 399.63 3.09483e-09
2.595 1.4382 0 400.632 3.0063e-09
2.595 1.4382 0 401.635 2.92034e-09
2.595 1.4382 0 402.637 2.83685e-09
2.595 1.4382 0 403.64 2.75577e-09
2.595 1.4382 0 404.642 2.67703e-09
2.595 1.4382 0 405.645 2.60055e-09
2.595 1.4382 0 406.647 2.52629e-09
2.595 1.4382 0 407.649 2.45416e-09
2.595 1.4382 0 408.652 2.3841e-09
2.595 1.4382 0 409.654 2.31606e-09
2.595 1.4382 0 410.657 2.24998e-09
2.595 1.4382 0 411.659 2.18581e-09
2.595 1.4382 0 412.662 2.12347e-09
2.595 1.4382 0 413.664 2.06293e-09
2.595 1.4382 0 414.667 2.00413e-09
2.595 1.4382 0 415.669 1.94701e-09
2.595 1.4382 0 416.672 1.89154e-09
2.595 1.4382 0 417.674 1.83766e-09
2.595 1.4382 0 418.677 1.78532e-09
2.595 1.4382 0 419.679 1.73449e-09
2.595 1.4382 0 420.682 1.68511e-09
2.595 1.4382 0 421.684 1.63715e-09
2.595 1.4382 0 422.686 1.59056e-09
2.595 1.4382 0 423.689 1.54531e-09
2.595 1.4382 0 424.691 1.50136e-09
2.595 1.4382 0 425.694 1.45866e-09
2.595 1.4382 0 426.696 1.41719e-09
2.595 1.4382 0 427.699 1.3769e-09
2.595 1.4382 0 428.701 1.33776e-09
2.595 1.4382 0 429.704 1.29975e-09
2.595 1.4382 0 430.706 1.26282e-09
2.595 1.4382 0 431.709 1.22695e-09
2.595 1.4382 0 432.711 1.1921e-09
2.595 1.4382 0 433.714 1.15825e-09
2.595 1.4382 0 434.716 1.12537e-09
2.595 1.4382 0 435.719 1.09342e-09
2.595 1.4382 0 436.721 1.06239e-09
2.595 1.4382 0 437.724 1.03225e-09
2.595 1.4382 0 438.726 1.00296e-09
2.595 1.4382 0 439.728 9.74509e-10
2.595 1.4382 0 440.731 9.4687e-10
2.595 1.4382 0 441.733 9.20019e-10
2.595 1.4382 0 442.736 8.93934e-10
2.595 1.4382 0 443.738 8.68593e-10
2.595 1.4382 0 444.741 8.43974e-10
2.595 1.4382 0 445.743 8.20056e-10
2.595 1.4382 0 446.746 7.9682e-10
2.595 1.4382 0 447.748 7.74246e-10
2.595 1.4382 0 448.751 7.52314e-10
2.595 1.4382 0 449.753 7.31007e-10
2.595 1.4382 0 450.756 7.10307e-10
2.595 1.4382 0 451.758 6.90195e-10
2.595 1.4382 0 452.761 6.70656e-10
2.595 1.4382 0 453.763 6.51673e-10
2.595 1.4382 0 454.765 6.3323e-10
2.595 1.4382 0 455.768 6.15311e-10
2.595 1.4382 0 456.77 5.97901e-10
2.595 1.4382 0 457.773 5.80987e-10
2.595 1.4382 0 458.775 5.64553e-10
2.595 1.4382 0 459.778 5.48586e-10
2.595 1.4382 0 460.78 5.33073e-10
2.595 1.4382 0 461.783 5.18001e-10
2.595 1.4382 0 462.785 5.03356e-10
2.595 1.4382 0 463.788 4.89128e-10
2.595 1.4382 0 464.79 4.75303e-10
2.595 1.4382 0 465.793 4.61871e-10
2.595 1.4382 0 466.795 4.4882e-10
2.595 1.4382 0 467.798 4.36139e-10
2.595 1.4382 0 468.8 4.23818e-10
2.595 1.4382 0 469.803 4.11847e-10
2.595 1.4382 0 470.805 4.00215e-10
2.595 1.4382 0 471.807 3.88913e-10
2.595 1.4382 0 472.81 3.77932e-10
2.595 1.4382 0 473.812 3.67262e-10
2.595 1.4382 0 474.815 3.56894e-10
2.595 1.4382 0 475.817 3.4682e-10
2.595 1.4382 0 476.82 3.37031e-10
2.595 1.4382 0 477.822 3.2752e-10
2.595 1.4382 0 478.825 3.18279e-10
2.595 1.4382 0 479.827 3.09299e-10
2.595 1.4382 0 480.83 3.00573e-10
2.595 1.4382 0 481.832 2.92094e-10
2.595 1.4382 0 482.835 2.83856e-10
2.595 1.4382 0 483.837 2.75851e-10
2.595 1.4382 0 484.84 2.68072e-10
2.595 1.4382 0 485.842 2.60513e-10
2.595 1.4382 0 486.844 2.53168e-10
2.595 1.4382 0 487.847 2.46031e-10
2.595 1.4382 0 488.849 2.39096e-10
2.595 1.4382 0 489.852 2.32357e-10
2.595 1.4382 0 490.854 2.25809e-10
2.595 1.4382 0 491.857 2.19446e-10
2.595 1.4382 0 492.859 2.13263e-10
2.595 1.4382 0 493.862 2.07254e-10
2.595 1.4382 0 494.864 2.01416e-10
2.595 1.4382 0 495.867 1.95742e-10
2.595 1.4382 0 496.869 1.90229e-10
2.595 1.4382 0 497.872 1.84871e-10
2.595 1.4382 0 498.874 1.79665e-10
2.595 1.4382 0 499.877 1.74606e-10
2.595 1.4382 0 500.879 1.6969e-10
2.595 1.4382 0 501.882 1.64913e-10
2.595 1.4382 0 502.884 1.6027e-10
2.595 1.4382 0 503.886 1.55759e-10
2.595 1.4382 0 504.889 1.51375e-10
2.595 1.4382 0 505.891 1.47115e-10
2.595 1.4382 0 506.894 1.42975e-10
2.595 1.4382 0 507.896 1.38952e-10
2.595 1.4382 0 508.899 1.35042e-10
2.595 1.4382 0 509.901 1.31243e-10
2.595 1.4382 0 510.904 1.27551e-10
2.595 1.4382 0 511.906 1.23963e-10
2.595 1.4382 0 512.909 1.20476e-10
2.595 1.4382 0 513.911 1.17088e-10
2.595 1.4382 0 514.914 1.13795e-10
2.595 1.4382 0 515.916 1.10595e-10
2.595 1.4382 0 516.919 1.07486e-10
2.595 1.4382 0 517.921 1.04464e-10
2.595 1.4382 0 518.923 1.01527e-10
2.595 1.4382 0 519.926 9.86727e-11
2.595 1.4382 0 520.928 9.58991e-11
2.595 1.4382 0 521.931 9.32037e-11
2.595 1.4382 0 522.933 9.05842e-11
2.595 1.4382 0 523.936 8.80386e-11
2.595 1.4382 0 524.938 8.55646e-11
2.595 1.4382 0 525.941 8.31604e-11
2.595 1.4382 0 526.943 8.08239e-11
2.595 1.4382 0 527.946 7.85532e-11
2.595 1.4382 0 528.948 7.63464e-11
2.595 1.4382 0 529.951 7.42018e-11
2.595 1.4382 0 530.953 7.21176e-11
2.595 1.4382 0 531.956 7.00921e-11
2.595 1.4382 0 532.958 6.81236e-11
2.595 1.4382 0 533.961 6.62105e-11
2.595 1.4382 0 534.963 6.43513e-11
2.595 1.4382 0 535.965 6.25444e-11
2.595 1.4382 0 536.968 6.07883e-11
2.595 1.4382 0 537.97 5.90817e-11
2.595 1.4382 0 538.973 5.74231e-11
2.595 1.4382 0 539.975 5.58112e-11
2.595 1.4382 0 540.978 5.42446e-11
2.595 1.4382 0 541.98 5.27221e-11
2.595 1.4382 0 542.983 5.12424e-11
2.595 1.4382 0 543.985 4.98044e-11
2.595 1.4382 0 544.988 4.84068e-11
2.595 1.4382 0 545.99 4.70485e-11
2.595 1.4382 0 546.993 4.57284e-11
2.595 1.4382 0 547.995 4.44454e-11
2.595 1.4382 0 548.998 4.31985e-11
2.595 1.4382 0 550 4.19866e-11
