1.52 1.4382 0 150.015 1.52262e-06
1.52 1.4382 0 151.017 2.72322e-06
1.52 1.4382 0 152.02 2.7607e-06
1.52 1.4382 0 153.022 2.65699e-06
1.52 1.4382 0 154.025 2.55343e-06
1.52 1.4382 0 155.027 2.45694e-06
1.52 1.4382 0 156.03 2.36646e-06
1.52 1.4382 0 157.032 2.28104e-06
1.52 1.4382 0 158.035 2.20006e-06
1.52 1.4382 0 159.037 2.12303e-06
1.52 1.4382 0 160.04 2.04961e-06
1.52 1.4382 0 161.042 1.97951e-06
1.52 1.4382 0 162.045 1.91251e-06
1.52 1.4382 0 163.047 1.84838e-06
1.52 1.4382 0 164.05 1.78697e-06
1.52 1.4382 0 165.052 1.72811e-06
1.52 1.4382 0 166.054 1.67167e-06
1.52 1.4382 0 167.057 1.6175e-06
1.52 1.4382 0 168.059 1.56551e-06
1.52 1.4382 0 169.062 1.51557e-06
1.52 1.4382 0 170.064 1.46758e-06
1.52 1.4382 0 171.067 1.42146e-06
1.52 1.4382 0 172.069 1.37711e-06
1.52 1.4382 0 173.072 1.33445e-06
1.52 1.4382 0 174.074 1.2934e-06
1.52 1.4382 0 175.077 1.25389e-06
1.52 1.4382 0 176.079 1.21586e-06
1.52 1.4382 0 177.082 1.17923e-06
1.52 1.4382 0 178.084 1.14395e-06
1.52 1.4382 0 179.087 1.10995e-06
1.52 1.4382 0 180.089 1.07719e-06
1.52 1.4382 0 181.092 1.0456e-06
1.52 1.4382 0 182.094 1.01514e-06
1.52 1.4382 0 183.096 9.85764e-07
1.52 1.4382 0 184.099 9.57421e-07
1.52 1.4382 0 185.101 9.3007e-07
1.52 1.4382 0 186.104 9.03671e-07
1.52 1.4382 0 187.106 8.78184e-07
1.52 1.4382 0 188.109 8.53573e-07
1.52 1.4382 0 189.111 8.29801e-07
1.52 1.4382 0 190.114 8.06836e-07
1.52 1.4382 0 191.116 7.84644e-07
1.52 1.4382 0 192.119 7.63195e-07
1.52 1.4382 0 193.121 7.42459e-07
1.52 1.4382 0 194.124 7.22409e-07
1.52 1.4382 0 195.126 7.03017e-07
1.52 1.4382 0 196.129 6.84259e-07
1.52 1.4382 0 197.131 6.66108e-07
1.52 1.4382 0 198.133 6.48543e-07
1.52 1.4382 0 199.136 6.3154e-07
1.52 1.4382 0 200.138 6.15078e-07
1.52 1.4382 0 201.141 5.99137e-07
1.52 1.4382 0 202.143 5.83697e-07
1.52 1.4382 0 203.146 5.68739e-07
1.52 1.4382 0 204.148 5.54246e-07
1.52 1.4382 0 205.151 5.40199e-07
1.52 1.4382 0 206.153 5.26583e-07
1.52 1.4382 0 207.156 5.13382e-07
1.52 1.4382 0 208.158 5.0058e-07
1.52 1.4382 0 209.161 4.88163e-07
1.52 1.4382 0 210.163 4.76118e-07
1.52 1.4382 0 211.166 4.6443e-07
1.52 1.4382 0 212.168 4.53088e-07
1.52 1.4382 0 213.171 4.42078e-07
1.52 1.4382 0 214.173 4.3139e-07
1.52 1.4382 0 215.175 4.21011e-07
1.52 1.4382 0 216.178 4.10932e-07
1.52 1.4382 0 217.18 4.01141e-07
1.52 1.4382 0 218.183 3.91629e-07
1.52 1.4382 0 219.185 3.82386e-07
1.52 1.4382 0 220.188 3.73403e-07
1.52 1.4382 0 221.19 3.64671e-07
1.52 1.4382 0 222.193 3.56182e-07
1.52 1.4382 0 223.195 3.47927e-07
1.52 1.4382 0 224.198 3.399e-07
1.52 1.4382 0 225.2 3.32091e-07
1.52 1.4382 0 226.203 3.24494e-07
1.52 1.4382 0 227.205 3.17103e-07
1.52 1.4382 0 228.208 3.0991e-07
1.52 1.4382 0 229.21 3.02909e-07
1.52 1.4382 0 230.212 2.96093e-07
1.52 1.4382 0 231.215 2.89458e-07
1.52 1.4382 0 232.217 2.82997e-07
1.52 1.4382 0 233.22 2.76704e-07
1.52 1.4382 0 234.222 2.70574e-07
1.52 1.4382 0 235.225 2.64603e-07
1.52 1.4382 0 236.227 2.58785e-07
1.52 1.4382 0 237.23 2.53116e-07
1.52 1.4382 0 238.232 2.47591e-07
1.52 1.4382 0 239.235 2.42205e-07
1.52 1.4382 0 240.237 2.36955e-07
1.52 1.4382 0 241.24 2.31836e-07
1.52 1.4382 0 242.242 2.26844e-07
1.52 1.4382 0 243.245 2.21976e-07
1.52 1.4382 0 244.247 2.17228e-07
1.52 1.4382 0 245.25 2.12596e-07
1.52 1.4382 0 246.252 2.08078e-07
1.52 1.4382 0 247.254 2.03668e-07
1.52 1.4382 0 248.257 1.99366e-07
1.52 1.4382 0 249.259 1.95167e-07
1.52 1.4382 0 250.262 1.91068e-07
1.52 1.4382 0 251.264 1.87067e-07
1.52 1.4382 0 252.267 1.83161e-07
1.52 1.4382 0 253.269 1.79347e-07
1.52 1.4382 0 254.272 1.75623e-07
1.52 1.4382 0 255.274 1.71986e-07
1.52 1.4382 0 256.277 1.68433e-07
1.52 1.4382 0 257.279 1.64963e-07
1.52 1.4382 0 258.282 1.61573e-07
1.52 1.4382 0 259.284 1.58261e-07
1.52 1.4382 0 260.287 1.55025e-07
1.52 1.4382 0 261.289 1.51863e-07
1.52 1.4382 0 262.291 1.48773e-07
1.52 1.4382 0 263.294 1.45752e-07
1.52 1.4382 0 264.296 1.428e-07
1.52 1.4382 0 265.299 1.39914e-07
1.52 1.4382 0 266.301 1.37093e-07
1.52 1.4382 0 267.304 1.34334e-07
1.52 1.4382 0 268.306 1.31637e-07
1.52 1.4382 0 269.309 1.28999e-07
1.52 1.4382 0 270.311 1.2642e-07
1.52 1.4382 0 271.314 1.23897e-07
1.52 1.4382 0 272.316 1.2143e-07
1.52 1.4382 0 273.319 1.19016e-07
1.52 1.4382 0 274.321 1.16655e-07
1.52 1.4382 0 275.324 1.14345e-07
1.52 1.4382 0 276.326 1.12085e-07
1.52 1.4382 0 277.329 1.09873e-07
1.52 1.4382 0 278.331 1.0771e-07
1.52 1.4382 0 279.333 1.05592e-07
1.52 1.4382 0 280.336 1.03519e-07
1.52 1.4382 0 281.338 1.01491e-07
1.52 1.4382 0 282.341 9.95059e-08
1.52 1.4382 0 283.343 9.75625e-08
1.52 1.4382 0 284.346 9.56602e-08
1.52 1.4382 0 285.348 9.37979e-08
1.52 1.4382 0 286.351 9.19746e-08
1.52 1.4382 0 287.353 9.01895e-08
1.52 1.4382 0 288.356 8.84416e-08
1.52 1.4382 0 289.358 8.673e-08
1.52 1.4382 0 290.361 8.5054e-08
1.52 1.4382 0 291.363 8.34127e-08
1.52 1.4382 0 292.366 8.18053e-08
1.52 1.4382 0 293.368 8.02309e-08
1.52 1.4382 0 294.37 7.8689e-08
1.52 1.4382 0 295.373 7.71786e-08
1.52 1.4382 0 296.375 7.56991e-08
1.52 1.4382 0 297.378 7.42498e-08
1.52 1.4382 0 298.38 7.283e-08
1.52 1.4382 0 299.383 7.1439e-08
1.52 1.4382 0 300.385 7.00763e-08
1.52 1.4382 0 301.388 6.87411e-08
1.52 1.4382 0 302.39 6.74328e-08
1.52 1.4382 0 303.393 6.61509e-08
1.52 1.4382 0 304.395 6.48948e-08
1.52 1.4382 0 305.398 6.36639e-08
1.52 1.4382 0 306.4 6.24576e-08
1.52 1.4382 0 307.403 6.12754e-08
1.52 1.4382 0 308.405 6.01168e-08
1.52 1.4382 0 309.408 5.89812e-08
1.52 1.4382 0 310.41 5.78683e-08
1.52 1.4382 0 311.412 5.67774e-08
1.52 1.4382 0 312.415 5.57081e-08
1.52 1.4382 0 313.417 5.46599e-08
1.52 1.4382 0 314.42 5.36324e-08
1.52 1.4382 0 315.422 5.26252e-08
1.52 1.4382 0 316.425 5.16378e-08
1.52 1.4382 0 317.427 5.06697e-08
1.52 1.4382 0 318.43 4.97207e-08
1.52 1.4382 0 319.432 4.87902e-08
1.52 1.4382 0 320.435 4.78779e-08
1.52 1.4382 0 321.437 4.69834e-08
1.52 1.4382 0 322.44 4.61064e-08
1.52 1.4382 0 323.442 4.52464e-08
1.52 1.4382 0 324.445 4.44031e-08
1.52 1.4382 0 325.447 4.35762e-08
1.52 1.4382 0 326.449 4.27653e-08
1.52 1.4382 0 327.452 4.19701e-08
1.52 1.4382 0 328.454 4.11903e-08
1.52 1.4382 0 329.457 4.04255e-08
1.52 1.4382 0 330.459 3.96755e-08
1.52 1.4382 0 331.462 3.89399e-08
1.52 1.4382 0 332.464 3.82184e-08
1.52 1.4382 0 333.467 3.75108e-08
1.52 1.4382 0 334.469 3.68168e-08
1.52 1.4382 0 335.472 3.61361e-08
1.52 1.4382 0 336.474 3.54684e-08
1.52 1.4382 0 337.477 3.48134e-08
1.52 1.4382 0 338.479 3.4171e-08
1.52 1.4382 0 339.482 3.35408e-08
1.52 1.4382 0 340.484 3.29226e-08
1.52 1.4382 0 341.487 3.23162e-08
1.52 1.4382 0 342.489 3.17213e-08
1.52 1.4382 0 343.491 3.11377e-08
1.52 1.4382 0 344.494 3.05652e-08
1.52 1.4382 0 345.496 3.00036e-08
1.52 1.4382 0 346.499 2.94525e-08
1.52 1.4382 0 347.501 2.89119e-08
1.52 1.4382 0 348.504 2.83815e-08
1.52 1.4382 0 349.506 2.78612e-08
1.52 1.4382 0 350.509 2.73506e-08
1.52 1.4382 0 351.511 2.68497e-08
1.52 1.4382 0 352.514 2.63582e-08
1.52 1.4382 0 353.516 2.58759e-08
1.52 1.4382 0 354.519 2.54027e-08
1.52 1.4382 0 355.521 2.49384e-08
1.52 1.4382 0 356.524 2.44828e-08
1.52 1.4382 0 357.526 2.40358e-08
1.52 1.4382 0 358.528 2.35971e-08
1.52 1.4382 0 359.531 2.31666e-08
1.52 1.4382 0 360.533 2.27442e-08
1.52 1.4382 0 361.536 2.23297e-08
1.52 1.4382 0 362.538 2.19229e-08
1.52 1.4382 0 363.541 2.15237e-08
1.52 1.4382 0 364.543 2.1132e-08
1.52 1.4382 0 365.546 2.07476e-08
1.52 1.4382 0 366.548 2.03703e-08
1.52 1.4382 0 367.551 2e-08
1.52 1.4382 0 368.553 1.96367e-08
1.52 1.4382 0 369.556 1.928e-08
1.52 1.4382 0 370.558 1.893e-08
1.52 1.4382 0 371.561 1.85865e-08
1.52 1.4382 0 372.563 1.82494e-08
1.52 1.4382 0 373.566 1.79185e-08
1.52 1.4382 0 374.568 1.75938e-08
1.52 1.4382 0 375.57 1.7275e-08
1.52 1.4382 0 376.573 1.69622e-08
1.52 1.4382 0 377.575 1.66551e-08
1.52 1.4382 0 378.578 1.63537e-08
1.52 1.4382 0 379.58 1.60579e-08
1.52 1.4382 0 380.583 1.57675e-08
1.52 1.4382 0 381.585 1.54825e-08
1.52 1.4382 0 382.588 1.52028e-08
1.52 1.4382 0 383.59 1.49282e-08
1.52 1.4382 0 384.593 1.46586e-08
1.52 1.4382 0 385.595 1.4394e-08
1.52 1.4382 0 386.598 1.41343e-08
1.52 1.4382 0 387.6 1.38794e-08
1.52 1.4382 0 388.603 1.36291e-08
1.52 1.4382 0 389.605 1.33835e-08
1.52 1.4382 0 390.607 1.31423e-08
1.52 1.4382 0 391.61 1.29056e-08
1.52 1.4382 0 392.612 1.26732e-08
1.52 1.4382 0 393.615 1.24451e-08
1.52 1.4382 0 394.617 1.22211e-08
1.52 1.4382 0 395.62 1.20013e-08
1.52 1.4382 0 396.622 1.17854e-08
1.52 1.4382 0 397.625 1.15736e-08
1.52 1.4382 0 398.627 1.13656e-08
1.52 1.4382 0 399.63 1.11614e-08
1.52 1.4382 0 400.632 1.09609e-08
1.52 1.4382 0 401.635 1.07641e-08
1.52 1.4382 0 402.637 1.05708e-08
1.52 1.4382 0 403.64 1.03811e-08
1.52 1.4382 0 404.642 1.01949e-08
1.52 1.4382 0 405.645 1.00121e-08
1.52 1.4382 0 406.647 9.83256e-09
1.52 1.4382 0 407.649 9.65632e-09
1.52 1.4382 0 408.652 9.48328e-09
1.52 1.4382 0 409.654 9.3134e-09
1.52 1.4382 0 410.657 9.1466e-09
1.52 1.4382 0 411.659 8.98284e-09
1.52 1.4382 0 412.662 8.82206e-09
1.52 1.4382 0 413.664 8.66419e-09
1.52 1.4382 0 414.667 8.50919e-09
1.52 1.4382 0 415.669 8.35701e-09
1.52 1.4382 0 416.672 8.20759e-09
1.52 1.4382 0 417.674 8.06088e-09
1.52 1.4382 0 418.677 7.91683e-09
1.52 1.4382 0 419.679 7.77539e-09
1.52 1.4382 0 420.682 7.63651e-09
1.52 1.4382 0 421.684 7.50015e-09
1.52 1.4382 0 422.686 7.36625e-09
1.52 1.4382 0 423.689 7.23479e-09
1.52 1.4382 0 424.691 7.1057e-09
1.52 1.4382 0 425.694 6.97894e-09
1.52 1.4382 0 426.696 6.85448e-09
1.52 1.4382 0 427.699 6.73226e-09
1.52 1.4382 0 428.701 6.61226e-09
1.52 1.4382 0 429.704 6.49442e-09
1.52 1.4382 0 430.706 6.37871e-09
1.52 1.4382 0 431.709 6.26509e-09
1.52 1.4382 0 432.711 6.15352e-09
1.52 1.4382 0 433.714 6.04396e-09
1.52 1.4382 0 434.716 5.93638e-09
1.52 1.4382 0 435.719 5.83074e-09
1.52 1.4382 0 436.721 5.727e-09
1.52 1.4382 0 437.724 5.62513e-09
1.52 1.4382 0 438.726 5.5251e-09
1.52 1.4382 0 439.728 5.42687e-09
1.52 1.4382 0 440.731 5.3304e-09
1.52 1.4382 0 441.733 5.23567e-09
1.52 1.4382 0 442.736 5.14265e-09
1.52 1.4382 0 443.738 5.0513e-09
1.52 1.4382 0 444.741 4.96159e-09
1.52 1.4382 0 445.743 4.87349e-09
1.52 1.4382 0 446.746 4.78698e-09
1.52 1.4382 0 447.748 4.70202e-09
1.52 1.4382 0 448.751 4.61859e-09
1.52 1.4382 0 449.753 4.53665e-09
1.52 1.4382 0 450.756 4.45618e-09
1.52 1.4382 0 451.758 4.37716e-09
1.52 1.4382 0 452.761 4.29956e-09
1.52 1.4382 0 453.763 4.22335e-09
1.52 1.4382 0 454.765 4.1485e-09
1.52 1.4382 0 455.768 4.075e-09
1.52 1.4382 0 456.77 4.00281e-09
1.52 1.4382 0 457.773 3.93192e-09
1.52 1.4382 0 458.775 3.86229e-09
1.52 1.4382 0 459.778 3.79392e-09
1.52 1.4382 0 460.78 3.72676e-09
1.52 1.4382 0 461.783 3.66081e-09
1.52 1.4382 0 462.785 3.59604e-09
1.52 1.4382 0 463.788 3.53243e-09
1.52 1.4382 0 464.79 3.46995e-09
1.52 1.4382 0 465.793 3.4086e-09
1.52 1.4382 0 466.795 3.34833e-09
1.52 1.4382 0 467.798 3.28915e-09
1.52 1.4382 0 468.8 3.23102e-09
1.52 1.4382 0 469.803 3.17393e-09
1.52 1.4382 0 470.805 3.11786e-09
1.52 1.4382 0 471.807 3.0628e-09
1.52 1.4382 0 472.81 3.00871e-09
1.52 1.4382 0 473.812 2.95559e-09
1.52 1.4382 0 474.815 2.90342e-09
1.52 1.4382 0 475.817 2.85217e-09
1.52 1.4382 0 476.82 2.80184e-09
1.52 1.4382 0 477.822 2.75241e-09
1.52 1.4382 0 478.825 2.70386e-09
1.52 1.4382 0 479.827 2.65618e-09
1.52 1.4382 0 480.83 2.60934e-09
1.52 1.4382 0 481.832 2.56334e-09
1.52 1.4382 0 482.835 2.51815e-09
1.52 1.4382 0 483.837 2.47378e-09
1.52 1.4382 0 484.84 2.43019e-09
1.52 1.4382 0 485.842 2.38738e-09
1.52 1.4382 0 486.844 2.34532e-09
1.52 1.4382 0 487.847 2.30402e-09
1.52 1.4382 0 488.849 2.26345e-09
1.52 1.4382 0 489.852 2.2236e-09
1.52 1.4382 0 490.854 2.18447e-09
1.52 1.4382 0 491.857 2.14602e-09
1.52 1.4382 0 492.859 2.10826e-09
1.52 1.4382 0 493.862 2.07117e-09
1.52 1.4382 0 494.864 2.03474e-09
1.52 1.4382 0 495.867 1.99896e-09
1.52 1.4382 0 496.869 1.96381e-09
1.52 1.4382 0 497.872 1.92928e-09
1.52 1.4382 0 498.874 1.89537e-09
1.52 1.4382 0 499.877 1.86206e-09
1.52 1.4382 0 500.879 1.82934e-09
1.52 1.4382 0 501.882 1.7972e-09
1.52 1.4382 0 502.884 1.76563e-09
1.52 1.4382 0 503.886 1.73462e-09
1.52 1.4382 0 504.889 1.70416e-09
1.52 1.4382 0 505.891 1.67424e-09
1.52 1.4382 0 506.894 1.64485e-09
1.52 1.4382 0 507.896 1.61598e-09
1.52 1.4382 0 508.899 1.58762e-09
1.52 1.4382 0 509.901 1.55977e-09
1.52 1.4382 0 510.904 1.5324e-09
1.52 1.4382 0 511.906 1.50552e-09
1.52 1.4382 0 512.909 1.47912e-09
1.52 1.4382 0 513.911 1.45318e-09
1.52 1.4382 0 514.914 1.42771e-09
1.52 1.4382 0 515.916 1.40268e-09
1.52 1.4382 0 516.919 1.3781e-09
1.52 1.4382 0 517.921 1.35395e-09
1.52 1.4382 0 518.923 1.33022e-09
1.52 1.4382 0 519.926 1.30692e-09
1.52 1.4382 0 520.928 1.28403e-09
1.52 1.4382 0 521.931 1.26154e-09
1.52 1.4382 0 522.933 1.23945e-09
1.52 1.4382 0 523.936 1.21775e-09
1.52 1.4382 0 524.938 1.19644e-09
1.52 1.4382 0 525.941 1.1755e-09
1.52 1.4382 0 526.943 1.15493e-09
1.52 1.4382 0 527.946 1.13472e-09
1.52 1.4382 0 528.948 1.11487e-09
1.52 1.4382 0 529.951 1.09537e-09
1.52 1.4382 0 530.953 1.07621e-09
1.52 1.4382 0 531.956 1.05739e-09
1.52 1.4382 0 532.958 1.0389e-09
1.52 1.4382 0 533.961 1.02074e-09
1.52 1.4382 0 534.963 1.0029e-09
1.52 1.4382 0 535.965 9.85373e-10
1.52 1.4382 0 536.968 9.68155e-10
1.52 1.4382 0 537.97 9.51241e-10
1.52 1.4382 0 538.973 9.34624e-10
1.52 1.4382 0 539.975 9.183e-10
1.52 1.4382 0 540.978 9.02263e-10
1.52 1.4382 0 541.98 8.86509e-10
1.52 1.4382 0 542.983 8.71032e-10
1.52 1.4382 0 543.985 8.55827e-10
1.52 1.4382 0 544.988 8.4089e-10
1.52 1.4382 0 545.99 8.26215e-10
1.52 1.4382 0 546.993 8.11799e-10
1.52 1.4382 0 547.995 7.97636e-10
1.52 1.4382 0 548.998 7.83723e-10
1.52 1.4382 0 550 7.70054e-10
