1.915 1.4382 0 150.015 1.34027e-05
1.915 1.4382 0 151.017 2.38202e-05
1.915 1.4382 0 152.02 2.37944e-05
1.915 1.4382 0 153.022 2.24581e-05
1.915 1.4382 0 154.025 2.11123e-05
1.915 1.4382 0 155.027 1.9839e-05
1.915 1.4382 0 156.03 1.86382e-05
1.915 1.4382 0 157.032 1.75054e-05
1.915 1.4382 0 158.035 1.64364e-05
1.915 1.4382 0 159.037 1.54274e-05
1.915 1.4382 0 160.04 1.44752e-05
1.915 1.4382 0 161.042 1.35764e-05
1.915 1.4382 0 162.045 1.27282e-05
1.915 1.4382 0 163.047 1.19277e-05
1.915 1.4382 0 164.05 1.11723e-05
1.915 1.4382 0 165.052 1.04597e-05
1.915 1.4382 0 166.054 9.78742e-06
1.915 1.4382 0 167.057 9.15332e-06
1.915 1.4382 0 168.059 8.55535e-06
1.915 1.4382 0 169.062 7.99153e-06
1.915 1.4382 0 170.064 7.46001e-06
1.915 1.4382 0 171.067 6.95906e-06
1.915 1.4382 0 172.069 6.487e-06
1.915 1.4382 0 173.072 6.04228e-06
1.915 1.4382 0 174.074 5.6234e-06
1.915 1.4382 0 175.077 5.22896e-06
1.915 1.4382 0 176.079 4.85763e-06
1.915 1.4382 0 177.082 4.50815e-06
1.915 1.4382 0 178.084 4.17932e-06
1.915 1.4382 0 179.087 3.87001e-06
1.915 1.4382 0 180.089 3.57916e-06
1.915 1.4382 0 181.092 3.30574e-06
1.915 1.4382 0 182.094 3.04881e-06
1.915 1.4382 0 183.096 2.80744e-06
1.915 1.4382 0 184.099 2.58079e-06
1.915 1.4382 0 185.101 2.36802e-06
1.915 1.4382 0 186.104 2.16838e-06
1.915 1.4382 0 187.106 1.98113e-06
1.915 1.4382 0 188.109 1.80557e-06
1.915 1.4382 0 189.111 1.64107e-06
1.915 1.4382 0 190.114 1.48698e-06
1.915 1.4382 0 191.116 1.34273e-06
1.915 1.4382 0 192.119 1.20777e-06
1.915 1.4382 0 193.121 1.08155e-06
1.915 1.4382 0 194.124 9.63601e-07
1.915 1.4382 0 195.126 8.53436e-07
1.915 1.4382 0 196.129 7.50612e-07
1.915 1.4382 0 197.131 6.54708e-07
1.915 1.4382 0 198.133 5.65325e-07
1.915 1.4382 0 199.136 4.82087e-07
1.915 1.4382 0 200.138 4.04636e-07
1.915 1.4382 0 201.141 3.32634e-07
1.915 1.4382 0 202.143 2.65764e-07
1.915 1.4382 0 203.146 2.03721e-07
1.915 1.4382 0 204.148 1.46223e-07
1.915 1.4382 0 205.151 9.29978e-08
1.915 1.4382 0 206.153 4.37915e-08
1.915 1.4382 0 207.156 -1.63702e-09
1.915 1.4382 0 208.158 -4.35156e-08
1.915 1.4382 0 209.161 -8.20594e-08
1.915 1.4382 0 210.163 -1.17472e-07
1.915 1.4382 0 211.166 -1.49945e-07
1.915 1.4382 0 212.168 -1.7966e-07
1.915 1.4382 0 213.171 -2.06788e-07
1.915 1.4382 0 214.173 -2.31491e-07
1.915 1.4382 0 215.175 -2.53922e-07
1.915 1.4382 0 216.178 -2.74224e-07
1.915 1.4382 0 217.18 -2.92535e-07
1.915 1.4382 0 218.183 -3.08981e-07
1.915 1.4382 0 219.185 -3.23685e-07
1.915 1.4382 0 220.188 -3.3676e-07
1.915 1.4382 0 221.19 -3.48314e-07
1.915 1.4382 0 222.193 -3.58449e-07
1.915 1.4382 0 223.195 -3.6726e-07
1.915 1.4382 0 224.198 -3.74837e-07
1.915 1.4382 0 225.2 -3.81266e-07
1.915 1.4382 0 226.203 -3.86625e-07
1.915 1.4382 0 227.205 -3.90992e-07
1.915 1.4382 0 228.208 -3.94436e-07
1.915 1.4382 0 229.21 -3.97025e-07
1.915 1.4382 0 230.212 -3.98821e-07
1.915 1.4382 0 231.215 -3.99883e-07
1.915 1.4382 0 232.217 -4.00267e-07
1.915 1.4382 0 233.22 -4.00026e-07
1.915 1.4382 0 234.222 -3.99207e-07
1.915 1.4382 0 235.225 -3.97858e-07
1.915 1.4382 0 236.227 -3.96022e-07
1.915 1.4382 0 237.23 -3.93738e-07
1.915 1.4382 0 238.232 -3.91046e-07
1.915 1.4382 0 239.235 -3.87982e-07
1.915 1.4382 0 240.237 -3.84578e-07
1.915 1.4382 0 241.24 -3.80866e-07
1.915 1.4382 0 242.242 -3.76875e-07
1.915 1.4382 0 243.245 -3.72634e-07
1.915 1.4382 0 244.247 -3.68167e-07
1.915 1.4382 0 245.25 -3.63499e-07
1.915 1.4382 0 246.252 -3.58653e-07
1.915 1.4382 0 247.254 -3.53649e-07
1.915 1.4382 0 248.257 -3.48507e-07
1.915 1.4382 0 249.259 -3.43246e-07
1.915 1.4382 0 250.262 -3.37882e-07
1.915 1.4382 0 251.264 -3.32431e-07
1.915 1.4382 0 252.267 -3.26909e-07
1.915 1.4382 0 253.269 -3.21328e-07
1.915 1.4382 0 254.272 -3.15701e-07
1.915 1.4382 0 255.274 -3.10041e-07
1.915 1.4382 0 256.277 -3.04359e-07
1.915 1.4382 0 257.279 -2.98663e-07
1.915 1.4382 0 258.282 -2.92965e-07
1.915 1.4382 0 259.284 -2.87272e-07
1.915 1.4382 0 260.287 -2.81592e-07
1.915 1.4382 0 261.289 -2.75933e-07
1.915 1.4382 0 262.291 -2.70302e-07
1.915 1.4382 0 263.294 -2.64704e-07
1.915 1.4382 0 264.296 -2.59145e-07
1.915 1.4382 0 265.299 -2.53631e-07
1.915 1.4382 0 266.301 -2.48166e-07
1.915 1.4382 0 267.304 -2.42754e-07
1.915 1.4382 0 268.306 -2.37399e-07
1.915 1.4382 0 269.309 -2.32105e-07
1.915 1.4382 0 270.311 -2.26874e-07
1.915 1.4382 0 271.314 -2.21711e-07
1.915 1.4382 0 272.316 -2.16616e-07
1.915 1.4382 0 273.319 -2.11592e-07
1.915 1.4382 0 274.321 -2.06641e-07
1.915 1.4382 0 275.324 -2.01764e-07
1.915 1.4382 0 276.326 -1.96964e-07
1.915 1.4382 0 277.329 -1.92241e-07
1.915 1.4382 0 278.331 -1.87596e-07
1.915 1.4382 0 279.333 -1.8303e-07
1.915 1.4382 0 280.336 -1.78544e-07
1.915 1.4382 0 281.338 -1.74138e-07
1.915 1.4382 0 282.341 -1.69812e-07
1.915 1.4382 0 283.343 -1.65566e-07
1.915 1.4382 0 284.346 -1.61401e-07
1.915 1.4382 0 285.348 -1.57317e-07
1.915 1.4382 0 286.351 -1.53313e-07
1.915 1.4382 0 287.353 -1.49388e-07
1.915 1.4382 0 288.356 -1.45543e-07
1.915 1.4382 0 289.358 -1.41778e-07
1.915 1.4382 0 290.361 -1.3809e-07
1.915 1.4382 0 291.363 -1.34481e-07
1.915 1.4382 0 292.366 -1.30949e-07
1.915 1.4382 0 293.368 -1.27493e-07
1.915 1.4382 0 294.37 -1.24112e-07
1.915 1.4382 0 295.373 -1.20807e-07
1.915 1.4382 0 296.375 -1.17575e-07
1.915 1.4382 0 297.378 -1.14416e-07
1.915 1.4382 0 298.38 -1.11329e-07
1.915 1.4382 0 299.383 -1.08313e-07
1.915 1.4382 0 300.385 -1.05367e-07
1.915 1.4382 0 301.388 -1.0249e-07
1.915 1.4382 0 302.39 -9.96804e-08
1.915 1.4382 0 303.393 -9.69377e-08
1.915 1.4382 0 304.395 -9.42605e-08
1.915 1.4382 0 305.398 -9.16478e-08
1.915 1.4382 0 306.4 -8.90985e-08
1.915 1.4382 0 307.403 -8.66114e-08
1.915 1.4382 0 308.405 -8.41855e-08
1.915 1.4382 0 309.408 -8.18195e-08
1.915 1.4382 0 310.41 -7.95124e-08
1.915 1.4382 0 311.412 -7.7263e-08
1.915 1.4382 0 312.415 -7.50703e-08
1.915 1.4382 0 313.417 -7.2933e-08
1.915 1.4382 0 314.42 -7.085e-08
1.915 1.4382 0 315.422 -6.88204e-08
1.915 1.4382 0 316.425 -6.68428e-08
1.915 1.4382 0 317.427 -6.49164e-08
1.915 1.4382 0 318.43 -6.30399e-08
1.915 1.4382 0 319.432 -6.12123e-08
1.915 1.4382 0 320.435 -5.94326e-08
1.915 1.4382 0 321.437 -5.76996e-08
1.915 1.4382 0 322.44 -5.60124e-08
1.915 1.4382 0 323.442 -5.43699e-08
1.915 1.4382 0 324.445 -5.27712e-08
1.915 1.4382 0 325.447 -5.12152e-08
1.915 1.4382 0 326.449 -4.97009e-08
1.915 1.4382 0 327.452 -4.82274e-08
1.915 1.4382 0 328.454 -4.67937e-08
1.915 1.4382 0 329.457 -4.5399e-08
1.915 1.4382 0 330.459 -4.40421e-08
1.915 1.4382 0 331.462 -4.27224e-08
1.915 1.4382 0 332.464 -4.14388e-08
1.915 1.4382 0 333.467 -4.01905e-08
1.915 1.4382 0 334.469 -3.89766e-08
1.915 1.4382 0 335.472 -3.77964e-08
1.915 1.4382 0 336.474 -3.66489e-08
1.915 1.4382 0 337.477 -3.55333e-08
1.915 1.4382 0 338.479 -3.44489e-08
1.915 1.4382 0 339.482 -3.33949e-08
1.915 1.4382 0 340.484 -3.23705e-08
1.915 1.4382 0 341.487 -3.13749e-08
1.915 1.4382 0 342.489 -3.04075e-08
1.915 1.4382 0 343.491 -2.94675e-08
1.915 1.4382 0 344.494 -2.85541e-08
1.915 1.4382 0 345.496 -2.76668e-08
1.915 1.4382 0 346.499 -2.68049e-08
1.915 1.4382 0 347.501 -2.59676e-08
1.915 1.4382 0 348.504 -2.51544e-08
1.915 1.4382 0 349.506 -2.43645e-08
1.915 1.4382 0 350.509 -2.35975e-08
1.915 1.4382 0 351.511 -2.28526e-08
1.915 1.4382 0 352.514 -2.21294e-08
1.915 1.4382 0 353.516 -2.14272e-08
1.915 1.4382 0 354.519 -2.07454e-08
1.915 1.4382 0 355.521 -2.00836e-08
1.915 1.4382 0 356.524 -1.94411e-08
1.915 1.4382 0 357.526 -1.88175e-08
1.915 1.4382 0 358.528 -1.82123e-08
1.915 1.4382 0 359.531 -1.76249e-08
1.915 1.4382 0 360.533 -1.70548e-08
1.915 1.4382 0 361.536 -1.65017e-08
1.915 1.4382 0 362.538 -1.59649e-08
1.915 1.4382 0 363.541 -1.54442e-08
1.915 1.4382 0 364.543 -1.4939e-08
1.915 1.4382 0 365.546 -1.44489e-08
1.915 1.4382 0 366.548 -1.39734e-08
1.915 1.4382 0 367.551 -1.35123e-08
1.915 1.4382 0 368.553 -1.3065e-08
1.915 1.4382 0 369.556 -1.26312e-08
1.915 1.4382 0 370.558 -1.22106e-08
1.915 1.4382 0 371.561 -1.18026e-08
1.915 1.4382 0 372.563 -1.14071e-08
1.915 1.4382 0 373.566 -1.10236e-08
1.915 1.4382 0 374.568 -1.06518e-08
1.915 1.4382 0 375.57 -1.02914e-08
1.915 1.4382 0 376.573 -9.942e-09
1.915 1.4382 0 377.575 -9.60334e-09
1.915 1.4382 0 378.578 -9.2751e-09
1.915 1.4382 0 379.58 -8.95698e-09
1.915 1.4382 0 380.583 -8.6487e-09
1.915 1.4382 0 381.585 -8.34996e-09
1.915 1.4382 0 382.588 -8.06051e-09
1.915 1.4382 0 383.59 -7.78005e-09
1.915 1.4382 0 384.593 -7.50835e-09
1.915 1.4382 0 385.595 -7.24514e-09
1.915 1.4382 0 386.598 -6.99018e-09
1.915 1.4382 0 387.6 -6.74322e-09
1.915 1.4382 0 388.603 -6.50404e-09
1.915 1.4382 0 389.605 -6.2724e-09
1.915 1.4382 0 390.607 -6.04808e-09
1.915 1.4382 0 391.61 -5.83088e-09
1.915 1.4382 0 392.612 -5.62057e-09
1.915 1.4382 0 393.615 -5.41697e-09
1.915 1.4382 0 394.617 -5.21986e-09
1.915 1.4382 0 395.62 -5.02906e-09
1.915 1.4382 0 396.622 -4.84438e-09
1.915 1.4382 0 397.625 -4.66564e-09
1.915 1.4382 0 398.627 -4.49266e-09
1.915 1.4382 0 399.63 -4.32527e-09
1.915 1.4382 0 400.632 -4.16331e-09
1.915 1.4382 0 401.635 -4.0066e-09
1.915 1.4382 0 402.637 -3.855e-09
1.915 1.4382 0 403.64 -3.70834e-09
1.915 1.4382 0 404.642 -3.56649e-09
1.915 1.4382 0 405.645 -3.42929e-09
1.915 1.4382 0 406.647 -3.29661e-09
1.915 1.4382 0 407.649 -3.16831e-09
1.915 1.4382 0 408.652 -3.04425e-09
1.915 1.4382 0 409.654 -2.92431e-09
1.915 1.4382 0 410.657 -2.80836e-09
1.915 1.4382 0 411.659 -2.69627e-09
1.915 1.4382 0 412.662 -2.58794e-09
1.915 1.4382 0 413.664 -2.48325e-09
1.915 1.4382 0 414.667 -2.38208e-09
1.915 1.4382 0 415.669 -2.28433e-09
1.915 1.4382 0 416.672 -2.18989e-09
1.915 1.4382 0 417.674 -2.09865e-09
1.915 1.4382 0 418.677 -2.01053e-09
1.915 1.4382 0 419.679 -1.92542e-09
1.915 1.4382 0 420.682 -1.84323e-09
1.915 1.4382 0 421.684 -1.76387e-09
1.915 1.4382 0 422.686 -1.68724e-09
1.915 1.4382 0 423.689 -1.61328e-09
1.915 1.4382 0 424.691 -1.54188e-09
1.915 1.4382 0 425.694 -1.47298e-09
1.915 1.4382 0 426.696 -1.40649e-09
1.915 1.4382 0 427.699 -1.34234e-09
1.915 1.4382 0 428.701 -1.28045e-09
1.915 1.4382 0 429.704 -1.22075e-09
1.915 1.4382 0 430.706 -1.16318e-09
1.915 1.4382 0 431.709 -1.10766e-09
1.915 1.4382 0 432.711 -1.05413e-09
1.915 1.4382 0 433.714 -1.00252e-09
1.915 1.4382 0 434.716 -9.5278e-10
1.915 1.4382 0 435.719 -9.04845e-10
1.915 1.4382 0 436.721 -8.58656e-10
1.915 1.4382 0 437.724 -8.14158e-10
1.915 1.4382 0 438.726 -7.71296e-10
1.915 1.4382 0 439.728 -7.30017e-10
1.915 1.4382 0 440.731 -6.9027e-10
1.915 1.4382 0 441.733 -6.52006e-10
1.915 1.4382 0 442.736 -6.15175e-10
1.915 1.4382 0 443.738 -5.79732e-10
1.915 1.4382 0 444.741 -5.4563e-10
1.915 1.4382 0 445.743 -5.12826e-10
1.915 1.4382 0 446.746 -4.81277e-10
1.915 1.4382 0 447.748 -4.50943e-10
1.915 1.4382 0 448.751 -4.21781e-10
1.915 1.4382 0 449.753 -3.93755e-10
1.915 1.4382 0 450.756 -3.66826e-10
1.915 1.4382 0 451.758 -3.40957e-10
1.915 1.4382 0 452.761 -3.16114e-10
1.915 1.4382 0 453.763 -2.92261e-10
1.915 1.4382 0 454.765 -2.69366e-10
1.915 1.4382 0 455.768 -2.47397e-10
1.915 1.4382 0 456.77 -2.26321e-10
1.915 1.4382 0 457.773 -2.0611e-10
1.915 1.4382 0 458.775 -1.86733e-10
1.915 1.4382 0 459.778 -1.68162e-10
1.915 1.4382 0 460.78 -1.50369e-10
1.915 1.4382 0 461.783 -1.33329e-10
1.915 1.4382 0 462.785 -1.17014e-10
1.915 1.4382 0 463.788 -1.01401e-10
1.915 1.4382 0 464.79 -8.64639e-11
1.915 1.4382 0 465.793 -7.21804e-11
1.915 1.4382 0 466.795 -5.85274e-11
1.915 1.4382 0 467.798 -4.54828e-11
1.915 1.4382 0 468.8 -3.30254e-11
1.915 1.4382 0 469.803 -2.11343e-11
1.915 1.4382 0 470.805 -9.78977e-12
1.915 1.4382 0 471.807 1.02775e-12
1.915 1.4382 0 472.81 1.1337e-11
1.915 1.4382 0 473.812 2.1156e-11
1.915 1.4382 0 474.815 3.05025e-11
1.915 1.4382 0 475.817 3.93935e-11
1.915 1.4382 0 476.82 4.78454e-11
1.915 1.4382 0 477.822 5.58741e-11
1.915 1.4382 0 478.825 6.34952e-11
1.915 1.4382 0 479.827 7.07234e-11
1.915 1.4382 0 480.83 7.75733e-11
1.915 1.4382 0 481.832 8.40589e-11
1.915 1.4382 0 482.835 9.01937e-11
1.915 1.4382 0 483.837 9.59907e-11
1.915 1.4382 0 484.84 1.01463e-10
1.915 1.4382 0 485.842 1.06622e-10
1.915 1.4382 0 486.844 1.1148e-10
1.915 1.4382 0 487.847 1.16048e-10
1.915 1.4382 0 488.849 1.20338e-10
1.915 1.4382 0 489.852 1.2436e-10
1.915 1.4382 0 490.854 1.28125e-10
1.915 1.4382 0 491.857 1.31643e-10
1.915 1.4382 0 492.859 1.34922e-10
1.915 1.4382 0 493.862 1.37974e-10
1.915 1.4382 0 494.864 1.40806e-10
1.915 1.4382 0 495.867 1.43427e-10
1.915 1.4382 0 496.869 1.45846e-10
1.915 1.4382 0 497.872 1.48071e-10
1.915 1.4382 0 498.874 1.5011e-10
1.915 1.4382 0 499.877 1.51971e-10
1.915 1.4382 0 500.879 1.5366e-10
1.915 1.4382 0 501.882 1.55186e-10
1.915 1.4382 0 502.884 1.56554e-10
1.915 1.4382 0 503.886 1.57772e-10
1.915 1.4382 0 504.889 1.58845e-10
1.915 1.4382 0 505.891 1.59781e-10
1.915 1.4382 0 506.894 1.60584e-10
1.915 1.4382 0 507.896 1.61261e-10
1.915 1.4382 0 508.899 1.61818e-10
1.915 1.4382 0 509.901 1.62259e-10
1.915 1.4382 0 510.904 1.62591e-10
1.915 1.4382 0 511.906 1.62816e-10
1.915 1.4382 0 512.909 1.62942e-10
1.915 1.4382 0 513.911 1.62972e-10
1.915 1.4382 0 514.914 1.62911e-10
1.915 1.4382 0 515.916 1.62762e-10
1.915 1.4382 0 516.919 1.62532e-10
1.915 1.4382 0 517.921 1.62222e-10
1.915 1.4382 0 518.923 1.61837e-10
1.915 1.4382 0 519.926 1.61382e-10
1.915 1.4382 0 520.928 1.60858e-10
1.915 1.4382 0 521.931 1.60271e-10
1.915 1.4382 0 522.933 1.59623e-10
1.915 1.4382 0 523.936 1.58918e-10
1.915 1.4382 0 524.938 1.58158e-10
1.915 1.4382 0 525.941 1.57346e-10
1.915 1.4382 0 526.943 1.56486e-10
1.915 1.4382 0 527.946 1.5558e-10
1.915 1.4382 0 528.948 1.54631e-10
1.915 1.4382 0 529.951 1.53642e-10
1.915 1.4382 0 530.953 1.52614e-10
1.915 1.4382 0 531.956 1.5155e-10
1.915 1.4382 0 532.958 1.50453e-10
1.915 1.4382 0 533.961 1.49324e-10
1.915 1.4382 0 534.963 1.48166e-10
1.915 1.4382 0 535.965 1.46981e-10
1.915 1.4382 0 536.968 1.45771e-10
1.915 1.4382 0 537.97 1.44537e-10
1.915 1.4382 0 538.973 1.43281e-10
1.915 1.4382 0 539.975 1.42006e-10
1.915 1.4382 0 540.978 1.40712e-10
1.915 1.4382 0 541.98 1.39401e-10
1.915 1.4382 0 542.983 1.38075e-10
1.915 1.4382 0 543.985 1.36736e-10
1.915 1.4382 0 544.988 1.35384e-10
1.915 1.4382 0 545.99 1.3402e-10
1.915 1.4382 0 546.993 1.32647e-10
1.915 1.4382 0 547.995 1.31266e-10
1.915 1.4382 0 548.998 1.29877e-10
1.915 1.4382 0 550 1.28481e-10
