2.75 1.4382 0 150.015 2.25299e-05
2.75 1.4382 0 151.017 4.00711e-05
2.75 1.4382 0 152.02 4.01169e-05
2.75 1.4382 0 153.022 3.8006e-05
2.75 1.4382 0 154.025 3.59072e-05
2.75 1.4382 0 155.027 3.39477e-05
2.75 1.4382 0 156.03 3.21207e-05
2.75 1.4382 0 157.032 3.04139e-05
2.75 1.4382 0 158.035 2.88168e-05
2.75 1.4382 0 159.037 2.73204e-05
2.75 1.4382 0 160.04 2.59168e-05
2.75 1.4382 0 161.042 2.4599e-05
2.75 1.4382 0 162.045 2.33605e-05
2.75 1.4382 0 163.047 2.21956e-05
2.75 1.4382 0 164.05 2.10992e-05
2.75 1.4382 0 165.052 2.00664e-05
2.75 1.4382 0 166.054 1.90928e-05
2.75 1.4382 0 167.057 1.81745e-05
2.75 1.4382 0 168.059 1.73077e-05
2.75 1.4382 0 169.062 1.64891e-05
2.75 1.4382 0 170.064 1.57155e-05
2.75 1.4382 0 171.067 1.4984e-05
2.75 1.4382 0 172.069 1.4292e-05
2.75 1.4382 0 173.072 1.36369e-05
2.75 1.4382 0 174.074 1.30165e-05
2.75 1.4382 0 175.077 1.24287e-05
2.75 1.4382 0 176.079 1.18713e-05
2.75 1.4382 0 177.082 1.13427e-05
2.75 1.4382 0 178.084 1.08411e-05
2.75 1.4382 0 179.087 1.03648e-05
2.75 1.4382 0 180.089 9.91247e-06
2.75 1.4382 0 181.092 9.48265e-06
2.75 1.4382 0 182.094 9.07405e-06
2.75 1.4382 0 183.096 8.68548e-06
2.75 1.4382 0 184.099 8.31578e-06
2.75 1.4382 0 185.101 7.96393e-06
2.75 1.4382 0 186.104 7.62891e-06
2.75 1.4382 0 187.106 7.30981e-06
2.75 1.4382 0 188.109 7.00576e-06
2.75 1.4382 0 189.111 6.71595e-06
2.75 1.4382 0 190.114 6.43961e-06
2.75 1.4382 0 191.116 6.17604e-06
2.75 1.4382 0 192.119 5.92455e-06
2.75 1.4382 0 193.121 5.68451e-06
2.75 1.4382 0 194.124 5.45534e-06
2.75 1.4382 0 195.126 5.23646e-06
2.75 1.4382 0 196.129 5.02737e-06
2.75 1.4382 0 197.131 4.82755e-06
2.75 1.4382 0 198.133 4.63655e-06
2.75 1.4382 0 199.136 4.45393e-06
2.75 1.4382 0 200.138 4.27926e-06
2.75 1.4382 0 201.141 4.11216e-06
2.75 1.4382 0 202.143 3.95227e-06
2.75 1.4382 0 203.146 3.79922e-06
2.75 1.4382 0 204.148 3.65269e-06
2.75 1.4382 0 205.151 3.51237e-06
2.75 1.4382 0 206.153 3.37796e-06
2.75 1.4382 0 207.156 3.24918e-06
2.75 1.4382 0 208.158 3.12578e-06
2.75 1.4382 0 209.161 3.00749e-06
2.75 1.4382 0 210.163 2.89409e-06
2.75 1.4382 0 211.166 2.78535e-06
2.75 1.4382 0 212.168 2.68105e-06
2.75 1.4382 0 213.171 2.58099e-06
2.75 1.4382 0 214.173 2.48499e-06
2.75 1.4382 0 215.175 2.39286e-06
2.75 1.4382 0 216.178 2.30442e-06
2.75 1.4382 0 217.18 2.21952e-06
2.75 1.4382 0 218.183 2.138e-06
2.75 1.4382 0 219.185 2.0597e-06
2.75 1.4382 0 220.188 1.98449e-06
2.75 1.4382 0 221.19 1.91224e-06
2.75 1.4382 0 222.193 1.84281e-06
2.75 1.4382 0 223.195 1.77609e-06
2.75 1.4382 0 224.198 1.71196e-06
2.75 1.4382 0 225.2 1.65031e-06
2.75 1.4382 0 226.203 1.59104e-06
2.75 1.4382 0 227.205 1.53404e-06
2.75 1.4382 0 228.208 1.47922e-06
2.75 1.4382 0 229.21 1.42649e-06
2.75 1.4382 0 230.212 1.37576e-06
2.75 1.4382 0 231.215 1.32695e-06
2.75 1.4382 0 232.217 1.27998e-06
2.75 1.4382 0 233.22 1.23478e-06
2.75 1.4382 0 234.222 1.19127e-06
2.75 1.4382 0 235.225 1.14939e-06
2.75 1.4382 0 236.227 1.10907e-06
2.75 1.4382 0 237.23 1.07024e-06
2.75 1.4382 0 238.232 1.03285e-06
2.75 1.4382 0 239.235 9.96842e-07
2.75 1.4382 0 240.237 9.62157e-07
2.75 1.4382 0 241.24 9.28745e-07
2.75 1.4382 0 242.242 8.96555e-07
2.75 1.4382 0 243.245 8.65539e-07
2.75 1.4382 0 244.247 8.35652e-07
2.75 1.4382 0 245.25 8.0685e-07
2.75 1.4382 0 246.252 7.7909e-07
2.75 1.4382 0 247.254 7.52332e-07
2.75 1.4382 0 248.257 7.26538e-07
2.75 1.4382 0 249.259 7.0167e-07
2.75 1.4382 0 250.262 6.77694e-07
2.75 1.4382 0 251.264 6.54574e-07
2.75 1.4382 0 252.267 6.32279e-07
2.75 1.4382 0 253.269 6.10777e-07
2.75 1.4382 0 254.272 5.90039e-07
2.75 1.4382 0 255.274 5.70036e-07
2.75 1.4382 0 256.277 5.50739e-07
2.75 1.4382 0 257.279 5.32123e-07
2.75 1.4382 0 258.282 5.14162e-07
2.75 1.4382 0 259.284 4.96832e-07
2.75 1.4382 0 260.287 4.80109e-07
2.75 1.4382 0 261.289 4.63972e-07
2.75 1.4382 0 262.291 4.48398e-07
2.75 1.4382 0 263.294 4.33366e-07
2.75 1.4382 0 264.296 4.18857e-07
2.75 1.4382 0 265.299 4.04852e-07
2.75 1.4382 0 266.301 3.91333e-07
2.75 1.4382 0 267.304 3.7828e-07
2.75 1.4382 0 268.306 3.65679e-07
2.75 1.4382 0 269.309 3.53512e-07
2.75 1.4382 0 270.311 3.41763e-07
2.75 1.4382 0 271.314 3.30418e-07
2.75 1.4382 0 272.316 3.19463e-07
2.75 1.4382 0 273.319 3.08882e-07
2.75 1.4382 0 274.321 2.98663e-07
2.75 1.4382 0 275.324 2.88792e-07
2.75 1.4382 0 276.326 2.79258e-07
2.75 1.4382 0 277.329 2.70049e-07
2.75 1.4382 0 278.331 2.61152e-07
2.75 1.4382 0 279.333 2.52557e-07
2.75 1.4382 0 280.336 2.44254e-07
2.75 1.4382 0 281.338 2.36231e-07
2.75 1.4382 0 282.341 2.28479e-07
2.75 1.4382 0 283.343 2.20989e-07
2.75 1.4382 0 284.346 2.13751e-07
2.75 1.4382 0 285.348 2.06757e-07
2.75 1.4382 0 286.351 1.99997e-07
2.75 1.4382 0 287.353 1.93465e-07
2.75 1.4382 0 288.356 1.87151e-07
2.75 1.4382 0 289.358 1.81049e-07
2.75 1.4382 0 290.361 1.75151e-07
2.75 1.4382 0 291.363 1.69449e-07
2.75 1.4382 0 292.366 1.63938e-07
2.75 1.4382 0 293.368 1.58611e-07
2.75 1.4382 0 294.37 1.5346e-07
2.75 1.4382 0 295.373 1.48481e-07
2.75 1.4382 0 296.375 1.43667e-07
2.75 1.4382 0 297.378 1.39013e-07
2.75 1.4382 0 298.38 1.34513e-07
2.75 1.4382 0 299.383 1.30162e-07
2.75 1.4382 0 300.385 1.25955e-07
2.75 1.4382 0 301.388 1.21887e-07
2.75 1.4382 0 302.39 1.17953e-07
2.75 1.4382 0 303.393 1.14149e-07
2.75 1.4382 0 304.395 1.1047e-07
2.75 1.4382 0 305.398 1.06912e-07
2.75 1.4382 0 306.4 1.0347e-07
2.75 1.4382 0 307.403 1.00142e-07
2.75 1.4382 0 308.405 9.69233e-08
2.75 1.4382 0 309.408 9.38098e-08
2.75 1.4382 0 310.41 9.07983e-08
2.75 1.4382 0 311.412 8.78853e-08
2.75 1.4382 0 312.415 8.50675e-08
2.75 1.4382 0 313.417 8.23417e-08
2.75 1.4382 0 314.42 7.97049e-08
2.75 1.4382 0 315.422 7.7154e-08
2.75 1.4382 0 316.425 7.46862e-08
2.75 1.4382 0 317.427 7.22988e-08
2.75 1.4382 0 318.43 6.9989e-08
2.75 1.4382 0 319.432 6.77543e-08
2.75 1.4382 0 320.435 6.55922e-08
2.75 1.4382 0 321.437 6.35002e-08
2.75 1.4382 0 322.44 6.1476e-08
2.75 1.4382 0 323.442 5.95174e-08
2.75 1.4382 0 324.445 5.76222e-08
2.75 1.4382 0 325.447 5.57884e-08
2.75 1.4382 0 326.449 5.40138e-08
2.75 1.4382 0 327.452 5.22966e-08
2.75 1.4382 0 328.454 5.06348e-08
2.75 1.4382 0 329.457 4.90266e-08
2.75 1.4382 0 330.459 4.74703e-08
2.75 1.4382 0 331.462 4.59641e-08
2.75 1.4382 0 332.464 4.45064e-08
2.75 1.4382 0 333.467 4.30956e-08
2.75 1.4382 0 334.469 4.17302e-08
2.75 1.4382 0 335.472 4.04086e-08
2.75 1.4382 0 336.474 3.91295e-08
2.75 1.4382 0 337.477 3.78915e-08
2.75 1.4382 0 338.479 3.66932e-08
2.75 1.4382 0 339.482 3.55333e-08
2.75 1.4382 0 340.484 3.44105e-08
2.75 1.4382 0 341.487 3.33237e-08
2.75 1.4382 0 342.489 3.22717e-08
2.75 1.4382 0 343.491 3.12533e-08
2.75 1.4382 0 344.494 3.02675e-08
2.75 1.4382 0 345.496 2.93131e-08
2.75 1.4382 0 346.499 2.83893e-08
2.75 1.4382 0 347.501 2.74949e-08
2.75 1.4382 0 348.504 2.6629e-08
2.75 1.4382 0 349.506 2.57908e-08
2.75 1.4382 0 350.509 2.49793e-08
2.75 1.4382 0 351.511 2.41936e-08
2.75 1.4382 0 352.514 2.34329e-08
2.75 1.4382 0 353.516 2.26964e-08
2.75 1.4382 0 354.519 2.19833e-08
2.75 1.4382 0 355.521 2.12929e-08
2.75 1.4382 0 356.524 2.06244e-08
2.75 1.4382 0 357.526 1.99772e-08
2.75 1.4382 0 358.528 1.93505e-08
2.75 1.4382 0 359.531 1.87436e-08
2.75 1.4382 0 360.533 1.8156e-08
2.75 1.4382 0 361.536 1.75871e-08
2.75 1.4382 0 362.538 1.70361e-08
2.75 1.4382 0 363.541 1.65026e-08
2.75 1.4382 0 364.543 1.5986e-08
2.75 1.4382 0 365.546 1.54857e-08
2.75 1.4382 0 366.548 1.50013e-08
2.75 1.4382 0 367.551 1.45321e-08
2.75 1.4382 0 368.553 1.40778e-08
2.75 1.4382 0 369.556 1.36378e-08
2.75 1.4382 0 370.558 1.32117e-08
2.75 1.4382 0 371.561 1.27991e-08
2.75 1.4382 0 372.563 1.23995e-08
2.75 1.4382 0 373.566 1.20124e-08
2.75 1.4382 0 374.568 1.16376e-08
2.75 1.4382 0 375.57 1.12746e-08
2.75 1.4382 0 376.573 1.0923e-08
2.75 1.4382 0 377.575 1.05825e-08
2.75 1.4382 0 378.578 1.02527e-08
2.75 1.4382 0 379.58 9.93322e-09
2.75 1.4382 0 380.583 9.62383e-09
2.75 1.4382 0 381.585 9.32416e-09
2.75 1.4382 0 382.588 9.03391e-09
2.75 1.4382 0 383.59 8.75278e-09
2.75 1.4382 0 384.593 8.48047e-09
2.75 1.4382 0 385.595 8.21671e-09
2.75 1.4382 0 386.598 7.96122e-09
2.75 1.4382 0 387.6 7.71375e-09
2.75 1.4382 0 388.603 7.47404e-09
2.75 1.4382 0 389.605 7.24183e-09
2.75 1.4382 0 390.607 7.01691e-09
2.75 1.4382 0 391.61 6.79903e-09
2.75 1.4382 0 392.612 6.58797e-09
2.75 1.4382 0 393.615 6.38351e-09
2.75 1.4382 0 394.617 6.18546e-09
2.75 1.4382 0 395.62 5.99359e-09
2.75 1.4382 0 396.622 5.80773e-09
2.75 1.4382 0 397.625 5.62768e-09
2.75 1.4382 0 398.627 5.45325e-09
2.75 1.4382 0 399.63 5.28427e-09
2.75 1.4382 0 400.632 5.12057e-09
2.75 1.4382 0 401.635 4.96198e-09
2.75 1.4382 0 402.637 4.80834e-09
2.75 1.4382 0 403.64 4.6595e-09
2.75 1.4382 0 404.642 4.51529e-09
2.75 1.4382 0 405.645 4.37559e-09
2.75 1.4382 0 406.647 4.24023e-09
2.75 1.4382 0 407.649 4.1091e-09
2.75 1.4382 0 408.652 3.98205e-09
2.75 1.4382 0 409.654 3.85896e-09
2.75 1.4382 0 410.657 3.7397e-09
2.75 1.4382 0 411.659 3.62415e-09
2.75 1.4382 0 412.662 3.5122e-09
2.75 1.4382 0 413.664 3.40373e-09
2.75 1.4382 0 414.667 3.29864e-09
2.75 1.4382 0 415.669 3.19681e-09
2.75 1.4382 0 416.672 3.09815e-09
2.75 1.4382 0 417.674 3.00255e-09
2.75 1.4382 0 418.677 2.90993e-09
2.75 1.4382 0 419.679 2.82018e-09
2.75 1.4382 0 420.682 2.73322e-09
2.75 1.4382 0 421.684 2.64896e-09
2.75 1.4382 0 422.686 2.56731e-09
2.75 1.4382 0 423.689 2.48819e-09
2.75 1.4382 0 424.691 2.41153e-09
2.75 1.4382 0 425.694 2.33725e-09
2.75 1.4382 0 426.696 2.26527e-09
2.75 1.4382 0 427.699 2.19552e-09
2.75 1.4382 0 428.701 2.12794e-09
2.75 1.4382 0 429.704 2.06244e-09
2.75 1.4382 0 430.706 1.99898e-09
2.75 1.4382 0 431.709 1.93748e-09
2.75 1.4382 0 432.711 1.87789e-09
2.75 1.4382 0 433.714 1.82013e-09
2.75 1.4382 0 434.716 1.76417e-09
2.75 1.4382 0 435.719 1.70994e-09
2.75 1.4382 0 436.721 1.65738e-09
2.75 1.4382 0 437.724 1.60645e-09
2.75 1.4382 0 438.726 1.5571e-09
2.75 1.4382 0 439.728 1.50927e-09
2.75 1.4382 0 440.731 1.46292e-09
2.75 1.4382 0 441.733 1.418e-09
2.75 1.4382 0 442.736 1.37446e-09
2.75 1.4382 0 443.738 1.33227e-09
2.75 1.4382 0 444.741 1.29139e-09
2.75 1.4382 0 445.743 1.25177e-09
2.75 1.4382 0 446.746 1.21336e-09
2.75 1.4382 0 447.748 1.17615e-09
2.75 1.4382 0 448.751 1.14008e-09
2.75 1.4382 0 449.753 1.10512e-09
2.75 1.4382 0 450.756 1.07125e-09
2.75 1.4382 0 451.758 1.03841e-09
2.75 1.4382 0 452.761 1.00659e-09
2.75 1.4382 0 453.763 9.7575e-10
2.75 1.4382 0 454.765 9.45859e-10
2.75 1.4382 0 455.768 9.16888e-10
2.75 1.4382 0 456.77 8.8881e-10
2.75 1.4382 0 457.773 8.61596e-10
2.75 1.4382 0 458.775 8.3522e-10
2.75 1.4382 0 459.778 8.09656e-10
2.75 1.4382 0 460.78 7.84879e-10
2.75 1.4382 0 461.783 7.60863e-10
2.75 1.4382 0 462.785 7.37587e-10
2.75 1.4382 0 463.788 7.15026e-10
2.75 1.4382 0 464.79 6.93159e-10
2.75 1.4382 0 465.793 6.71964e-10
2.75 1.4382 0 466.795 6.5142e-10
2.75 1.4382 0 467.798 6.31508e-10
2.75 1.4382 0 468.8 6.12208e-10
2.75 1.4382 0 469.803 5.935e-10
2.75 1.4382 0 470.805 5.75367e-10
2.75 1.4382 0 471.807 5.57791e-10
2.75 1.4382 0 472.81 5.40754e-10
2.75 1.4382 0 473.812 5.2424e-10
2.75 1.4382 0 474.815 5.08234e-10
2.75 1.4382 0 475.817 4.92718e-10
2.75 1.4382 0 476.82 4.77678e-10
2.75 1.4382 0 477.822 4.631e-10
2.75 1.4382 0 478.825 4.48968e-10
2.75 1.4382 0 479.827 4.3527e-10
2.75 1.4382 0 480.83 4.21992e-10
2.75 1.4382 0 481.832 4.09121e-10
2.75 1.4382 0 482.835 3.96644e-10
2.75 1.4382 0 483.837 3.8455e-10
2.75 1.4382 0 484.84 3.72826e-10
2.75 1.4382 0 485.842 3.61461e-10
2.75 1.4382 0 486.844 3.50444e-10
2.75 1.4382 0 487.847 3.39765e-10
2.75 1.4382 0 488.849 3.29412e-10
2.75 1.4382 0 489.852 3.19376e-10
2.75 1.4382 0 490.854 3.09648e-10
2.75 1.4382 0 491.857 3.00217e-10
2.75 1.4382 0 492.859 2.91075e-10
2.75 1.4382 0 493.862 2.82212e-10
2.75 1.4382 0 494.864 2.73621e-10
2.75 1.4382 0 495.867 2.65292e-10
2.75 1.4382 0 496.869 2.57218e-10
2.75 1.4382 0 497.872 2.4939e-10
2.75 1.4382 0 498.874 2.41802e-10
2.75 1.4382 0 499.877 2.34446e-10
2.75 1.4382 0 500.879 2.27314e-10
2.75 1.4382 0 501.882 2.20401e-10
2.75 1.4382 0 502.884 2.13698e-10
2.75 1.4382 0 503.886 2.07201e-10
2.75 1.4382 0 504.889 2.00901e-10
2.75 1.4382 0 505.891 1.94794e-10
2.75 1.4382 0 506.894 1.88874e-10
2.75 1.4382 0 507.896 1.83134e-10
2.75 1.4382 0 508.899 1.77569e-10
2.75 1.4382 0 509.901 1.72174e-10
2.75 1.4382 0 510.904 1.66944e-10
2.75 1.4382 0 511.906 1.61873e-10
2.75 1.4382 0 512.909 1.56957e-10
2.75 1.4382 0 513.911 1.52191e-10
2.75 1.4382 0 514.914 1.4757e-10
2.75 1.4382 0 515.916 1.4309e-10
2.75 1.4382 0 516.919 1.38747e-10
2.75 1.4382 0 517.921 1.34536e-10
2.75 1.4382 0 518.923 1.30453e-10
2.75 1.4382 0 519.926 1.26495e-10
2.75 1.4382 0 520.928 1.22657e-10
2.75 1.4382 0 521.931 1.18936e-10
2.75 1.4382 0 522.933 1.15328e-10
2.75 1.4382 0 523.936 1.11831e-10
2.75 1.4382 0 524.938 1.08439e-10
2.75 1.4382 0 525.941 1.05152e-10
2.75 1.4382 0 526.943 1.01964e-10
2.75 1.4382 0 527.946 9.88728e-11
2.75 1.4382 0 528.948 9.58759e-11
2.75 1.4382 0 529.951 9.29703e-11
2.75 1.4382 0 530.953 9.01531e-11
2.75 1.4382 0 531.956 8.74215e-11
2.75 1.4382 0 532.958 8.47731e-11
2.75 1.4382 0 533.961 8.22051e-11
2.75 1.4382 0 534.963 7.97153e-11
2.75 1.4382 0 535.965 7.73011e-11
2.75 1.4382 0 536.968 7.49604e-11
2.75 1.4382 0 537.97 7.26907e-11
2.75 1.4382 0 538.973 7.04901e-11
2.75 1.4382 0 539.975 6.83563e-11
2.75 1.4382 0 540.978 6.62873e-11
2.75 1.4382 0 541.98 6.42812e-11
2.75 1.4382 0 542.983 6.23361e-11
2.75 1.4382 0 543.985 6.045e-11
2.75 1.4382 0 544.988 5.86211e-11
2.75 1.4382 0 545.99 5.68478e-11
2.75 1.4382 0 546.993 5.51284e-11
2.75 1.4382 0 547.995 5.34611e-11
2.75 1.4382 0 548.998 5.18444e-11
2.75 1.4382 0 550 5.02768e-11
