1.9 1.4382 0 150.015 1.08641e-06
1.9 1.4382 0 151.017 1.85855e-06
1.9 1.4382 0 152.02 1.91531e-06
1.9 1.4382 0 153.022 1.82343e-06
1.9 1.4382 0 154.025 1.72542e-06
1.9 1.4382 0 155.027 1.63506e-06
1.9 1.4382 0 156.03 1.55199e-06
1.9 1.4382 0 157.032 1.47503e-06
1.9 1.4382 0 158.035 1.40329e-06
1.9 1.4382 0 159.037 1.33614e-06
1.9 1.4382 0 160.04 1.27307e-06
1.9 1.4382 0 161.042 1.2137e-06
1.9 1.4382 0 162.045 1.1577e-06
1.9 1.4382 0 163.047 1.1048e-06
1.9 1.4382 0 164.05 1.05477e-06
1.9 1.4382 0 165.052 1.0074e-06
1.9 1.4382 0 166.054 9.62498e-07
1.9 1.4382 0 167.057 9.19911e-07
1.9 1.4382 0 168.059 8.79486e-07
1.9 1.4382 0 169.062 8.41087e-07
1.9 1.4382 0 170.064 8.04592e-07
1.9 1.4382 0 171.067 7.69887e-07
1.9 1.4382 0 172.069 7.36867e-07
1.9 1.4382 0 173.072 7.05435e-07
1.9 1.4382 0 174.074 6.75501e-07
1.9 1.4382 0 175.077 6.46982e-07
1.9 1.4382 0 176.079 6.198e-07
1.9 1.4382 0 177.082 5.93883e-07
1.9 1.4382 0 178.084 5.69163e-07
1.9 1.4382 0 179.087 5.45576e-07
1.9 1.4382 0 180.089 5.23063e-07
1.9 1.4382 0 181.092 5.01569e-07
1.9 1.4382 0 182.094 4.81041e-07
1.9 1.4382 0 183.096 4.6143e-07
1.9 1.4382 0 184.099 4.42689e-07
1.9 1.4382 0 185.101 4.24776e-07
1.9 1.4382 0 186.104 4.07649e-07
1.9 1.4382 0 187.106 3.9127e-07
1.9 1.4382 0 188.109 3.75601e-07
1.9 1.4382 0 189.111 3.60609e-07
1.9 1.4382 0 190.114 3.46262e-07
1.9 1.4382 0 191.116 3.32528e-07
1.9 1.4382 0 192.119 3.19378e-07
1.9 1.4382 0 193.121 3.06784e-07
1.9 1.4382 0 194.124 2.94722e-07
1.9 1.4382 0 195.126 2.83166e-07
1.9 1.4382 0 196.129 2.72092e-07
1.9 1.4382 0 197.131 2.6148e-07
1.9 1.4382 0 198.133 2.51307e-07
1.9 1.4382 0 199.136 2.41553e-07
1.9 1.4382 0 200.138 2.32201e-07
1.9 1.4382 0 201.141 2.23231e-07
1.9 1.4382 0 202.143 2.14627e-07
1.9 1.4382 0 203.146 2.06373e-07
1.9 1.4382 0 204.148 1.98453e-07
1.9 1.4382 0 205.151 1.90852e-07
1.9 1.4382 0 206.153 1.83557e-07
1.9 1.4382 0 207.156 1.76555e-07
1.9 1.4382 0 208.158 1.69832e-07
1.9 1.4382 0 209.161 1.63378e-07
1.9 1.4382 0 210.163 1.57179e-07
1.9 1.4382 0 211.166 1.51226e-07
1.9 1.4382 0 212.168 1.45508e-07
1.9 1.4382 0 213.171 1.40015e-07
1.9 1.4382 0 214.173 1.34737e-07
1.9 1.4382 0 215.175 1.29666e-07
1.9 1.4382 0 216.178 1.24794e-07
1.9 1.4382 0 217.18 1.20111e-07
1.9 1.4382 0 218.183 1.1561e-07
1.9 1.4382 0 219.185 1.11283e-07
1.9 1.4382 0 220.188 1.07124e-07
1.9 1.4382 0 221.19 1.03126e-07
1.9 1.4382 0 222.193 9.92812e-08
1.9 1.4382 0 223.195 9.55844e-08
1.9 1.4382 0 224.198 9.20294e-08
1.9 1.4382 0 225.2 8.86104e-08
1.9 1.4382 0 226.203 8.53221e-08
1.9 1.4382 0 227.205 8.21592e-08
1.9 1.4382 0 228.208 7.91167e-08
1.9 1.4382 0 229.21 7.61898e-08
1.9 1.4382 0 230.212 7.33739e-08
1.9 1.4382 0 231.215 7.06647e-08
1.9 1.4382 0 232.217 6.80579e-08
1.9 1.4382 0 233.22 6.55496e-08
1.9 1.4382 0 234.222 6.31358e-08
1.9 1.4382 0 235.225 6.08128e-08
1.9 1.4382 0 236.227 5.85772e-08
1.9 1.4382 0 237.23 5.64255e-08
1.9 1.4382 0 238.232 5.43545e-08
1.9 1.4382 0 239.235 5.2361e-08
1.9 1.4382 0 240.237 5.04421e-08
1.9 1.4382 0 241.24 4.85949e-08
1.9 1.4382 0 242.242 4.68166e-08
1.9 1.4382 0 243.245 4.51045e-08
1.9 1.4382 0 244.247 4.34562e-08
1.9 1.4382 0 245.25 4.18692e-08
1.9 1.4382 0 246.252 4.03412e-08
1.9 1.4382 0 247.254 3.88699e-08
1.9 1.4382 0 248.257 3.74531e-08
1.9 1.4382 0 249.259 3.60888e-08
1.9 1.4382 0 250.262 3.47751e-08
1.9 1.4382 0 251.264 3.35099e-08
1.9 1.4382 0 252.267 3.22915e-08
1.9 1.4382 0 253.269 3.1118e-08
1.9 1.4382 0 254.272 2.99879e-08
1.9 1.4382 0 255.274 2.88994e-08
1.9 1.4382 0 256.277 2.78511e-08
1.9 1.4382 0 257.279 2.68413e-08
1.9 1.4382 0 258.282 2.58687e-08
1.9 1.4382 0 259.284 2.49319e-08
1.9 1.4382 0 260.287 2.40295e-08
1.9 1.4382 0 261.289 2.31602e-08
1.9 1.4382 0 262.291 2.23228e-08
1.9 1.4382 0 263.294 2.15162e-08
1.9 1.4382 0 264.296 2.07391e-08
1.9 1.4382 0 265.299 1.99905e-08
1.9 1.4382 0 266.301 1.92693e-08
1.9 1.4382 0 267.304 1.85745e-08
1.9 1.4382 0 268.306 1.79052e-08
1.9 1.4382 0 269.309 1.72603e-08
1.9 1.4382 0 270.311 1.6639e-08
1.9 1.4382 0 271.314 1.60403e-08
1.9 1.4382 0 272.316 1.54636e-08
1.9 1.4382 0 273.319 1.49079e-08
1.9 1.4382 0 274.321 1.43725e-08
1.9 1.4382 0 275.324 1.38566e-08
1.9 1.4382 0 276.326 1.33595e-08
1.9 1.4382 0 277.329 1.28806e-08
1.9 1.4382 0 278.331 1.24191e-08
1.9 1.4382 0 279.333 1.19744e-08
1.9 1.4382 0 280.336 1.15458e-08
1.9 1.4382 0 281.338 1.11329e-08
1.9 1.4382 0 282.341 1.0735e-08
1.9 1.4382 0 283.343 1.03516e-08
1.9 1.4382 0 284.346 9.98214e-09
1.9 1.4382 0 285.348 9.62608e-09
1.9 1.4382 0 286.351 9.28297e-09
1.9 1.4382 0 287.353 8.95232e-09
1.9 1.4382 0 288.356 8.63367e-09
1.9 1.4382 0 289.358 8.32659e-09
1.9 1.4382 0 290.361 8.03065e-09
1.9 1.4382 0 291.363 7.74544e-09
1.9 1.4382 0 292.366 7.47058e-09
1.9 1.4382 0 293.368 7.20568e-09
1.9 1.4382 0 294.37 6.95038e-09
1.9 1.4382 0 295.373 6.70433e-09
1.9 1.4382 0 296.375 6.4672e-09
1.9 1.4382 0 297.378 6.23864e-09
1.9 1.4382 0 298.38 6.01836e-09
1.9 1.4382 0 299.383 5.80605e-09
1.9 1.4382 0 300.385 5.60142e-09
1.9 1.4382 0 301.388 5.40418e-09
1.9 1.4382 0 302.39 5.21407e-09
1.9 1.4382 0 303.393 5.03084e-09
1.9 1.4382 0 304.395 4.85422e-09
1.9 1.4382 0 305.398 4.68398e-09
1.9 1.4382 0 306.4 4.51988e-09
1.9 1.4382 0 307.403 4.3617e-09
1.9 1.4382 0 308.405 4.20923e-09
1.9 1.4382 0 309.408 4.06225e-09
1.9 1.4382 0 310.41 3.92058e-09
1.9 1.4382 0 311.412 3.784e-09
1.9 1.4382 0 312.415 3.65234e-09
1.9 1.4382 0 313.417 3.52542e-09
1.9 1.4382 0 314.42 3.40307e-09
1.9 1.4382 0 315.422 3.28512e-09
1.9 1.4382 0 316.425 3.17141e-09
1.9 1.4382 0 317.427 3.06178e-09
1.9 1.4382 0 318.43 2.95609e-09
1.9 1.4382 0 319.432 2.85419e-09
1.9 1.4382 0 320.435 2.75595e-09
1.9 1.4382 0 321.437 2.66123e-09
1.9 1.4382 0 322.44 2.56991e-09
1.9 1.4382 0 323.442 2.48186e-09
1.9 1.4382 0 324.445 2.39696e-09
1.9 1.4382 0 325.447 2.3151e-09
1.9 1.4382 0 326.449 2.23616e-09
1.9 1.4382 0 327.452 2.16005e-09
1.9 1.4382 0 328.454 2.08665e-09
1.9 1.4382 0 329.457 2.01588e-09
1.9 1.4382 0 330.459 1.94762e-09
1.9 1.4382 0 331.462 1.88181e-09
1.9 1.4382 0 332.464 1.81833e-09
1.9 1.4382 0 333.467 1.75712e-09
1.9 1.4382 0 334.469 1.69808e-09
1.9 1.4382 0 335.472 1.64114e-09
1.9 1.4382 0 336.474 1.58622e-09
1.9 1.4382 0 337.477 1.53326e-09
1.9 1.4382 0 338.479 1.48217e-09
1.9 1.4382 0 339.482 1.43289e-09
1.9 1.4382 0 340.484 1.38535e-09
1.9 1.4382 0 341.487 1.3395e-09
1.9 1.4382 0 342.489 1.29526e-09
1.9 1.4382 0 343.491 1.25259e-09
1.9 1.4382 0 344.494 1.21142e-09
1.9 1.4382 0 345.496 1.1717e-09
1.9 1.4382 0 346.499 1.13339e-09
1.9 1.4382 0 347.501 1.09641e-09
1.9 1.4382 0 348.504 1.06074e-09
1.9 1.4382 0 349.506 1.02632e-09
1.9 1.4382 0 350.509 9.93104e-10
1.9 1.4382 0 351.511 9.61051e-10
1.9 1.4382 0 352.514 9.30119e-10
1.9 1.4382 0 353.516 9.00267e-10
1.9 1.4382 0 354.519 8.71457e-10
1.9 1.4382 0 355.521 8.4365e-10
1.9 1.4382 0 356.524 8.1681e-10
1.9 1.4382 0 357.526 7.90902e-10
1.9 1.4382 0 358.528 7.65894e-10
1.9 1.4382 0 359.531 7.41752e-10
1.9 1.4382 0 360.533 7.18444e-10
1.9 1.4382 0 361.536 6.95942e-10
1.9 1.4382 0 362.538 6.74217e-10
1.9 1.4382 0 363.541 6.53239e-10
1.9 1.4382 0 364.543 6.32982e-10
1.9 1.4382 0 365.546 6.13421e-10
1.9 1.4382 0 366.548 5.9453e-10
1.9 1.4382 0 367.551 5.76285e-10
1.9 1.4382 0 368.553 5.58663e-10
1.9 1.4382 0 369.556 5.41642e-10
1.9 1.4382 0 370.558 5.252e-10
1.9 1.4382 0 371.561 5.09317e-10
1.9 1.4382 0 372.563 4.93971e-10
1.9 1.4382 0 373.566 4.79145e-10
1.9 1.4382 0 374.568 4.6482e-10
1.9 1.4382 0 375.57 4.50977e-10
1.9 1.4382 0 376.573 4.37599e-10
1.9 1.4382 0 377.575 4.2467e-10
1.9 1.4382 0 378.578 4.12174e-10
1.9 1.4382 0 379.58 4.00096e-10
1.9 1.4382 0 380.583 3.8842e-10
1.9 1.4382 0 381.585 3.77132e-10
1.9 1.4382 0 382.588 3.66218e-10
1.9 1.4382 0 383.59 3.55666e-10
1.9 1.4382 0 384.593 3.45461e-10
1.9 1.4382 0 385.595 3.35593e-10
1.9 1.4382 0 386.598 3.26049e-10
1.9 1.4382 0 387.6 3.16817e-10
1.9 1.4382 0 388.603 3.07887e-10
1.9 1.4382 0 389.605 2.99248e-10
1.9 1.4382 0 390.607 2.90889e-10
1.9 1.4382 0 391.61 2.82801e-10
1.9 1.4382 0 392.612 2.74975e-10
1.9 1.4382 0 393.615 2.674e-10
1.9 1.4382 0 394.617 2.60069e-10
1.9 1.4382 0 395.62 2.52972e-10
1.9 1.4382 0 396.622 2.46101e-10
1.9 1.4382 0 397.625 2.39449e-10
1.9 1.4382 0 398.627 2.33008e-10
1.9 1.4382 0 399.63 2.26771e-10
1.9 1.4382 0 400.632 2.2073e-10
1.9 1.4382 0 401.635 2.14879e-10
1.9 1.4382 0 402.637 2.0921e-10
1.9 1.4382 0 403.64 2.03719e-10
1.9 1.4382 0 404.642 1.98398e-10
1.9 1.4382 0 405.645 1.93241e-10
1.9 1.4382 0 406.647 1.88244e-10
1.9 1.4382 0 407.649 1.834e-10
1.9 1.4382 0 408.652 1.78705e-10
1.9 1.4382 0 409.654 1.74152e-10
1.9 1.4382 0 410.657 1.69738e-10
1.9 1.4382 0 411.659 1.65458e-10
1.9 1.4382 0 412.662 1.61306e-10
1.9 1.4382 0 413.664 1.57279e-10
1.9 1.4382 0 414.667 1.53373e-10
1.9 1.4382 0 415.669 1.49583e-10
1.9 1.4382 0 416.672 1.45905e-10
1.9 1.4382 0 417.674 1.42335e-10
1.9 1.4382 0 418.677 1.38871e-10
1.9 1.4382 0 419.679 1.35508e-10
1.9 1.4382 0 420.682 1.32243e-10
1.9 1.4382 0 421.684 1.29072e-10
1.9 1.4382 0 422.686 1.25994e-10
1.9 1.4382 0 423.689 1.23003e-10
1.9 1.4382 0 424.691 1.20099e-10
1.9 1.4382 0 425.694 1.17277e-10
1.9 1.4382 0 426.696 1.14535e-10
1.9 1.4382 0 427.699 1.1187e-10
1.9 1.4382 0 428.701 1.0928e-10
1.9 1.4382 0 429.704 1.06763e-10
1.9 1.4382 0 430.706 1.04315e-10
1.9 1.4382 0 431.709 1.01936e-10
1.9 1.4382 0 432.711 9.96217e-11
1.9 1.4382 0 433.714 9.7371e-11
1.9 1.4382 0 434.716 9.51817e-11
1.9 1.4382 0 435.719 9.30518e-11
1.9 1.4382 0 436.721 9.09794e-11
1.9 1.4382 0 437.724 8.89627e-11
1.9 1.4382 0 438.726 8.69999e-11
1.9 1.4382 0 439.728 8.50892e-11
1.9 1.4382 0 440.731 8.32291e-11
1.9 1.4382 0 441.733 8.14179e-11
1.9 1.4382 0 442.736 7.96542e-11
1.9 1.4382 0 443.738 7.79363e-11
1.9 1.4382 0 444.741 7.6263e-11
1.9 1.4382 0 445.743 7.46327e-11
1.9 1.4382 0 446.746 7.30443e-11
1.9 1.4382 0 447.748 7.14963e-11
1.9 1.4382 0 448.751 6.99876e-11
1.9 1.4382 0 449.753 6.8517e-11
1.9 1.4382 0 450.756 6.70832e-11
1.9 1.4382 0 451.758 6.56853e-11
1.9 1.4382 0 452.761 6.4322e-11
1.9 1.4382 0 453.763 6.29924e-11
1.9 1.4382 0 454.765 6.16954e-11
1.9 1.4382 0 455.768 6.04301e-11
1.9 1.4382 0 456.77 5.91956e-11
1.9 1.4382 0 457.773 5.79909e-11
1.9 1.4382 0 458.775 5.68152e-11
1.9 1.4382 0 459.778 5.56675e-11
1.9 1.4382 0 460.78 5.45472e-11
1.9 1.4382 0 461.783 5.34533e-11
1.9 1.4382 0 462.785 5.23852e-11
1.9 1.4382 0 463.788 5.13421e-11
1.9 1.4382 0 464.79 5.03233e-11
1.9 1.4382 0 465.793 4.9328e-11
1.9 1.4382 0 466.795 4.83557e-11
1.9 1.4382 0 467.798 4.74057e-11
1.9 1.4382 0 468.8 4.64774e-11
1.9 1.4382 0 469.803 4.55701e-11
1.9 1.4382 0 470.805 4.46832e-11
1.9 1.4382 0 471.807 4.38163e-11
1.9 1.4382 0 472.81 4.29688e-11
1.9 1.4382 0 473.812 4.214e-11
1.9 1.4382 0 474.815 4.13297e-11
1.9 1.4382 0 475.817 4.05371e-11
1.9 1.4382 0 476.82 3.97619e-11
1.9 1.4382 0 477.822 3.90036e-11
1.9 1.4382 0 478.825 3.82617e-11
1.9 1.4382 0 479.827 3.75358e-11
1.9 1.4382 0 480.83 3.68255e-11
1.9 1.4382 0 481.832 3.61304e-11
1.9 1.4382 0 482.835 3.54501e-11
1.9 1.4382 0 483.837 3.47842e-11
1.9 1.4382 0 484.84 3.41323e-11
1.9 1.4382 0 485.842 3.34941e-11
1.9 1.4382 0 486.844 3.28692e-11
1.9 1.4382 0 487.847 3.22573e-11
1.9 1.4382 0 488.849 3.16581e-11
1.9 1.4382 0 489.852 3.10713e-11
1.9 1.4382 0 490.854 3.04964e-11
1.9 1.4382 0 491.857 2.99334e-11
1.9 1.4382 0 492.859 2.93818e-11
1.9 1.4382 0 493.862 2.88413e-11
1.9 1.4382 0 494.864 2.83118e-11
1.9 1.4382 0 495.867 2.77929e-11
1.9 1.4382 0 496.869 2.72844e-11
1.9 1.4382 0 497.872 2.67861e-11
1.9 1.4382 0 498.874 2.62976e-11
1.9 1.4382 0 499.877 2.58189e-11
1.9 1.4382 0 500.879 2.53495e-11
1.9 1.4382 0 501.882 2.48894e-11
1.9 1.4382 0 502.884 2.44383e-11
1.9 1.4382 0 503.886 2.3996e-11
1.9 1.4382 0 504.889 2.35623e-11
1.9 1.4382 0 505.891 2.3137e-11
1.9 1.4382 0 506.894 2.27199e-11
1.9 1.4382 0 507.896 2.23109e-11
1.9 1.4382 0 508.899 2.19097e-11
1.9 1.4382 0 509.901 2.15161e-11
1.9 1.4382 0 510.904 2.11301e-11
1.9 1.4382 0 511.906 2.07514e-11
1.9 1.4382 0 512.909 2.03799e-11
1.9 1.4382 0 513.911 2.00154e-11
1.9 1.4382 0 514.914 1.96577e-11
1.9 1.4382 0 515.916 1.93068e-11
1.9 1.4382 0 516.919 1.89625e-11
1.9 1.4382 0 517.921 1.86246e-11
1.9 1.4382 0 518.923 1.8293e-11
1.9 1.4382 0 519.926 1.79675e-11
1.9 1.4382 0 520.928 1.76481e-11
1.9 1.4382 0 521.931 1.73346e-11
1.9 1.4382 0 522.933 1.70269e-11
1.9 1.4382 0 523.936 1.67249e-11
1.9 1.4382 0 524.938 1.64284e-11
1.9 1.4382 0 525.941 1.61373e-11
1.9 1.4382 0 526.943 1.58516e-11
1.9 1.4382 0 527.946 1.5571e-11
1.9 1.4382 0 528.948 1.52956e-11
1.9 1.4382 0 529.951 1.50252e-11
1.9 1.4382 0 530.953 1.47597e-11
1.9 1.4382 0 531.956 1.4499e-11
1.9 1.4382 0 532.958 1.4243e-11
1.9 1.4382 0 533.961 1.39917e-11
1.9 1.4382 0 534.963 1.37448e-11
1.9 1.4382 0 535.965 1.35024e-11
1.9 1.4382 0 536.968 1.32644e-11
1.9 1.4382 0 537.97 1.30306e-11
1.9 1.4382 0 538.973 1.2801e-11
1.9 1.4382 0 539.975 1.25755e-11
1.9 1.4382 0 540.978 1.2354e-11
1.9 1.4382 0 541.98 1.21365e-11
1.9 1.4382 0 542.983 1.19228e-11
1.9 1.4382 0 543.985 1.1713e-11
1.9 1.4382 0 544.988 1.15068e-11
1.9 1.4382 0 545.99 1.13043e-11
1.9 1.4382 0 546.993 1.11055e-11
1.9 1.4382 0 547.995 1.09101e-11
1.9 1.4382 0 548.998 1.07182e-11
1.9 1.4382 0 550 1.05296e-11
