0.275 1.4382 0 150.015 1.68812e-07
0.275 1.4382 0 151.017 2.81949e-07
0.275 1.4382 0 152.02 2.65157e-07
0.275 1.4382 0 153.022 2.42718e-07
0.275 1.4382 0 154.025 2.25831e-07
0.275 1.4382 0 155.027 2.12715e-07
0.275 1.4382 0 156.03 2.02038e-07
0.275 1.4382 0 157.032 1.9305e-07
0.275 1.4382 0 158.035 1.85298e-07
0.275 1.4382 0 159.037 1.78491e-07
0.275 1.4382 0 160.04 1.72429e-07
0.275 1.4382 0 161.042 1.66971e-07
0.275 1.4382 0 162.045 1.62011e-07
0.275 1.4382 0 163.047 1.5747e-07
0.275 1.4382 0 164.05 1.53284e-07
0.275 1.4382 0 165.052 1.49406e-07
0.275 1.4382 0 166.054 1.45796e-07
0.275 1.4382 0 167.057 1.42421e-07
0.275 1.4382 0 168.059 1.39253e-07
0.275 1.4382 0 169.062 1.36271e-07
0.275 1.4382 0 170.064 1.33455e-07
0.275 1.4382 0 171.067 1.30789e-07
0.275 1.4382 0 172.069 1.28259e-07
0.275 1.4382 0 173.072 1.25853e-07
0.275 1.4382 0 174.074 1.23559e-07
0.275 1.4382 0 175.077 1.2137e-07
0.275 1.4382 0 176.079 1.19275e-07
0.275 1.4382 0 177.082 1.17269e-07
0.275 1.4382 0 178.084 1.15344e-07
0.275 1.4382 0 179.087 1.13495e-07
0.275 1.4382 0 180.089 1.11717e-07
0.275 1.4382 0 181.092 1.10004e-07
0.275 1.4382 0 182.094 1.08353e-07
0.275 1.4382 0 183.096 1.06759e-07
0.275 1.4382 0 184.099 1.05219e-07
0.275 1.4382 0 185.101 1.0373e-07
0.275 1.4382 0 186.104 1.02289e-07
0.275 1.4382 0 187.106 1.00893e-07
0.275 1.4382 0 188.109 9.95393e-08
0.275 1.4382 0 189.111 9.82261e-08
0.275 1.4382 0 190.114 9.69511e-08
0.275 1.4382 0 191.116 9.57123e-08
0.275 1.4382 0 192.119 9.45078e-08
0.275 1.4382 0 193.121 9.33361e-08
0.275 1.4382 0 194.124 9.21954e-08
0.275 1.4382 0 195.126 9.10844e-08
0.275 1.4382 0 196.129 9.00016e-08
0.275 1.4382 0 197.131 8.89458e-08
0.275 1.4382 0 198.133 8.79158e-08
0.275 1.4382 0 199.136 8.69104e-08
0.275 1.4382 0 200.138 8.59286e-08
0.275 1.4382 0 201.141 8.49694e-08
0.275 1.4382 0 202.143 8.40319e-08
0.275 1.4382 0 203.146 8.31151e-08
0.275 1.4382 0 204.148 8.22183e-08
0.275 1.4382 0 205.151 8.13407e-08
0.275 1.4382 0 206.153 8.04815e-08
0.275 1.4382 0 207.156 7.96401e-08
0.275 1.4382 0 208.158 7.88157e-08
0.275 1.4382 0 209.161 7.80078e-08
0.275 1.4382 0 210.163 7.72158e-08
0.275 1.4382 0 211.166 7.64391e-08
0.275 1.4382 0 212.168 7.56771e-08
0.275 1.4382 0 213.171 7.49294e-08
0.275 1.4382 0 214.173 7.41954e-08
0.275 1.4382 0 215.175 7.34748e-08
0.275 1.4382 0 216.178 7.27671e-08
0.275 1.4382 0 217.18 7.20718e-08
0.275 1.4382 0 218.183 7.13886e-08
0.275 1.4382 0 219.185 7.07171e-08
0.275 1.4382 0 220.188 7.0057e-08
0.275 1.4382 0 221.19 6.94078e-08
0.275 1.4382 0 222.193 6.87692e-08
0.275 1.4382 0 223.195 6.81411e-08
0.275 1.4382 0 224.198 6.75229e-08
0.275 1.4382 0 225.2 6.69145e-08
0.275 1.4382 0 226.203 6.63156e-08
0.275 1.4382 0 227.205 6.57259e-08
0.275 1.4382 0 228.208 6.51452e-08
0.275 1.4382 0 229.21 6.45731e-08
0.275 1.4382 0 230.212 6.40096e-08
0.275 1.4382 0 231.215 6.34543e-08
0.275 1.4382 0 232.217 6.2907e-08
0.275 1.4382 0 233.22 6.23676e-08
0.275 1.4382 0 234.222 6.18358e-08
0.275 1.4382 0 235.225 6.13115e-08
0.275 1.4382 0 236.227 6.07944e-08
0.275 1.4382 0 237.23 6.02844e-08
0.275 1.4382 0 238.232 5.97813e-08
0.275 1.4382 0 239.235 5.9285e-08
0.275 1.4382 0 240.237 5.87952e-08
0.275 1.4382 0 241.24 5.83119e-08
0.275 1.4382 0 242.242 5.78349e-08
0.275 1.4382 0 243.245 5.7364e-08
0.275 1.4382 0 244.247 5.68992e-08
0.275 1.4382 0 245.25 5.64402e-08
0.275 1.4382 0 246.252 5.5987e-08
0.275 1.4382 0 247.254 5.55393e-08
0.275 1.4382 0 248.257 5.50972e-08
0.275 1.4382 0 249.259 5.46605e-08
0.275 1.4382 0 250.262 5.42291e-08
0.275 1.4382 0 251.264 5.38028e-08
0.275 1.4382 0 252.267 5.33816e-08
0.275 1.4382 0 253.269 5.29654e-08
0.275 1.4382 0 254.272 5.25541e-08
0.275 1.4382 0 255.274 5.21475e-08
0.275 1.4382 0 256.277 5.17456e-08
0.275 1.4382 0 257.279 5.13482e-08
0.275 1.4382 0 258.282 5.09554e-08
0.275 1.4382 0 259.284 5.0567e-08
0.275 1.4382 0 260.287 5.0183e-08
0.275 1.4382 0 261.289 4.98031e-08
0.275 1.4382 0 262.291 4.94275e-08
0.275 1.4382 0 263.294 4.9056e-08
0.275 1.4382 0 264.296 4.86885e-08
0.275 1.4382 0 265.299 4.8325e-08
0.275 1.4382 0 266.301 4.79654e-08
0.275 1.4382 0 267.304 4.76096e-08
0.275 1.4382 0 268.306 4.72575e-08
0.275 1.4382 0 269.309 4.69092e-08
0.275 1.4382 0 270.311 4.65645e-08
0.275 1.4382 0 271.314 4.62234e-08
0.275 1.4382 0 272.316 4.58858e-08
0.275 1.4382 0 273.319 4.55516e-08
0.275 1.4382 0 274.321 4.52209e-08
0.275 1.4382 0 275.324 4.48935e-08
0.275 1.4382 0 276.326 4.45694e-08
0.275 1.4382 0 277.329 4.42486e-08
0.275 1.4382 0 278.331 4.39309e-08
0.275 1.4382 0 279.333 4.36165e-08
0.275 1.4382 0 280.336 4.33051e-08
0.275 1.4382 0 281.338 4.29968e-08
0.275 1.4382 0 282.341 4.26914e-08
0.275 1.4382 0 283.343 4.23891e-08
0.275 1.4382 0 284.346 4.20897e-08
0.275 1.4382 0 285.348 4.17931e-08
0.275 1.4382 0 286.351 4.14994e-08
0.275 1.4382 0 287.353 4.12085e-08
0.275 1.4382 0 288.356 4.09203e-08
0.275 1.4382 0 289.358 4.06349e-08
0.275 1.4382 0 290.361 4.03522e-08
0.275 1.4382 0 291.363 4.0072e-08
0.275 1.4382 0 292.366 3.97946e-08
0.275 1.4382 0 293.368 3.95196e-08
0.275 1.4382 0 294.37 3.92472e-08
0.275 1.4382 0 295.373 3.89774e-08
0.275 1.4382 0 296.375 3.871e-08
0.275 1.4382 0 297.378 3.8445e-08
0.275 1.4382 0 298.38 3.81824e-08
0.275 1.4382 0 299.383 3.79222e-08
0.275 1.4382 0 300.385 3.76644e-08
0.275 1.4382 0 301.388 3.74089e-08
0.275 1.4382 0 302.39 3.71556e-08
0.275 1.4382 0 303.393 3.69046e-08
0.275 1.4382 0 304.395 3.66559e-08
0.275 1.4382 0 305.398 3.64093e-08
0.275 1.4382 0 306.4 3.61649e-08
0.275 1.4382 0 307.403 3.59227e-08
0.275 1.4382 0 308.405 3.56826e-08
0.275 1.4382 0 309.408 3.54446e-08
0.275 1.4382 0 310.41 3.52086e-08
0.275 1.4382 0 311.412 3.49747e-08
0.275 1.4382 0 312.415 3.47428e-08
0.275 1.4382 0 313.417 3.45129e-08
0.275 1.4382 0 314.42 3.4285e-08
0.275 1.4382 0 315.422 3.4059e-08
0.275 1.4382 0 316.425 3.38349e-08
0.275 1.4382 0 317.427 3.36128e-08
0.275 1.4382 0 318.43 3.33925e-08
0.275 1.4382 0 319.432 3.31741e-08
0.275 1.4382 0 320.435 3.29575e-08
0.275 1.4382 0 321.437 3.27427e-08
0.275 1.4382 0 322.44 3.25298e-08
0.275 1.4382 0 323.442 3.23186e-08
0.275 1.4382 0 324.445 3.21092e-08
0.275 1.4382 0 325.447 3.19015e-08
0.275 1.4382 0 326.449 3.16955e-08
0.275 1.4382 0 327.452 3.14912e-08
0.275 1.4382 0 328.454 3.12886e-08
0.275 1.4382 0 329.457 3.10877e-08
0.275 1.4382 0 330.459 3.08884e-08
0.275 1.4382 0 331.462 3.06907e-08
0.275 1.4382 0 332.464 3.04947e-08
0.275 1.4382 0 333.467 3.03002e-08
0.275 1.4382 0 334.469 3.01073e-08
0.275 1.4382 0 335.472 2.99159e-08
0.275 1.4382 0 336.474 2.97261e-08
0.275 1.4382 0 337.477 2.95379e-08
0.275 1.4382 0 338.479 2.93511e-08
0.275 1.4382 0 339.482 2.91658e-08
0.275 1.4382 0 340.484 2.8982e-08
0.275 1.4382 0 341.487 2.87997e-08
0.275 1.4382 0 342.489 2.86188e-08
0.275 1.4382 0 343.491 2.84393e-08
0.275 1.4382 0 344.494 2.82613e-08
0.275 1.4382 0 345.496 2.80846e-08
0.275 1.4382 0 346.499 2.79093e-08
0.275 1.4382 0 347.501 2.77355e-08
0.275 1.4382 0 348.504 2.75629e-08
0.275 1.4382 0 349.506 2.73917e-08
0.275 1.4382 0 350.509 2.72219e-08
0.275 1.4382 0 351.511 2.70534e-08
0.275 1.4382 0 352.514 2.68861e-08
0.275 1.4382 0 353.516 2.67202e-08
0.275 1.4382 0 354.519 2.65555e-08
0.275 1.4382 0 355.521 2.63921e-08
0.275 1.4382 0 356.524 2.623e-08
0.275 1.4382 0 357.526 2.60691e-08
0.275 1.4382 0 358.528 2.59094e-08
0.275 1.4382 0 359.531 2.5751e-08
0.275 1.4382 0 360.533 2.55938e-08
0.275 1.4382 0 361.536 2.54377e-08
0.275 1.4382 0 362.538 2.52828e-08
0.275 1.4382 0 363.541 2.51292e-08
0.275 1.4382 0 364.543 2.49766e-08
0.275 1.4382 0 365.546 2.48252e-08
0.275 1.4382 0 366.548 2.4675e-08
0.275 1.4382 0 367.551 2.45259e-08
0.275 1.4382 0 368.553 2.43779e-08
0.275 1.4382 0 369.556 2.4231e-08
0.275 1.4382 0 370.558 2.40852e-08
0.275 1.4382 0 371.561 2.39405e-08
0.275 1.4382 0 372.563 2.37968e-08
0.275 1.4382 0 373.566 2.36542e-08
0.275 1.4382 0 374.568 2.35127e-08
0.275 1.4382 0 375.57 2.33722e-08
0.275 1.4382 0 376.573 2.32328e-08
0.275 1.4382 0 377.575 2.30944e-08
0.275 1.4382 0 378.578 2.2957e-08
0.275 1.4382 0 379.58 2.28206e-08
0.275 1.4382 0 380.583 2.26852e-08
0.275 1.4382 0 381.585 2.25508e-08
0.275 1.4382 0 382.588 2.24173e-08
0.275 1.4382 0 383.59 2.22849e-08
0.275 1.4382 0 384.593 2.21534e-08
0.275 1.4382 0 385.595 2.20228e-08
0.275 1.4382 0 386.598 2.18932e-08
0.275 1.4382 0 387.6 2.17646e-08
0.275 1.4382 0 388.603 2.16368e-08
0.275 1.4382 0 389.605 2.151e-08
0.275 1.4382 0 390.607 2.13841e-08
0.275 1.4382 0 391.61 2.12591e-08
0.275 1.4382 0 392.612 2.1135e-08
0.275 1.4382 0 393.615 2.10118e-08
0.275 1.4382 0 394.617 2.08894e-08
0.275 1.4382 0 395.62 2.07679e-08
0.275 1.4382 0 396.622 2.06473e-08
0.275 1.4382 0 397.625 2.05276e-08
0.275 1.4382 0 398.627 2.04087e-08
0.275 1.4382 0 399.63 2.02906e-08
0.275 1.4382 0 400.632 2.01733e-08
0.275 1.4382 0 401.635 2.00569e-08
0.275 1.4382 0 402.637 1.99413e-08
0.275 1.4382 0 403.64 1.98266e-08
0.275 1.4382 0 404.642 1.97126e-08
0.275 1.4382 0 405.645 1.95994e-08
0.275 1.4382 0 406.647 1.9487e-08
0.275 1.4382 0 407.649 1.93754e-08
0.275 1.4382 0 408.652 1.92646e-08
0.275 1.4382 0 409.654 1.91545e-08
0.275 1.4382 0 410.657 1.90452e-08
0.275 1.4382 0 411.659 1.89367e-08
0.275 1.4382 0 412.662 1.88289e-08
0.275 1.4382 0 413.664 1.87219e-08
0.275 1.4382 0 414.667 1.86156e-08
0.275 1.4382 0 415.669 1.851e-08
0.275 1.4382 0 416.672 1.84052e-08
0.275 1.4382 0 417.674 1.8301e-08
0.275 1.4382 0 418.677 1.81976e-08
0.275 1.4382 0 419.679 1.80949e-08
0.275 1.4382 0 420.682 1.79929e-08
0.275 1.4382 0 421.684 1.78916e-08
0.275 1.4382 0 422.686 1.7791e-08
0.275 1.4382 0 423.689 1.7691e-08
0.275 1.4382 0 424.691 1.75918e-08
0.275 1.4382 0 425.694 1.74932e-08
0.275 1.4382 0 426.696 1.73953e-08
0.275 1.4382 0 427.699 1.7298e-08
0.275 1.4382 0 428.701 1.72014e-08
0.275 1.4382 0 429.704 1.71055e-08
0.275 1.4382 0 430.706 1.70102e-08
0.275 1.4382 0 431.709 1.69155e-08
0.275 1.4382 0 432.711 1.68215e-08
0.275 1.4382 0 433.714 1.67281e-08
0.275 1.4382 0 434.716 1.66353e-08
0.275 1.4382 0 435.719 1.65432e-08
0.275 1.4382 0 436.721 1.64516e-08
0.275 1.4382 0 437.724 1.63607e-08
0.275 1.4382 0 438.726 1.62703e-08
0.275 1.4382 0 439.728 1.61806e-08
0.275 1.4382 0 440.731 1.60915e-08
0.275 1.4382 0 441.733 1.60029e-08
0.275 1.4382 0 442.736 1.5915e-08
0.275 1.4382 0 443.738 1.58276e-08
0.275 1.4382 0 444.741 1.57408e-08
0.275 1.4382 0 445.743 1.56545e-08
0.275 1.4382 0 446.746 1.55689e-08
0.275 1.4382 0 447.748 1.54838e-08
0.275 1.4382 0 448.751 1.53992e-08
0.275 1.4382 0 449.753 1.53152e-08
0.275 1.4382 0 450.756 1.52318e-08
0.275 1.4382 0 451.758 1.51489e-08
0.275 1.4382 0 452.761 1.50665e-08
0.275 1.4382 0 453.763 1.49847e-08
0.275 1.4382 0 454.765 1.49034e-08
0.275 1.4382 0 455.768 1.48226e-08
0.275 1.4382 0 456.77 1.47424e-08
0.275 1.4382 0 457.773 1.46626e-08
0.275 1.4382 0 458.775 1.45834e-08
0.275 1.4382 0 459.778 1.45047e-08
0.275 1.4382 0 460.78 1.44265e-08
0.275 1.4382 0 461.783 1.43488e-08
0.275 1.4382 0 462.785 1.42716e-08
0.275 1.4382 0 463.788 1.41949e-08
0.275 1.4382 0 464.79 1.41187e-08
0.275 1.4382 0 465.793 1.4043e-08
0.275 1.4382 0 466.795 1.39678e-08
0.275 1.4382 0 467.798 1.3893e-08
0.275 1.4382 0 468.8 1.38187e-08
0.275 1.4382 0 469.803 1.37449e-08
0.275 1.4382 0 470.805 1.36716e-08
0.275 1.4382 0 471.807 1.35987e-08
0.275 1.4382 0 472.81 1.35263e-08
0.275 1.4382 0 473.812 1.34543e-08
0.275 1.4382 0 474.815 1.33828e-08
0.275 1.4382 0 475.817 1.33118e-08
0.275 1.4382 0 476.82 1.32412e-08
0.275 1.4382 0 477.822 1.3171e-08
0.275 1.4382 0 478.825 1.31013e-08
0.275 1.4382 0 479.827 1.3032e-08
0.275 1.4382 0 480.83 1.29632e-08
0.275 1.4382 0 481.832 1.28948e-08
0.275 1.4382 0 482.835 1.28268e-08
0.275 1.4382 0 483.837 1.27592e-08
0.275 1.4382 0 484.84 1.26921e-08
0.275 1.4382 0 485.842 1.26254e-08
0.275 1.4382 0 486.844 1.25591e-08
0.275 1.4382 0 487.847 1.24932e-08
0.275 1.4382 0 488.849 1.24277e-08
0.275 1.4382 0 489.852 1.23626e-08
0.275 1.4382 0 490.854 1.22979e-08
0.275 1.4382 0 491.857 1.22336e-08
0.275 1.4382 0 492.859 1.21698e-08
0.275 1.4382 0 493.862 1.21063e-08
0.275 1.4382 0 494.864 1.20432e-08
0.275 1.4382 0 495.867 1.19805e-08
0.275 1.4382 0 496.869 1.19181e-08
0.275 1.4382 0 497.872 1.18562e-08
0.275 1.4382 0 498.874 1.17946e-08
0.275 1.4382 0 499.877 1.17335e-08
0.275 1.4382 0 500.879 1.16726e-08
0.275 1.4382 0 501.882 1.16122e-08
0.275 1.4382 0 502.884 1.15521e-08
0.275 1.4382 0 503.886 1.14924e-08
0.275 1.4382 0 504.889 1.14331e-08
0.275 1.4382 0 505.891 1.13741e-08
0.275 1.4382 0 506.894 1.13155e-08
0.275 1.4382 0 507.896 1.12572e-08
0.275 1.4382 0 508.899 1.11993e-08
0.275 1.4382 0 509.901 1.11417e-08
0.275 1.4382 0 510.904 1.10845e-08
0.275 1.4382 0 511.906 1.10277e-08
0.275 1.4382 0 512.909 1.09711e-08
0.275 1.4382 0 513.911 1.09149e-08
0.275 1.4382 0 514.914 1.08591e-08
0.275 1.4382 0 515.916 1.08036e-08
0.275 1.4382 0 516.919 1.07484e-08
0.275 1.4382 0 517.921 1.06935e-08
0.275 1.4382 0 518.923 1.0639e-08
0.275 1.4382 0 519.926 1.05848e-08
0.275 1.4382 0 520.928 1.05309e-08
0.275 1.4382 0 521.931 1.04774e-08
0.275 1.4382 0 522.933 1.04241e-08
0.275 1.4382 0 523.936 1.03712e-08
0.275 1.4382 0 524.938 1.03186e-08
0.275 1.4382 0 525.941 1.02663e-08
0.275 1.4382 0 526.943 1.02143e-08
0.275 1.4382 0 527.946 1.01627e-08
0.275 1.4382 0 528.948 1.01113e-08
0.275 1.4382 0 529.951 1.00602e-08
0.275 1.4382 0 530.953 1.00095e-08
0.275 1.4382 0 531.956 9.959e-09
0.275 1.4382 0 532.958 9.90883e-09
0.275 1.4382 0 533.961 9.85895e-09
0.275 1.4382 0 534.963 9.80937e-09
0.275 1.4382 0 535.965 9.76008e-09
0.275 1.4382 0 536.968 9.71108e-09
0.275 1.4382 0 537.97 9.66237e-09
0.275 1.4382 0 538.973 9.61394e-09
0.275 1.4382 0 539.975 9.56579e-09
0.275 1.4382 0 540.978 9.51793e-09
0.275 1.4382 0 541.98 9.47034e-09
0.275 1.4382 0 542.983 9.42303e-09
0.275 1.4382 0 543.985 9.37599e-09
0.275 1.4382 0 544.988 9.32923e-09
0.275 1.4382 0 545.99 9.28274e-09
0.275 1.4382 0 546.993 9.23652e-09
0.275 1.4382 0 547.995 9.19057e-09
0.275 1.4382 0 548.998 9.14488e-09
0.275 1.4382 0 550 9.09946e-09
