2.89 1.4382 0 150.015 1.61644e-05
2.89 1.4382 0 151.017 2.76237e-05
2.89 1.4382 0 152.02 2.82688e-05
2.89 1.4382 0 153.022 2.66048e-05
2.89 1.4382 0 154.025 2.48283e-05
2.89 1.4382 0 155.027 2.31794e-05
2.89 1.4382 0 156.03 2.16664e-05
2.89 1.4382 0 157.032 2.02766e-05
2.89 1.4382 0 158.035 1.89971e-05
2.89 1.4382 0 159.037 1.78171e-05
2.89 1.4382 0 160.04 1.6727e-05
2.89 1.4382 0 161.042 1.57185e-05
2.89 1.4382 0 162.045 1.47841e-05
2.89 1.4382 0 163.047 1.39173e-05
2.89 1.4382 0 164.05 1.31123e-05
2.89 1.4382 0 165.052 1.23637e-05
2.89 1.4382 0 166.054 1.16668e-05
2.89 1.4382 0 167.057 1.10174e-05
2.89 1.4382 0 168.059 1.04117e-05
2.89 1.4382 0 169.062 9.84597e-06
2.89 1.4382 0 170.064 9.31722e-06
2.89 1.4382 0 171.067 8.82253e-06
2.89 1.4382 0 172.069 8.35928e-06
2.89 1.4382 0 173.072 7.92508e-06
2.89 1.4382 0 174.074 7.51778e-06
2.89 1.4382 0 175.077 7.13537e-06
2.89 1.4382 0 176.079 6.77604e-06
2.89 1.4382 0 177.082 6.43815e-06
2.89 1.4382 0 178.084 6.12015e-06
2.89 1.4382 0 179.087 5.82067e-06
2.89 1.4382 0 180.089 5.53841e-06
2.89 1.4382 0 181.092 5.27221e-06
2.89 1.4382 0 182.094 5.02097e-06
2.89 1.4382 0 183.096 4.7837e-06
2.89 1.4382 0 184.099 4.55948e-06
2.89 1.4382 0 185.101 4.34746e-06
2.89 1.4382 0 186.104 4.14686e-06
2.89 1.4382 0 187.106 3.95695e-06
2.89 1.4382 0 188.109 3.77706e-06
2.89 1.4382 0 189.111 3.60656e-06
2.89 1.4382 0 190.114 3.44489e-06
2.89 1.4382 0 191.116 3.29151e-06
2.89 1.4382 0 192.119 3.14591e-06
2.89 1.4382 0 193.121 3.00765e-06
2.89 1.4382 0 194.124 2.87628e-06
2.89 1.4382 0 195.126 2.75141e-06
2.89 1.4382 0 196.129 2.63267e-06
2.89 1.4382 0 197.131 2.5197e-06
2.89 1.4382 0 198.133 2.41218e-06
2.89 1.4382 0 199.136 2.30981e-06
2.89 1.4382 0 200.138 2.2123e-06
2.89 1.4382 0 201.141 2.11939e-06
2.89 1.4382 0 202.143 2.03084e-06
2.89 1.4382 0 203.146 1.9464e-06
2.89 1.4382 0 204.148 1.86585e-06
2.89 1.4382 0 205.151 1.789e-06
2.89 1.4382 0 206.153 1.71565e-06
2.89 1.4382 0 207.156 1.64562e-06
2.89 1.4382 0 208.158 1.57874e-06
2.89 1.4382 0 209.161 1.51484e-06
2.89 1.4382 0 210.163 1.45379e-06
2.89 1.4382 0 211.166 1.39543e-06
2.89 1.4382 0 212.168 1.33964e-06
2.89 1.4382 0 213.171 1.28628e-06
2.89 1.4382 0 214.173 1.23523e-06
2.89 1.4382 0 215.175 1.1864e-06
2.89 1.4382 0 216.178 1.13966e-06
2.89 1.4382 0 217.18 1.09492e-06
2.89 1.4382 0 218.183 1.05208e-06
2.89 1.4382 0 219.185 1.01106e-06
2.89 1.4382 0 220.188 9.7176e-07
2.89 1.4382 0 221.19 9.34113e-07
2.89 1.4382 0 222.193 8.98037e-07
2.89 1.4382 0 223.195 8.63461e-07
2.89 1.4382 0 224.198 8.30315e-07
2.89 1.4382 0 225.2 7.98535e-07
2.89 1.4382 0 226.203 7.6806e-07
2.89 1.4382 0 227.205 7.3883e-07
2.89 1.4382 0 228.208 7.1079e-07
2.89 1.4382 0 229.21 6.83887e-07
2.89 1.4382 0 230.212 6.58071e-07
2.89 1.4382 0 231.215 6.33294e-07
2.89 1.4382 0 232.217 6.0951e-07
2.89 1.4382 0 233.22 5.86677e-07
2.89 1.4382 0 234.222 5.64753e-07
2.89 1.4382 0 235.225 5.43699e-07
2.89 1.4382 0 236.227 5.23477e-07
2.89 1.4382 0 237.23 5.04053e-07
2.89 1.4382 0 238.232 4.85391e-07
2.89 1.4382 0 239.235 4.67461e-07
2.89 1.4382 0 240.237 4.50231e-07
2.89 1.4382 0 241.24 4.33671e-07
2.89 1.4382 0 242.242 4.17755e-07
2.89 1.4382 0 243.245 4.02454e-07
2.89 1.4382 0 244.247 3.87743e-07
2.89 1.4382 0 245.25 3.73599e-07
2.89 1.4382 0 246.252 3.59997e-07
2.89 1.4382 0 247.254 3.46916e-07
2.89 1.4382 0 248.257 3.34334e-07
2.89 1.4382 0 249.259 3.22231e-07
2.89 1.4382 0 250.262 3.10588e-07
2.89 1.4382 0 251.264 2.99385e-07
2.89 1.4382 0 252.267 2.88606e-07
2.89 1.4382 0 253.269 2.78233e-07
2.89 1.4382 0 254.272 2.6825e-07
2.89 1.4382 0 255.274 2.58642e-07
2.89 1.4382 0 256.277 2.49393e-07
2.89 1.4382 0 257.279 2.40489e-07
2.89 1.4382 0 258.282 2.31917e-07
2.89 1.4382 0 259.284 2.23664e-07
2.89 1.4382 0 260.287 2.15716e-07
2.89 1.4382 0 261.289 2.08063e-07
2.89 1.4382 0 262.291 2.00693e-07
2.89 1.4382 0 263.294 1.93594e-07
2.89 1.4382 0 264.296 1.86757e-07
2.89 1.4382 0 265.299 1.8017e-07
2.89 1.4382 0 266.301 1.73825e-07
2.89 1.4382 0 267.304 1.67712e-07
2.89 1.4382 0 268.306 1.61822e-07
2.89 1.4382 0 269.309 1.56146e-07
2.89 1.4382 0 270.311 1.50677e-07
2.89 1.4382 0 271.314 1.45407e-07
2.89 1.4382 0 272.316 1.40327e-07
2.89 1.4382 0 273.319 1.35431e-07
2.89 1.4382 0 274.321 1.30712e-07
2.89 1.4382 0 275.324 1.26163e-07
2.89 1.4382 0 276.326 1.21778e-07
2.89 1.4382 0 277.329 1.1755e-07
2.89 1.4382 0 278.331 1.13474e-07
2.89 1.4382 0 279.333 1.09544e-07
2.89 1.4382 0 280.336 1.05755e-07
2.89 1.4382 0 281.338 1.021e-07
2.89 1.4382 0 282.341 9.85762e-08
2.89 1.4382 0 283.343 9.51776e-08
2.89 1.4382 0 284.346 9.18997e-08
2.89 1.4382 0 285.348 8.87382e-08
2.89 1.4382 0 286.351 8.56887e-08
2.89 1.4382 0 287.353 8.27471e-08
2.89 1.4382 0 288.356 7.99094e-08
2.89 1.4382 0 289.358 7.71719e-08
2.89 1.4382 0 290.361 7.45308e-08
2.89 1.4382 0 291.363 7.19826e-08
2.89 1.4382 0 292.366 6.9524e-08
2.89 1.4382 0 293.368 6.71517e-08
2.89 1.4382 0 294.37 6.48625e-08
2.89 1.4382 0 295.373 6.26534e-08
2.89 1.4382 0 296.375 6.05216e-08
2.89 1.4382 0 297.378 5.84642e-08
2.89 1.4382 0 298.38 5.64786e-08
2.89 1.4382 0 299.383 5.45621e-08
2.89 1.4382 0 300.385 5.27123e-08
2.89 1.4382 0 301.388 5.09268e-08
2.89 1.4382 0 302.39 4.92032e-08
2.89 1.4382 0 303.393 4.75394e-08
2.89 1.4382 0 304.395 4.59333e-08
2.89 1.4382 0 305.398 4.43826e-08
2.89 1.4382 0 306.4 4.28856e-08
2.89 1.4382 0 307.403 4.14402e-08
2.89 1.4382 0 308.405 4.00447e-08
2.89 1.4382 0 309.408 3.86972e-08
2.89 1.4382 0 310.41 3.73961e-08
2.89 1.4382 0 311.412 3.61397e-08
2.89 1.4382 0 312.415 3.49265e-08
2.89 1.4382 0 313.417 3.37548e-08
2.89 1.4382 0 314.42 3.26233e-08
2.89 1.4382 0 315.422 3.15305e-08
2.89 1.4382 0 316.425 3.04752e-08
2.89 1.4382 0 317.427 2.94558e-08
2.89 1.4382 0 318.43 2.84713e-08
2.89 1.4382 0 319.432 2.75203e-08
2.89 1.4382 0 320.435 2.66017e-08
2.89 1.4382 0 321.437 2.57144e-08
2.89 1.4382 0 322.44 2.48573e-08
2.89 1.4382 0 323.442 2.40293e-08
2.89 1.4382 0 324.445 2.32294e-08
2.89 1.4382 0 325.447 2.24567e-08
2.89 1.4382 0 326.449 2.17101e-08
2.89 1.4382 0 327.452 2.09888e-08
2.89 1.4382 0 328.454 2.02919e-08
2.89 1.4382 0 329.457 1.96186e-08
2.89 1.4382 0 330.459 1.8968e-08
2.89 1.4382 0 331.462 1.83394e-08
2.89 1.4382 0 332.464 1.77319e-08
2.89 1.4382 0 333.467 1.7145e-08
2.89 1.4382 0 334.469 1.65778e-08
2.89 1.4382 0 335.472 1.60296e-08
2.89 1.4382 0 336.474 1.55e-08
2.89 1.4382 0 337.477 1.49881e-08
2.89 1.4382 0 338.479 1.44933e-08
2.89 1.4382 0 339.482 1.40152e-08
2.89 1.4382 0 340.484 1.35531e-08
2.89 1.4382 0 341.487 1.31065e-08
2.89 1.4382 0 342.489 1.26749e-08
2.89 1.4382 0 343.491 1.22576e-08
2.89 1.4382 0 344.494 1.18543e-08
2.89 1.4382 0 345.496 1.14645e-08
2.89 1.4382 0 346.499 1.10877e-08
2.89 1.4382 0 347.501 1.07235e-08
2.89 1.4382 0 348.504 1.03714e-08
2.89 1.4382 0 349.506 1.00311e-08
2.89 1.4382 0 350.509 9.70203e-09
2.89 1.4382 0 351.511 9.38395e-09
2.89 1.4382 0 352.514 9.07645e-09
2.89 1.4382 0 353.516 8.77916e-09
2.89 1.4382 0 354.519 8.49175e-09
2.89 1.4382 0 355.521 8.21387e-09
2.89 1.4382 0 356.524 7.94521e-09
2.89 1.4382 0 357.526 7.68546e-09
2.89 1.4382 0 358.528 7.43431e-09
2.89 1.4382 0 359.531 7.19148e-09
2.89 1.4382 0 360.533 6.95668e-09
2.89 1.4382 0 361.536 6.72965e-09
2.89 1.4382 0 362.538 6.51012e-09
2.89 1.4382 0 363.541 6.29785e-09
2.89 1.4382 0 364.543 6.09258e-09
2.89 1.4382 0 365.546 5.89408e-09
2.89 1.4382 0 366.548 5.70214e-09
2.89 1.4382 0 367.551 5.51652e-09
2.89 1.4382 0 368.553 5.33701e-09
2.89 1.4382 0 369.556 5.16342e-09
2.89 1.4382 0 370.558 4.99553e-09
2.89 1.4382 0 371.561 4.83317e-09
2.89 1.4382 0 372.563 4.67615e-09
2.89 1.4382 0 373.566 4.52429e-09
2.89 1.4382 0 374.568 4.37742e-09
2.89 1.4382 0 375.57 4.23537e-09
2.89 1.4382 0 376.573 4.09798e-09
2.89 1.4382 0 377.575 3.96509e-09
2.89 1.4382 0 378.578 3.83656e-09
2.89 1.4382 0 379.58 3.71224e-09
2.89 1.4382 0 380.583 3.592e-09
2.89 1.4382 0 381.585 3.47569e-09
2.89 1.4382 0 382.588 3.36319e-09
2.89 1.4382 0 383.59 3.25436e-09
2.89 1.4382 0 384.593 3.14909e-09
2.89 1.4382 0 385.595 3.04727e-09
2.89 1.4382 0 386.598 2.94877e-09
2.89 1.4382 0 387.6 2.85348e-09
2.89 1.4382 0 388.603 2.76131e-09
2.89 1.4382 0 389.605 2.67214e-09
2.89 1.4382 0 390.607 2.58588e-09
2.89 1.4382 0 391.61 2.50243e-09
2.89 1.4382 0 392.612 2.42169e-09
2.89 1.4382 0 393.615 2.34359e-09
2.89 1.4382 0 394.617 2.26803e-09
2.89 1.4382 0 395.62 2.19493e-09
2.89 1.4382 0 396.622 2.12421e-09
2.89 1.4382 0 397.625 2.05579e-09
2.89 1.4382 0 398.627 1.98959e-09
2.89 1.4382 0 399.63 1.92554e-09
2.89 1.4382 0 400.632 1.86357e-09
2.89 1.4382 0 401.635 1.80362e-09
2.89 1.4382 0 402.637 1.7456e-09
2.89 1.4382 0 403.64 1.68948e-09
2.89 1.4382 0 404.642 1.63517e-09
2.89 1.4382 0 405.645 1.58262e-09
2.89 1.4382 0 406.647 1.53178e-09
2.89 1.4382 0 407.649 1.48258e-09
2.89 1.4382 0 408.652 1.43497e-09
2.89 1.4382 0 409.654 1.38891e-09
2.89 1.4382 0 410.657 1.34434e-09
2.89 1.4382 0 411.659 1.30121e-09
2.89 1.4382 0 412.662 1.25947e-09
2.89 1.4382 0 413.664 1.21908e-09
2.89 1.4382 0 414.667 1.18e-09
2.89 1.4382 0 415.669 1.14218e-09
2.89 1.4382 0 416.672 1.10559e-09
2.89 1.4382 0 417.674 1.07017e-09
2.89 1.4382 0 418.677 1.0359e-09
2.89 1.4382 0 419.679 1.00273e-09
2.89 1.4382 0 420.682 9.70632e-10
2.89 1.4382 0 421.684 9.3957e-10
2.89 1.4382 0 422.686 9.0951e-10
2.89 1.4382 0 423.689 8.80418e-10
2.89 1.4382 0 424.691 8.52263e-10
2.89 1.4382 0 425.694 8.25015e-10
2.89 1.4382 0 426.696 7.98644e-10
2.89 1.4382 0 427.699 7.73122e-10
2.89 1.4382 0 428.701 7.48422e-10
2.89 1.4382 0 429.704 7.24516e-10
2.89 1.4382 0 430.706 7.01379e-10
2.89 1.4382 0 431.709 6.78985e-10
2.89 1.4382 0 432.711 6.57312e-10
2.89 1.4382 0 433.714 6.36335e-10
2.89 1.4382 0 434.716 6.16032e-10
2.89 1.4382 0 435.719 5.96381e-10
2.89 1.4382 0 436.721 5.7736e-10
2.89 1.4382 0 437.724 5.58951e-10
2.89 1.4382 0 438.726 5.41132e-10
2.89 1.4382 0 439.728 5.23885e-10
2.89 1.4382 0 440.731 5.07191e-10
2.89 1.4382 0 441.733 4.91032e-10
2.89 1.4382 0 442.736 4.75391e-10
2.89 1.4382 0 443.738 4.60252e-10
2.89 1.4382 0 444.741 4.45597e-10
2.89 1.4382 0 445.743 4.31412e-10
2.89 1.4382 0 446.746 4.17682e-10
2.89 1.4382 0 447.748 4.04391e-10
2.89 1.4382 0 448.751 3.91525e-10
2.89 1.4382 0 449.753 3.79071e-10
2.89 1.4382 0 450.756 3.67016e-10
2.89 1.4382 0 451.758 3.55346e-10
2.89 1.4382 0 452.761 3.44049e-10
2.89 1.4382 0 453.763 3.33114e-10
2.89 1.4382 0 454.765 3.22528e-10
2.89 1.4382 0 455.768 3.1228e-10
2.89 1.4382 0 456.77 3.0236e-10
2.89 1.4382 0 457.773 2.92757e-10
2.89 1.4382 0 458.775 2.8346e-10
2.89 1.4382 0 459.778 2.7446e-10
2.89 1.4382 0 460.78 2.65747e-10
2.89 1.4382 0 461.783 2.57313e-10
2.89 1.4382 0 462.785 2.49148e-10
2.89 1.4382 0 463.788 2.41243e-10
2.89 1.4382 0 464.79 2.3359e-10
2.89 1.4382 0 465.793 2.26181e-10
2.89 1.4382 0 466.795 2.19009e-10
2.89 1.4382 0 467.798 2.12065e-10
2.89 1.4382 0 468.8 2.05342e-10
2.89 1.4382 0 469.803 1.98833e-10
2.89 1.4382 0 470.805 1.92532e-10
2.89 1.4382 0 471.807 1.86432e-10
2.89 1.4382 0 472.81 1.80526e-10
2.89 1.4382 0 473.812 1.74807e-10
2.89 1.4382 0 474.815 1.69271e-10
2.89 1.4382 0 475.817 1.63911e-10
2.89 1.4382 0 476.82 1.58722e-10
2.89 1.4382 0 477.822 1.53697e-10
2.89 1.4382 0 478.825 1.48833e-10
2.89 1.4382 0 479.827 1.44123e-10
2.89 1.4382 0 480.83 1.39563e-10
2.89 1.4382 0 481.832 1.35148e-10
2.89 1.4382 0 482.835 1.30873e-10
2.89 1.4382 0 483.837 1.26734e-10
2.89 1.4382 0 484.84 1.22726e-10
2.89 1.4382 0 485.842 1.18846e-10
2.89 1.4382 0 486.844 1.15089e-10
2.89 1.4382 0 487.847 1.11451e-10
2.89 1.4382 0 488.849 1.07929e-10
2.89 1.4382 0 489.852 1.04518e-10
2.89 1.4382 0 490.854 1.01216e-10
2.89 1.4382 0 491.857 9.80188e-11
2.89 1.4382 0 492.859 9.49229e-11
2.89 1.4382 0 493.862 9.19251e-11
2.89 1.4382 0 494.864 8.90224e-11
2.89 1.4382 0 495.867 8.62117e-11
2.89 1.4382 0 496.869 8.34902e-11
2.89 1.4382 0 497.872 8.08549e-11
2.89 1.4382 0 498.874 7.83032e-11
2.89 1.4382 0 499.877 7.58323e-11
2.89 1.4382 0 500.879 7.34397e-11
2.89 1.4382 0 501.882 7.11229e-11
2.89 1.4382 0 502.884 6.88794e-11
2.89 1.4382 0 503.886 6.67071e-11
2.89 1.4382 0 504.889 6.46035e-11
2.89 1.4382 0 505.891 6.25665e-11
2.89 1.4382 0 506.894 6.05939e-11
2.89 1.4382 0 507.896 5.86839e-11
2.89 1.4382 0 508.899 5.68342e-11
2.89 1.4382 0 509.901 5.50431e-11
2.89 1.4382 0 510.904 5.33086e-11
2.89 1.4382 0 511.906 5.1629e-11
2.89 1.4382 0 512.909 5.00026e-11
2.89 1.4382 0 513.911 4.84275e-11
2.89 1.4382 0 514.914 4.69023e-11
2.89 1.4382 0 515.916 4.54252e-11
2.89 1.4382 0 516.919 4.39949e-11
2.89 1.4382 0 517.921 4.26097e-11
2.89 1.4382 0 518.923 4.12683e-11
2.89 1.4382 0 519.926 3.99693e-11
2.89 1.4382 0 520.928 3.87114e-11
2.89 1.4382 0 521.931 3.74931e-11
2.89 1.4382 0 522.933 3.63134e-11
2.89 1.4382 0 523.936 3.51709e-11
2.89 1.4382 0 524.938 3.40644e-11
2.89 1.4382 0 525.941 3.29929e-11
2.89 1.4382 0 526.943 3.19552e-11
2.89 1.4382 0 527.946 3.09503e-11
2.89 1.4382 0 528.948 2.99771e-11
2.89 1.4382 0 529.951 2.90346e-11
2.89 1.4382 0 530.953 2.81218e-11
2.89 1.4382 0 531.956 2.72378e-11
2.89 1.4382 0 532.958 2.63817e-11
2.89 1.4382 0 533.961 2.55526e-11
2.89 1.4382 0 534.963 2.47496e-11
2.89 1.4382 0 535.965 2.39719e-11
2.89 1.4382 0 536.968 2.32188e-11
2.89 1.4382 0 537.97 2.24894e-11
2.89 1.4382 0 538.973 2.1783e-11
2.89 1.4382 0 539.975 2.10988e-11
2.89 1.4382 0 540.978 2.04362e-11
2.89 1.4382 0 541.98 1.97945e-11
2.89 1.4382 0 542.983 1.9173e-11
2.89 1.4382 0 543.985 1.8571e-11
2.89 1.4382 0 544.988 1.79881e-11
2.89 1.4382 0 545.99 1.74234e-11
2.89 1.4382 0 546.993 1.68766e-11
2.89 1.4382 0 547.995 1.6347e-11
2.89 1.4382 0 548.998 1.5834e-11
2.89 1.4382 0 550 1.53372e-11
