1.21 1.4382 0 150.015 8.57218e-06
1.21 1.4382 0 151.017 1.57716e-05
1.21 1.4382 0 152.02 1.66949e-05
1.21 1.4382 0 153.022 1.67576e-05
1.21 1.4382 0 154.025 1.67601e-05
1.21 1.4382 0 155.027 1.67569e-05
1.21 1.4382 0 156.03 1.67506e-05
1.21 1.4382 0 157.032 1.67409e-05
1.21 1.4382 0 158.035 1.67274e-05
1.21 1.4382 0 159.037 1.67101e-05
1.21 1.4382 0 160.04 1.66888e-05
1.21 1.4382 0 161.042 1.66635e-05
1.21 1.4382 0 162.045 1.66342e-05
1.21 1.4382 0 163.047 1.6601e-05
1.21 1.4382 0 164.05 1.65639e-05
1.21 1.4382 0 165.052 1.6523e-05
1.21 1.4382 0 166.054 1.64784e-05
1.21 1.4382 0 167.057 1.64302e-05
1.21 1.4382 0 168.059 1.63784e-05
1.21 1.4382 0 169.062 1.63232e-05
1.21 1.4382 0 170.064 1.62647e-05
1.21 1.4382 0 171.067 1.6203e-05
1.21 1.4382 0 172.069 1.61382e-05
1.21 1.4382 0 173.072 1.60703e-05
1.21 1.4382 0 174.074 1.59995e-05
1.21 1.4382 0 175.077 1.5926e-05
1.21 1.4382 0 176.079 1.58497e-05
1.21 1.4382 0 177.082 1.57708e-05
1.21 1.4382 0 178.084 1.56894e-05
1.21 1.4382 0 179.087 1.56056e-05
1.21 1.4382 0 180.089 1.55195e-05
1.21 1.4382 0 181.092 1.54313e-05
1.21 1.4382 0 182.094 1.53409e-05
1.21 1.4382 0 183.096 1.52485e-05
1.21 1.4382 0 184.099 1.51542e-05
1.21 1.4382 0 185.101 1.50581e-05
1.21 1.4382 0 186.104 1.49603e-05
1.21 1.4382 0 187.106 1.48608e-05
1.21 1.4382 0 188.109 1.47598e-05
1.21 1.4382 0 189.111 1.46574e-05
1.21 1.4382 0 190.114 1.45535e-05
1.21 1.4382 0 191.116 1.44483e-05
1.21 1.4382 0 192.119 1.4342e-05
1.21 1.4382 0 193.121 1.42345e-05
1.21 1.4382 0 194.124 1.41259e-05
1.21 1.4382 0 195.126 1.40163e-05
1.21 1.4382 0 196.129 1.39058e-05
1.21 1.4382 0 197.131 1.37945e-05
1.21 1.4382 0 198.133 1.36824e-05
1.21 1.4382 0 199.136 1.35696e-05
1.21 1.4382 0 200.138 1.34562e-05
1.21 1.4382 0 201.141 1.33421e-05
1.21 1.4382 0 202.143 1.32276e-05
1.21 1.4382 0 203.146 1.31125e-05
1.21 1.4382 0 204.148 1.29971e-05
1.21 1.4382 0 205.151 1.28814e-05
1.21 1.4382 0 206.153 1.27653e-05
1.21 1.4382 0 207.156 1.2649e-05
1.21 1.4382 0 208.158 1.25325e-05
1.21 1.4382 0 209.161 1.24159e-05
1.21 1.4382 0 210.163 1.22992e-05
1.21 1.4382 0 211.166 1.21824e-05
1.21 1.4382 0 212.168 1.20657e-05
1.21 1.4382 0 213.171 1.1949e-05
1.21 1.4382 0 214.173 1.18323e-05
1.21 1.4382 0 215.175 1.17158e-05
1.21 1.4382 0 216.178 1.15995e-05
1.21 1.4382 0 217.18 1.14833e-05
1.21 1.4382 0 218.183 1.13674e-05
1.21 1.4382 0 219.185 1.12518e-05
1.21 1.4382 0 220.188 1.11365e-05
1.21 1.4382 0 221.19 1.10215e-05
1.21 1.4382 0 222.193 1.09068e-05
1.21 1.4382 0 223.195 1.07926e-05
1.21 1.4382 0 224.198 1.06788e-05
1.21 1.4382 0 225.2 1.05654e-05
1.21 1.4382 0 226.203 1.04525e-05
1.21 1.4382 0 227.205 1.03401e-05
1.21 1.4382 0 228.208 1.02283e-05
1.21 1.4382 0 229.21 1.01169e-05
1.21 1.4382 0 230.212 1.00062e-05
1.21 1.4382 0 231.215 9.89602e-06
1.21 1.4382 0 232.217 9.78646e-06
1.21 1.4382 0 233.22 9.67753e-06
1.21 1.4382 0 234.222 9.56924e-06
1.21 1.4382 0 235.225 9.4616e-06
1.21 1.4382 0 236.227 9.35465e-06
1.21 1.4382 0 237.23 9.24838e-06
1.21 1.4382 0 238.232 9.14281e-06
1.21 1.4382 0 239.235 9.03796e-06
1.21 1.4382 0 240.237 8.93384e-06
1.21 1.4382 0 241.24 8.83046e-06
1.21 1.4382 0 242.242 8.72782e-06
1.21 1.4382 0 243.245 8.62595e-06
1.21 1.4382 0 244.247 8.52486e-06
1.21 1.4382 0 245.25 8.42453e-06
1.21 1.4382 0 246.252 8.325e-06
1.21 1.4382 0 247.254 8.22626e-06
1.21 1.4382 0 248.257 8.12833e-06
1.21 1.4382 0 249.259 8.0312e-06
1.21 1.4382 0 250.262 7.93488e-06
1.21 1.4382 0 251.264 7.83938e-06
1.21 1.4382 0 252.267 7.74471e-06
1.21 1.4382 0 253.269 7.65086e-06
1.21 1.4382 0 254.272 7.55785e-06
1.21 1.4382 0 255.274 7.46566e-06
1.21 1.4382 0 256.277 7.37432e-06
1.21 1.4382 0 257.279 7.28381e-06
1.21 1.4382 0 258.282 7.19415e-06
1.21 1.4382 0 259.284 7.10532e-06
1.21 1.4382 0 260.287 7.01734e-06
1.21 1.4382 0 261.289 6.93021e-06
1.21 1.4382 0 262.291 6.84391e-06
1.21 1.4382 0 263.294 6.75847e-06
1.21 1.4382 0 264.296 6.67386e-06
1.21 1.4382 0 265.299 6.5901e-06
1.21 1.4382 0 266.301 6.50718e-06
1.21 1.4382 0 267.304 6.4251e-06
1.21 1.4382 0 268.306 6.34385e-06
1.21 1.4382 0 269.309 6.26345e-06
1.21 1.4382 0 270.311 6.18388e-06
1.21 1.4382 0 271.314 6.10514e-06
1.21 1.4382 0 272.316 6.02723e-06
1.21 1.4382 0 273.319 5.95014e-06
1.21 1.4382 0 274.321 5.87388e-06
1.21 1.4382 0 275.324 5.79844e-06
1.21 1.4382 0 276.326 5.72382e-06
1.21 1.4382 0 277.329 5.65001e-06
1.21 1.4382 0 278.331 5.57701e-06
1.21 1.4382 0 279.333 5.50481e-06
1.21 1.4382 0 280.336 5.43341e-06
1.21 1.4382 0 281.338 5.36281e-06
1.21 1.4382 0 282.341 5.293e-06
1.21 1.4382 0 283.343 5.22398e-06
1.21 1.4382 0 284.346 5.15574e-06
1.21 1.4382 0 285.348 5.08827e-06
1.21 1.4382 0 286.351 5.02158e-06
1.21 1.4382 0 287.353 4.95566e-06
1.21 1.4382 0 288.356 4.8905e-06
1.21 1.4382 0 289.358 4.82609e-06
1.21 1.4382 0 290.361 4.76244e-06
1.21 1.4382 0 291.363 4.69953e-06
1.21 1.4382 0 292.366 4.63736e-06
1.21 1.4382 0 293.368 4.57592e-06
1.21 1.4382 0 294.37 4.51522e-06
1.21 1.4382 0 295.373 4.45523e-06
1.21 1.4382 0 296.375 4.39597e-06
1.21 1.4382 0 297.378 4.33741e-06
1.21 1.4382 0 298.38 4.27956e-06
1.21 1.4382 0 299.383 4.22241e-06
1.21 1.4382 0 300.385 4.16595e-06
1.21 1.4382 0 301.388 4.11018e-06
1.21 1.4382 0 302.39 4.05509e-06
1.21 1.4382 0 303.393 4.00067e-06
1.21 1.4382 0 304.395 3.94692e-06
1.21 1.4382 0 305.398 3.89384e-06
1.21 1.4382 0 306.4 3.84141e-06
1.21 1.4382 0 307.403 3.78963e-06
1.21 1.4382 0 308.405 3.7385e-06
1.21 1.4382 0 309.408 3.688e-06
1.21 1.4382 0 310.41 3.63813e-06
1.21 1.4382 0 311.412 3.58889e-06
1.21 1.4382 0 312.415 3.54027e-06
1.21 1.4382 0 313.417 3.49226e-06
1.21 1.4382 0 314.42 3.44486e-06
1.21 1.4382 0 315.422 3.39806e-06
1.21 1.4382 0 316.425 3.35185e-06
1.21 1.4382 0 317.427 3.30624e-06
1.21 1.4382 0 318.43 3.2612e-06
1.21 1.4382 0 319.432 3.21674e-06
1.21 1.4382 0 320.435 3.17285e-06
1.21 1.4382 0 321.437 3.12952e-06
1.21 1.4382 0 322.44 3.08675e-06
1.21 1.4382 0 323.442 3.04453e-06
1.21 1.4382 0 324.445 3.00286e-06
1.21 1.4382 0 325.447 2.96173e-06
1.21 1.4382 0 326.449 2.92113e-06
1.21 1.4382 0 327.452 2.88106e-06
1.21 1.4382 0 328.454 2.84151e-06
1.21 1.4382 0 329.457 2.80248e-06
1.21 1.4382 0 330.459 2.76396e-06
1.21 1.4382 0 331.462 2.72594e-06
1.21 1.4382 0 332.464 2.68842e-06
1.21 1.4382 0 333.467 2.65139e-06
1.21 1.4382 0 334.469 2.61485e-06
1.21 1.4382 0 335.472 2.5788e-06
1.21 1.4382 0 336.474 2.54322e-06
1.21 1.4382 0 337.477 2.50811e-06
1.21 1.4382 0 338.479 2.47346e-06
1.21 1.4382 0 339.482 2.43927e-06
1.21 1.4382 0 340.484 2.40554e-06
1.21 1.4382 0 341.487 2.37226e-06
1.21 1.4382 0 342.489 2.33942e-06
1.21 1.4382 0 343.491 2.30701e-06
1.21 1.4382 0 344.494 2.27504e-06
1.21 1.4382 0 345.496 2.2435e-06
1.21 1.4382 0 346.499 2.21238e-06
1.21 1.4382 0 347.501 2.18168e-06
1.21 1.4382 0 348.504 2.15139e-06
1.21 1.4382 0 349.506 2.12151e-06
1.21 1.4382 0 350.509 2.09202e-06
1.21 1.4382 0 351.511 2.06294e-06
1.21 1.4382 0 352.514 2.03425e-06
1.21 1.4382 0 353.516 2.00594e-06
1.21 1.4382 0 354.519 1.97802e-06
1.21 1.4382 0 355.521 1.95048e-06
1.21 1.4382 0 356.524 1.92331e-06
1.21 1.4382 0 357.526 1.8965e-06
1.21 1.4382 0 358.528 1.87006e-06
1.21 1.4382 0 359.531 1.84398e-06
1.21 1.4382 0 360.533 1.81826e-06
1.21 1.4382 0 361.536 1.79288e-06
1.21 1.4382 0 362.538 1.76785e-06
1.21 1.4382 0 363.541 1.74316e-06
1.21 1.4382 0 364.543 1.71881e-06
1.21 1.4382 0 365.546 1.69479e-06
1.21 1.4382 0 366.548 1.6711e-06
1.21 1.4382 0 367.551 1.64773e-06
1.21 1.4382 0 368.553 1.62469e-06
1.21 1.4382 0 369.556 1.60196e-06
1.21 1.4382 0 370.558 1.57954e-06
1.21 1.4382 0 371.561 1.55743e-06
1.21 1.4382 0 372.563 1.53562e-06
1.21 1.4382 0 373.566 1.51411e-06
1.21 1.4382 0 374.568 1.4929e-06
1.21 1.4382 0 375.57 1.47198e-06
1.21 1.4382 0 376.573 1.45134e-06
1.21 1.4382 0 377.575 1.431e-06
1.21 1.4382 0 378.578 1.41093e-06
1.21 1.4382 0 379.58 1.39114e-06
1.21 1.4382 0 380.583 1.37162e-06
1.21 1.4382 0 381.585 1.35237e-06
1.21 1.4382 0 382.588 1.33339e-06
1.21 1.4382 0 383.59 1.31467e-06
1.21 1.4382 0 384.593 1.29621e-06
1.21 1.4382 0 385.595 1.27801e-06
1.21 1.4382 0 386.598 1.26006e-06
1.21 1.4382 0 387.6 1.24236e-06
1.21 1.4382 0 388.603 1.2249e-06
1.21 1.4382 0 389.605 1.20768e-06
1.21 1.4382 0 390.607 1.19071e-06
1.21 1.4382 0 391.61 1.17397e-06
1.21 1.4382 0 392.612 1.15746e-06
1.21 1.4382 0 393.615 1.14118e-06
1.21 1.4382 0 394.617 1.12513e-06
1.21 1.4382 0 395.62 1.1093e-06
1.21 1.4382 0 396.622 1.0937e-06
1.21 1.4382 0 397.625 1.07831e-06
1.21 1.4382 0 398.627 1.06313e-06
1.21 1.4382 0 399.63 1.04817e-06
1.21 1.4382 0 400.632 1.03341e-06
1.21 1.4382 0 401.635 1.01886e-06
1.21 1.4382 0 402.637 1.00452e-06
1.21 1.4382 0 403.64 9.90372e-07
1.21 1.4382 0 404.642 9.76424e-07
1.21 1.4382 0 405.645 9.62671e-07
1.21 1.4382 0 406.647 9.49111e-07
1.21 1.4382 0 407.649 9.3574e-07
1.21 1.4382 0 408.652 9.22556e-07
1.21 1.4382 0 409.654 9.09556e-07
1.21 1.4382 0 410.657 8.96739e-07
1.21 1.4382 0 411.659 8.84101e-07
1.21 1.4382 0 412.662 8.7164e-07
1.21 1.4382 0 413.664 8.59354e-07
1.21 1.4382 0 414.667 8.4724e-07
1.21 1.4382 0 415.669 8.35296e-07
1.21 1.4382 0 416.672 8.2352e-07
1.21 1.4382 0 417.674 8.11908e-07
1.21 1.4382 0 418.677 8.0046e-07
1.21 1.4382 0 419.679 7.89172e-07
1.21 1.4382 0 420.682 7.78043e-07
1.21 1.4382 0 421.684 7.67071e-07
1.21 1.4382 0 422.686 7.56252e-07
1.21 1.4382 0 423.689 7.45586e-07
1.21 1.4382 0 424.691 7.35069e-07
1.21 1.4382 0 425.694 7.247e-07
1.21 1.4382 0 426.696 7.14477e-07
1.21 1.4382 0 427.699 7.04398e-07
1.21 1.4382 0 428.701 6.94461e-07
1.21 1.4382 0 429.704 6.84663e-07
1.21 1.4382 0 430.706 6.75004e-07
1.21 1.4382 0 431.709 6.6548e-07
1.21 1.4382 0 432.711 6.5609e-07
1.21 1.4382 0 433.714 6.46833e-07
1.21 1.4382 0 434.716 6.37706e-07
1.21 1.4382 0 435.719 6.28708e-07
1.21 1.4382 0 436.721 6.19836e-07
1.21 1.4382 0 437.724 6.1109e-07
1.21 1.4382 0 438.726 6.02467e-07
1.21 1.4382 0 439.728 5.93965e-07
1.21 1.4382 0 440.731 5.85583e-07
1.21 1.4382 0 441.733 5.7732e-07
1.21 1.4382 0 442.736 5.69173e-07
1.21 1.4382 0 443.738 5.61141e-07
1.21 1.4382 0 444.741 5.53222e-07
1.21 1.4382 0 445.743 5.45415e-07
1.21 1.4382 0 446.746 5.37718e-07
1.21 1.4382 0 447.748 5.30129e-07
1.21 1.4382 0 448.751 5.22648e-07
1.21 1.4382 0 449.753 5.15273e-07
1.21 1.4382 0 450.756 5.08001e-07
1.21 1.4382 0 451.758 5.00833e-07
1.21 1.4382 0 452.761 4.93765e-07
1.21 1.4382 0 453.763 4.86797e-07
1.21 1.4382 0 454.765 4.79928e-07
1.21 1.4382 0 455.768 4.73156e-07
1.21 1.4382 0 456.77 4.66479e-07
1.21 1.4382 0 457.773 4.59897e-07
1.21 1.4382 0 458.775 4.53408e-07
1.21 1.4382 0 459.778 4.4701e-07
1.21 1.4382 0 460.78 4.40703e-07
1.21 1.4382 0 461.783 4.34485e-07
1.21 1.4382 0 462.785 4.28355e-07
1.21 1.4382 0 463.788 4.22311e-07
1.21 1.4382 0 464.79 4.16353e-07
1.21 1.4382 0 465.793 4.1048e-07
1.21 1.4382 0 466.795 4.04689e-07
1.21 1.4382 0 467.798 3.9898e-07
1.21 1.4382 0 468.8 3.93352e-07
1.21 1.4382 0 469.803 3.87803e-07
1.21 1.4382 0 470.805 3.82333e-07
1.21 1.4382 0 471.807 3.7694e-07
1.21 1.4382 0 472.81 3.71624e-07
1.21 1.4382 0 473.812 3.66382e-07
1.21 1.4382 0 474.815 3.61215e-07
1.21 1.4382 0 475.817 3.56121e-07
1.21 1.4382 0 476.82 3.51099e-07
1.21 1.4382 0 477.822 3.46148e-07
1.21 1.4382 0 478.825 3.41267e-07
1.21 1.4382 0 479.827 3.36455e-07
1.21 1.4382 0 480.83 3.31711e-07
1.21 1.4382 0 481.832 3.27034e-07
1.21 1.4382 0 482.835 3.22424e-07
1.21 1.4382 0 483.837 3.17878e-07
1.21 1.4382 0 484.84 3.13397e-07
1.21 1.4382 0 485.842 3.0898e-07
1.21 1.4382 0 486.844 3.04624e-07
1.21 1.4382 0 487.847 3.00331e-07
1.21 1.4382 0 488.849 2.96098e-07
1.21 1.4382 0 489.852 2.91925e-07
1.21 1.4382 0 490.854 2.87811e-07
1.21 1.4382 0 491.857 2.83755e-07
1.21 1.4382 0 492.859 2.79757e-07
1.21 1.4382 0 493.862 2.75815e-07
1.21 1.4382 0 494.864 2.71929e-07
1.21 1.4382 0 495.867 2.68098e-07
1.21 1.4382 0 496.869 2.64322e-07
1.21 1.4382 0 497.872 2.60598e-07
1.21 1.4382 0 498.874 2.56928e-07
1.21 1.4382 0 499.877 2.53309e-07
1.21 1.4382 0 500.879 2.49741e-07
1.21 1.4382 0 501.882 2.46224e-07
1.21 1.4382 0 502.884 2.42757e-07
1.21 1.4382 0 503.886 2.39339e-07
1.21 1.4382 0 504.889 2.35969e-07
1.21 1.4382 0 505.891 2.32646e-07
1.21 1.4382 0 506.894 2.29371e-07
1.21 1.4382 0 507.896 2.26142e-07
1.21 1.4382 0 508.899 2.22959e-07
1.21 1.4382 0 509.901 2.19821e-07
1.21 1.4382 0 510.904 2.16727e-07
1.21 1.4382 0 511.906 2.13677e-07
1.21 1.4382 0 512.909 2.1067e-07
1.21 1.4382 0 513.911 2.07705e-07
1.21 1.4382 0 514.914 2.04783e-07
1.21 1.4382 0 515.916 2.01902e-07
1.21 1.4382 0 516.919 1.99061e-07
1.21 1.4382 0 517.921 1.96261e-07
1.21 1.4382 0 518.923 1.93501e-07
1.21 1.4382 0 519.926 1.90779e-07
1.21 1.4382 0 520.928 1.88096e-07
1.21 1.4382 0 521.931 1.85451e-07
1.21 1.4382 0 522.933 1.82843e-07
1.21 1.4382 0 523.936 1.80272e-07
1.21 1.4382 0 524.938 1.77737e-07
1.21 1.4382 0 525.941 1.75239e-07
1.21 1.4382 0 526.943 1.72775e-07
1.21 1.4382 0 527.946 1.70347e-07
1.21 1.4382 0 528.948 1.67952e-07
1.21 1.4382 0 529.951 1.65592e-07
1.21 1.4382 0 530.953 1.63265e-07
1.21 1.4382 0 531.956 1.60971e-07
1.21 1.4382 0 532.958 1.58709e-07
1.21 1.4382 0 533.961 1.56479e-07
1.21 1.4382 0 534.963 1.54281e-07
1.21 1.4382 0 535.965 1.52113e-07
1.21 1.4382 0 536.968 1.49977e-07
1.21 1.4382 0 537.97 1.4787e-07
1.21 1.4382 0 538.973 1.45794e-07
1.21 1.4382 0 539.975 1.43746e-07
1.21 1.4382 0 540.978 1.41728e-07
1.21 1.4382 0 541.98 1.39738e-07
1.21 1.4382 0 542.983 1.37776e-07
1.21 1.4382 0 543.985 1.35842e-07
1.21 1.4382 0 544.988 1.33935e-07
1.21 1.4382 0 545.99 1.32055e-07
1.21 1.4382 0 546.993 1.30202e-07
1.21 1.4382 0 547.995 1.28375e-07
1.21 1.4382 0 548.998 1.26574e-07
1.21 1.4382 0 550 1.24798e-07
