2.23 1.4382 0 150.015 2.97857e-05
2.23 1.4382 0 151.017 5.34964e-05
2.23 1.4382 0 152.02 5.43505e-05
2.23 1.4382 0 153.022 5.22369e-05
2.23 1.4382 0 154.025 5.00274e-05
2.23 1.4382 0 155.027 4.79114e-05
2.23 1.4382 0 156.03 4.58945e-05
2.23 1.4382 0 157.032 4.3971e-05
2.23 1.4382 0 158.035 4.21358e-05
2.23 1.4382 0 159.037 4.03841e-05
2.23 1.4382 0 160.04 3.87116e-05
2.23 1.4382 0 161.042 3.71143e-05
2.23 1.4382 0 162.045 3.55884e-05
2.23 1.4382 0 163.047 3.41305e-05
2.23 1.4382 0 164.05 3.27372e-05
2.23 1.4382 0 165.052 3.14054e-05
2.23 1.4382 0 166.054 3.01322e-05
2.23 1.4382 0 167.057 2.89149e-05
2.23 1.4382 0 168.059 2.77508e-05
2.23 1.4382 0 169.062 2.66373e-05
2.23 1.4382 0 170.064 2.55722e-05
2.23 1.4382 0 171.067 2.45532e-05
2.23 1.4382 0 172.069 2.35782e-05
2.23 1.4382 0 173.072 2.26451e-05
2.23 1.4382 0 174.074 2.1752e-05
2.23 1.4382 0 175.077 2.0897e-05
2.23 1.4382 0 176.079 2.00785e-05
2.23 1.4382 0 177.082 1.92948e-05
2.23 1.4382 0 178.084 1.85443e-05
2.23 1.4382 0 179.087 1.78254e-05
2.23 1.4382 0 180.089 1.71369e-05
2.23 1.4382 0 181.092 1.64772e-05
2.23 1.4382 0 182.094 1.58451e-05
2.23 1.4382 0 183.096 1.52394e-05
2.23 1.4382 0 184.099 1.46589e-05
2.23 1.4382 0 185.101 1.41025e-05
2.23 1.4382 0 186.104 1.3569e-05
2.23 1.4382 0 187.106 1.30576e-05
2.23 1.4382 0 188.109 1.25672e-05
2.23 1.4382 0 189.111 1.20968e-05
2.23 1.4382 0 190.114 1.16457e-05
2.23 1.4382 0 191.116 1.12129e-05
2.23 1.4382 0 192.119 1.07977e-05
2.23 1.4382 0 193.121 1.03993e-05
2.23 1.4382 0 194.124 1.0017e-05
2.23 1.4382 0 195.126 9.65002e-06
2.23 1.4382 0 196.129 9.29776e-06
2.23 1.4382 0 197.131 8.95956e-06
2.23 1.4382 0 198.133 8.63484e-06
2.23 1.4382 0 199.136 8.323e-06
2.23 1.4382 0 200.138 8.0235e-06
2.23 1.4382 0 201.141 7.73581e-06
2.23 1.4382 0 202.143 7.45943e-06
2.23 1.4382 0 203.146 7.19387e-06
2.23 1.4382 0 204.148 6.93868e-06
2.23 1.4382 0 205.151 6.69342e-06
2.23 1.4382 0 206.153 6.45767e-06
2.23 1.4382 0 207.156 6.23104e-06
2.23 1.4382 0 208.158 6.01314e-06
2.23 1.4382 0 209.161 5.8036e-06
2.23 1.4382 0 210.163 5.60209e-06
2.23 1.4382 0 211.166 5.40825e-06
2.23 1.4382 0 212.168 5.22179e-06
2.23 1.4382 0 213.171 5.04239e-06
2.23 1.4382 0 214.173 4.86975e-06
2.23 1.4382 0 215.175 4.70362e-06
2.23 1.4382 0 216.178 4.54371e-06
2.23 1.4382 0 217.18 4.38977e-06
2.23 1.4382 0 218.183 4.24156e-06
2.23 1.4382 0 219.185 4.09886e-06
2.23 1.4382 0 220.188 3.96142e-06
2.23 1.4382 0 221.19 3.82906e-06
2.23 1.4382 0 222.193 3.70155e-06
2.23 1.4382 0 223.195 3.5787e-06
2.23 1.4382 0 224.198 3.46033e-06
2.23 1.4382 0 225.2 3.34627e-06
2.23 1.4382 0 226.203 3.23633e-06
2.23 1.4382 0 227.205 3.13035e-06
2.23 1.4382 0 228.208 3.02819e-06
2.23 1.4382 0 229.21 2.92969e-06
2.23 1.4382 0 230.212 2.8347e-06
2.23 1.4382 0 231.215 2.74309e-06
2.23 1.4382 0 232.217 2.65472e-06
2.23 1.4382 0 233.22 2.56948e-06
2.23 1.4382 0 234.222 2.48724e-06
2.23 1.4382 0 235.225 2.40788e-06
2.23 1.4382 0 236.227 2.33129e-06
2.23 1.4382 0 237.23 2.25737e-06
2.23 1.4382 0 238.232 2.18602e-06
2.23 1.4382 0 239.235 2.11713e-06
2.23 1.4382 0 240.237 2.05062e-06
2.23 1.4382 0 241.24 1.98639e-06
2.23 1.4382 0 242.242 1.92436e-06
2.23 1.4382 0 243.245 1.86445e-06
2.23 1.4382 0 244.247 1.80657e-06
2.23 1.4382 0 245.25 1.75066e-06
2.23 1.4382 0 246.252 1.69663e-06
2.23 1.4382 0 247.254 1.64441e-06
2.23 1.4382 0 248.257 1.59395e-06
2.23 1.4382 0 249.259 1.54518e-06
2.23 1.4382 0 250.262 1.49803e-06
2.23 1.4382 0 251.264 1.45244e-06
2.23 1.4382 0 252.267 1.40836e-06
2.23 1.4382 0 253.269 1.36574e-06
2.23 1.4382 0 254.272 1.32452e-06
2.23 1.4382 0 255.274 1.28464e-06
2.23 1.4382 0 256.277 1.24607e-06
2.23 1.4382 0 257.279 1.20876e-06
2.23 1.4382 0 258.282 1.17265e-06
2.23 1.4382 0 259.284 1.13771e-06
2.23 1.4382 0 260.287 1.1039e-06
2.23 1.4382 0 261.289 1.07117e-06
2.23 1.4382 0 262.291 1.0395e-06
2.23 1.4382 0 263.294 1.00883e-06
2.23 1.4382 0 264.296 9.79142e-07
2.23 1.4382 0 265.299 9.50394e-07
2.23 1.4382 0 266.301 9.22556e-07
2.23 1.4382 0 267.304 8.95596e-07
2.23 1.4382 0 268.306 8.69484e-07
2.23 1.4382 0 269.309 8.44191e-07
2.23 1.4382 0 270.311 8.19688e-07
2.23 1.4382 0 271.314 7.95949e-07
2.23 1.4382 0 272.316 7.72947e-07
2.23 1.4382 0 273.319 7.50659e-07
2.23 1.4382 0 274.321 7.29059e-07
2.23 1.4382 0 275.324 7.08125e-07
2.23 1.4382 0 276.326 6.87834e-07
2.23 1.4382 0 277.329 6.68165e-07
2.23 1.4382 0 278.331 6.49097e-07
2.23 1.4382 0 279.333 6.3061e-07
2.23 1.4382 0 280.336 6.12685e-07
2.23 1.4382 0 281.338 5.95303e-07
2.23 1.4382 0 282.341 5.78447e-07
2.23 1.4382 0 283.343 5.62099e-07
2.23 1.4382 0 284.346 5.46242e-07
2.23 1.4382 0 285.348 5.30861e-07
2.23 1.4382 0 286.351 5.15941e-07
2.23 1.4382 0 287.353 5.01466e-07
2.23 1.4382 0 288.356 4.87421e-07
2.23 1.4382 0 289.358 4.73794e-07
2.23 1.4382 0 290.361 4.60571e-07
2.23 1.4382 0 291.363 4.47738e-07
2.23 1.4382 0 292.366 4.35284e-07
2.23 1.4382 0 293.368 4.23196e-07
2.23 1.4382 0 294.37 4.11463e-07
2.23 1.4382 0 295.373 4.00074e-07
2.23 1.4382 0 296.375 3.89017e-07
2.23 1.4382 0 297.378 3.78283e-07
2.23 1.4382 0 298.38 3.6786e-07
2.23 1.4382 0 299.383 3.57741e-07
2.23 1.4382 0 300.385 3.47914e-07
2.23 1.4382 0 301.388 3.38371e-07
2.23 1.4382 0 302.39 3.29104e-07
2.23 1.4382 0 303.393 3.20103e-07
2.23 1.4382 0 304.395 3.1136e-07
2.23 1.4382 0 305.398 3.02869e-07
2.23 1.4382 0 306.4 2.9462e-07
2.23 1.4382 0 307.403 2.86606e-07
2.23 1.4382 0 308.405 2.78821e-07
2.23 1.4382 0 309.408 2.71257e-07
2.23 1.4382 0 310.41 2.63908e-07
2.23 1.4382 0 311.412 2.56767e-07
2.23 1.4382 0 312.415 2.49828e-07
2.23 1.4382 0 313.417 2.43085e-07
2.23 1.4382 0 314.42 2.36532e-07
2.23 1.4382 0 315.422 2.30163e-07
2.23 1.4382 0 316.425 2.23973e-07
2.23 1.4382 0 317.427 2.17956e-07
2.23 1.4382 0 318.43 2.12108e-07
2.23 1.4382 0 319.432 2.06423e-07
2.23 1.4382 0 320.435 2.00897e-07
2.23 1.4382 0 321.437 1.95524e-07
2.23 1.4382 0 322.44 1.90301e-07
2.23 1.4382 0 323.442 1.85222e-07
2.23 1.4382 0 324.445 1.80285e-07
2.23 1.4382 0 325.447 1.75484e-07
2.23 1.4382 0 326.449 1.70815e-07
2.23 1.4382 0 327.452 1.66275e-07
2.23 1.4382 0 328.454 1.61861e-07
2.23 1.4382 0 329.457 1.57567e-07
2.23 1.4382 0 330.459 1.53392e-07
2.23 1.4382 0 331.462 1.49331e-07
2.23 1.4382 0 332.464 1.45381e-07
2.23 1.4382 0 333.467 1.4154e-07
2.23 1.4382 0 334.469 1.37803e-07
2.23 1.4382 0 335.472 1.34168e-07
2.23 1.4382 0 336.474 1.30632e-07
2.23 1.4382 0 337.477 1.27192e-07
2.23 1.4382 0 338.479 1.23845e-07
2.23 1.4382 0 339.482 1.2059e-07
2.23 1.4382 0 340.484 1.17422e-07
2.23 1.4382 0 341.487 1.14341e-07
2.23 1.4382 0 342.489 1.11342e-07
2.23 1.4382 0 343.491 1.08425e-07
2.23 1.4382 0 344.494 1.05586e-07
2.23 1.4382 0 345.496 1.02824e-07
2.23 1.4382 0 346.499 1.00135e-07
2.23 1.4382 0 347.501 9.75196e-08
2.23 1.4382 0 348.504 9.4974e-08
2.23 1.4382 0 349.506 9.24966e-08
2.23 1.4382 0 350.509 9.00855e-08
2.23 1.4382 0 351.511 8.7739e-08
2.23 1.4382 0 352.514 8.54551e-08
2.23 1.4382 0 353.516 8.32323e-08
2.23 1.4382 0 354.519 8.10687e-08
2.23 1.4382 0 355.521 7.89627e-08
2.23 1.4382 0 356.524 7.69128e-08
2.23 1.4382 0 357.526 7.49174e-08
2.23 1.4382 0 358.528 7.2975e-08
2.23 1.4382 0 359.531 7.10842e-08
2.23 1.4382 0 360.533 6.92435e-08
2.23 1.4382 0 361.536 6.74515e-08
2.23 1.4382 0 362.538 6.5707e-08
2.23 1.4382 0 363.541 6.40086e-08
2.23 1.4382 0 364.543 6.23551e-08
2.23 1.4382 0 365.546 6.07452e-08
2.23 1.4382 0 366.548 5.91778e-08
2.23 1.4382 0 367.551 5.76516e-08
2.23 1.4382 0 368.553 5.61657e-08
2.23 1.4382 0 369.556 5.47188e-08
2.23 1.4382 0 370.558 5.331e-08
2.23 1.4382 0 371.561 5.19382e-08
2.23 1.4382 0 372.563 5.06024e-08
2.23 1.4382 0 373.566 4.93016e-08
2.23 1.4382 0 374.568 4.80349e-08
2.23 1.4382 0 375.57 4.68013e-08
2.23 1.4382 0 376.573 4.56001e-08
2.23 1.4382 0 377.575 4.44302e-08
2.23 1.4382 0 378.578 4.32909e-08
2.23 1.4382 0 379.58 4.21813e-08
2.23 1.4382 0 380.583 4.11007e-08
2.23 1.4382 0 381.585 4.00483e-08
2.23 1.4382 0 382.588 3.90233e-08
2.23 1.4382 0 383.59 3.8025e-08
2.23 1.4382 0 384.593 3.70526e-08
2.23 1.4382 0 385.595 3.61055e-08
2.23 1.4382 0 386.598 3.51831e-08
2.23 1.4382 0 387.6 3.42846e-08
2.23 1.4382 0 388.603 3.34094e-08
2.23 1.4382 0 389.605 3.25569e-08
2.23 1.4382 0 390.607 3.17265e-08
2.23 1.4382 0 391.61 3.09176e-08
2.23 1.4382 0 392.612 3.01297e-08
2.23 1.4382 0 393.615 2.93621e-08
2.23 1.4382 0 394.617 2.86144e-08
2.23 1.4382 0 395.62 2.7886e-08
2.23 1.4382 0 396.622 2.71764e-08
2.23 1.4382 0 397.625 2.64852e-08
2.23 1.4382 0 398.627 2.58117e-08
2.23 1.4382 0 399.63 2.51557e-08
2.23 1.4382 0 400.632 2.45165e-08
2.23 1.4382 0 401.635 2.38939e-08
2.23 1.4382 0 402.637 2.32872e-08
2.23 1.4382 0 403.64 2.26962e-08
2.23 1.4382 0 404.642 2.21203e-08
2.23 1.4382 0 405.645 2.15593e-08
2.23 1.4382 0 406.647 2.10127e-08
2.23 1.4382 0 407.649 2.04801e-08
2.23 1.4382 0 408.652 1.99612e-08
2.23 1.4382 0 409.654 1.94556e-08
2.23 1.4382 0 410.657 1.89629e-08
2.23 1.4382 0 411.659 1.84829e-08
2.23 1.4382 0 412.662 1.80152e-08
2.23 1.4382 0 413.664 1.75595e-08
2.23 1.4382 0 414.667 1.71154e-08
2.23 1.4382 0 415.669 1.66827e-08
2.23 1.4382 0 416.672 1.62611e-08
2.23 1.4382 0 417.674 1.58502e-08
2.23 1.4382 0 418.677 1.54499e-08
2.23 1.4382 0 419.679 1.50597e-08
2.23 1.4382 0 420.682 1.46796e-08
2.23 1.4382 0 421.684 1.43091e-08
2.23 1.4382 0 422.686 1.39481e-08
2.23 1.4382 0 423.689 1.35963e-08
2.23 1.4382 0 424.691 1.32535e-08
2.23 1.4382 0 425.694 1.29194e-08
2.23 1.4382 0 426.696 1.25938e-08
2.23 1.4382 0 427.699 1.22765e-08
2.23 1.4382 0 428.701 1.19673e-08
2.23 1.4382 0 429.704 1.16659e-08
2.23 1.4382 0 430.706 1.13722e-08
2.23 1.4382 0 431.709 1.1086e-08
2.23 1.4382 0 432.711 1.0807e-08
2.23 1.4382 0 433.714 1.05352e-08
2.23 1.4382 0 434.716 1.02702e-08
2.23 1.4382 0 435.719 1.0012e-08
2.23 1.4382 0 436.721 9.76032e-09
2.23 1.4382 0 437.724 9.51503e-09
2.23 1.4382 0 438.726 9.27597e-09
2.23 1.4382 0 439.728 9.04296e-09
2.23 1.4382 0 440.731 8.81586e-09
2.23 1.4382 0 441.733 8.59452e-09
2.23 1.4382 0 442.736 8.37878e-09
2.23 1.4382 0 443.738 8.16851e-09
2.23 1.4382 0 444.741 7.96356e-09
2.23 1.4382 0 445.743 7.7638e-09
2.23 1.4382 0 446.746 7.56909e-09
2.23 1.4382 0 447.748 7.37931e-09
2.23 1.4382 0 448.751 7.19432e-09
2.23 1.4382 0 449.753 7.01402e-09
2.23 1.4382 0 450.756 6.83826e-09
2.23 1.4382 0 451.758 6.66695e-09
2.23 1.4382 0 452.761 6.49997e-09
2.23 1.4382 0 453.763 6.3372e-09
2.23 1.4382 0 454.765 6.17854e-09
2.23 1.4382 0 455.768 6.02388e-09
2.23 1.4382 0 456.77 5.87313e-09
2.23 1.4382 0 457.773 5.72618e-09
2.23 1.4382 0 458.775 5.58293e-09
2.23 1.4382 0 459.778 5.44329e-09
2.23 1.4382 0 460.78 5.30718e-09
2.23 1.4382 0 461.783 5.17449e-09
2.23 1.4382 0 462.785 5.04514e-09
2.23 1.4382 0 463.788 4.91906e-09
2.23 1.4382 0 464.79 4.79614e-09
2.23 1.4382 0 465.793 4.67632e-09
2.23 1.4382 0 466.795 4.55952e-09
2.23 1.4382 0 467.798 4.44565e-09
2.23 1.4382 0 468.8 4.33465e-09
2.23 1.4382 0 469.803 4.22644e-09
2.23 1.4382 0 470.805 4.12095e-09
2.23 1.4382 0 471.807 4.01811e-09
2.23 1.4382 0 472.81 3.91785e-09
2.23 1.4382 0 473.812 3.82012e-09
2.23 1.4382 0 474.815 3.72483e-09
2.23 1.4382 0 475.817 3.63195e-09
2.23 1.4382 0 476.82 3.54139e-09
2.23 1.4382 0 477.822 3.4531e-09
2.23 1.4382 0 478.825 3.36703e-09
2.23 1.4382 0 479.827 3.28312e-09
2.23 1.4382 0 480.83 3.20132e-09
2.23 1.4382 0 481.832 3.12157e-09
2.23 1.4382 0 482.835 3.04381e-09
2.23 1.4382 0 483.837 2.96801e-09
2.23 1.4382 0 484.84 2.8941e-09
2.23 1.4382 0 485.842 2.82205e-09
2.23 1.4382 0 486.844 2.7518e-09
2.23 1.4382 0 487.847 2.68331e-09
2.23 1.4382 0 488.849 2.61654e-09
2.23 1.4382 0 489.852 2.55143e-09
2.23 1.4382 0 490.854 2.48796e-09
2.23 1.4382 0 491.857 2.42608e-09
2.23 1.4382 0 492.859 2.36574e-09
2.23 1.4382 0 493.862 2.30692e-09
2.23 1.4382 0 494.864 2.24956e-09
2.23 1.4382 0 495.867 2.19364e-09
2.23 1.4382 0 496.869 2.13912e-09
2.23 1.4382 0 497.872 2.08596e-09
2.23 1.4382 0 498.874 2.03413e-09
2.23 1.4382 0 499.877 1.98359e-09
2.23 1.4382 0 500.879 1.93432e-09
2.23 1.4382 0 501.882 1.88628e-09
2.23 1.4382 0 502.884 1.83943e-09
2.23 1.4382 0 503.886 1.79376e-09
2.23 1.4382 0 504.889 1.74923e-09
2.23 1.4382 0 505.891 1.70581e-09
2.23 1.4382 0 506.894 1.66347e-09
2.23 1.4382 0 507.896 1.62219e-09
2.23 1.4382 0 508.899 1.58194e-09
2.23 1.4382 0 509.901 1.54269e-09
2.23 1.4382 0 510.904 1.50442e-09
2.23 1.4382 0 511.906 1.46711e-09
2.23 1.4382 0 512.909 1.43073e-09
2.23 1.4382 0 513.911 1.39525e-09
2.23 1.4382 0 514.914 1.36066e-09
2.23 1.4382 0 515.916 1.32693e-09
2.23 1.4382 0 516.919 1.29404e-09
2.23 1.4382 0 517.921 1.26197e-09
2.23 1.4382 0 518.923 1.2307e-09
2.23 1.4382 0 519.926 1.2002e-09
2.23 1.4382 0 520.928 1.17047e-09
2.23 1.4382 0 521.931 1.14148e-09
2.23 1.4382 0 522.933 1.11321e-09
2.23 1.4382 0 523.936 1.08564e-09
2.23 1.4382 0 524.938 1.05876e-09
2.23 1.4382 0 525.941 1.03254e-09
2.23 1.4382 0 526.943 1.00698e-09
2.23 1.4382 0 527.946 9.82057e-10
2.23 1.4382 0 528.948 9.57751e-10
2.23 1.4382 0 529.951 9.34051e-10
2.23 1.4382 0 530.953 9.10939e-10
2.23 1.4382 0 531.956 8.88402e-10
2.23 1.4382 0 532.958 8.66425e-10
2.23 1.4382 0 533.961 8.44995e-10
2.23 1.4382 0 534.963 8.24096e-10
2.23 1.4382 0 535.965 8.03717e-10
2.23 1.4382 0 536.968 7.83845e-10
2.23 1.4382 0 537.97 7.64466e-10
2.23 1.4382 0 538.973 7.45568e-10
2.23 1.4382 0 539.975 7.27139e-10
2.23 1.4382 0 540.978 7.09168e-10
2.23 1.4382 0 541.98 6.91643e-10
2.23 1.4382 0 542.983 6.74554e-10
2.23 1.4382 0 543.985 6.57888e-10
2.23 1.4382 0 544.988 6.41636e-10
2.23 1.4382 0 545.99 6.25787e-10
2.23 1.4382 0 546.993 6.10331e-10
2.23 1.4382 0 547.995 5.95258e-10
2.23 1.4382 0 548.998 5.8056e-10
2.23 1.4382 0 550 5.66226e-10
