2.06 1.4382 0 150.015 8.69807e-06
2.06 1.4382 0 151.017 1.50761e-05
2.06 1.4382 0 152.02 1.57977e-05
2.06 1.4382 0 153.022 1.52424e-05
2.06 1.4382 0 154.025 1.4572e-05
2.06 1.4382 0 155.027 1.39227e-05
2.06 1.4382 0 156.03 1.33061e-05
2.06 1.4382 0 157.032 1.27207e-05
2.06 1.4382 0 158.035 1.21645e-05
2.06 1.4382 0 159.037 1.16356e-05
2.06 1.4382 0 160.04 1.11323e-05
2.06 1.4382 0 161.042 1.0653e-05
2.06 1.4382 0 162.045 1.01965e-05
2.06 1.4382 0 163.047 9.76152e-06
2.06 1.4382 0 164.05 9.34687e-06
2.06 1.4382 0 165.052 8.95149e-06
2.06 1.4382 0 166.054 8.57439e-06
2.06 1.4382 0 167.057 8.21463e-06
2.06 1.4382 0 168.059 7.87133e-06
2.06 1.4382 0 169.062 7.54367e-06
2.06 1.4382 0 170.064 7.23086e-06
2.06 1.4382 0 171.067 6.93217e-06
2.06 1.4382 0 172.069 6.64691e-06
2.06 1.4382 0 173.072 6.37442e-06
2.06 1.4382 0 174.074 6.11407e-06
2.06 1.4382 0 175.077 5.86529e-06
2.06 1.4382 0 176.079 5.62751e-06
2.06 1.4382 0 177.082 5.40021e-06
2.06 1.4382 0 178.084 5.18289e-06
2.06 1.4382 0 179.087 4.97508e-06
2.06 1.4382 0 180.089 4.77632e-06
2.06 1.4382 0 181.092 4.58619e-06
2.06 1.4382 0 182.094 4.40429e-06
2.06 1.4382 0 183.096 4.23023e-06
2.06 1.4382 0 184.099 4.06365e-06
2.06 1.4382 0 185.101 3.9042e-06
2.06 1.4382 0 186.104 3.75155e-06
2.06 1.4382 0 187.106 3.60539e-06
2.06 1.4382 0 188.109 3.46543e-06
2.06 1.4382 0 189.111 3.33137e-06
2.06 1.4382 0 190.114 3.20295e-06
2.06 1.4382 0 191.116 3.07992e-06
2.06 1.4382 0 192.119 2.96203e-06
2.06 1.4382 0 193.121 2.84905e-06
2.06 1.4382 0 194.124 2.74075e-06
2.06 1.4382 0 195.126 2.63694e-06
2.06 1.4382 0 196.129 2.53741e-06
2.06 1.4382 0 197.131 2.44197e-06
2.06 1.4382 0 198.133 2.35044e-06
2.06 1.4382 0 199.136 2.26264e-06
2.06 1.4382 0 200.138 2.17841e-06
2.06 1.4382 0 201.141 2.0976e-06
2.06 1.4382 0 202.143 2.02006e-06
2.06 1.4382 0 203.146 1.94564e-06
2.06 1.4382 0 204.148 1.8742e-06
2.06 1.4382 0 205.151 1.80563e-06
2.06 1.4382 0 206.153 1.73979e-06
2.06 1.4382 0 207.156 1.67657e-06
2.06 1.4382 0 208.158 1.61585e-06
2.06 1.4382 0 209.161 1.55753e-06
2.06 1.4382 0 210.163 1.5015e-06
2.06 1.4382 0 211.166 1.44768e-06
2.06 1.4382 0 212.168 1.39596e-06
2.06 1.4382 0 213.171 1.34625e-06
2.06 1.4382 0 214.173 1.29848e-06
2.06 1.4382 0 215.175 1.25256e-06
2.06 1.4382 0 216.178 1.20841e-06
2.06 1.4382 0 217.18 1.16595e-06
2.06 1.4382 0 218.183 1.12513e-06
2.06 1.4382 0 219.185 1.08587e-06
2.06 1.4382 0 220.188 1.0481e-06
2.06 1.4382 0 221.19 1.01177e-06
2.06 1.4382 0 222.193 9.76809e-07
2.06 1.4382 0 223.195 9.43171e-07
2.06 1.4382 0 224.198 9.10798e-07
2.06 1.4382 0 225.2 8.79639e-07
2.06 1.4382 0 226.203 8.49644e-07
2.06 1.4382 0 227.205 8.20767e-07
2.06 1.4382 0 228.208 7.92962e-07
2.06 1.4382 0 229.21 7.66186e-07
2.06 1.4382 0 230.212 7.40398e-07
2.06 1.4382 0 231.215 7.15559e-07
2.06 1.4382 0 232.217 6.9163e-07
2.06 1.4382 0 233.22 6.68575e-07
2.06 1.4382 0 234.222 6.4636e-07
2.06 1.4382 0 235.225 6.24952e-07
2.06 1.4382 0 236.227 6.04319e-07
2.06 1.4382 0 237.23 5.8443e-07
2.06 1.4382 0 238.232 5.65256e-07
2.06 1.4382 0 239.235 5.4677e-07
2.06 1.4382 0 240.237 5.28944e-07
2.06 1.4382 0 241.24 5.11754e-07
2.06 1.4382 0 242.242 4.95173e-07
2.06 1.4382 0 243.245 4.7918e-07
2.06 1.4382 0 244.247 4.63751e-07
2.06 1.4382 0 245.25 4.48865e-07
2.06 1.4382 0 246.252 4.345e-07
2.06 1.4382 0 247.254 4.20638e-07
2.06 1.4382 0 248.257 4.07259e-07
2.06 1.4382 0 249.259 3.94344e-07
2.06 1.4382 0 250.262 3.81877e-07
2.06 1.4382 0 251.264 3.6984e-07
2.06 1.4382 0 252.267 3.58217e-07
2.06 1.4382 0 253.269 3.46993e-07
2.06 1.4382 0 254.272 3.36153e-07
2.06 1.4382 0 255.274 3.25682e-07
2.06 1.4382 0 256.277 3.15567e-07
2.06 1.4382 0 257.279 3.05795e-07
2.06 1.4382 0 258.282 2.96353e-07
2.06 1.4382 0 259.284 2.87229e-07
2.06 1.4382 0 260.287 2.78411e-07
2.06 1.4382 0 261.289 2.69888e-07
2.06 1.4382 0 262.291 2.61649e-07
2.06 1.4382 0 263.294 2.53685e-07
2.06 1.4382 0 264.296 2.45985e-07
2.06 1.4382 0 265.299 2.38539e-07
2.06 1.4382 0 266.301 2.31339e-07
2.06 1.4382 0 267.304 2.24375e-07
2.06 1.4382 0 268.306 2.17639e-07
2.06 1.4382 0 269.309 2.11124e-07
2.06 1.4382 0 270.311 2.0482e-07
2.06 1.4382 0 271.314 1.98722e-07
2.06 1.4382 0 272.316 1.9282e-07
2.06 1.4382 0 273.319 1.8711e-07
2.06 1.4382 0 274.321 1.81583e-07
2.06 1.4382 0 275.324 1.76233e-07
2.06 1.4382 0 276.326 1.71055e-07
2.06 1.4382 0 277.329 1.66041e-07
2.06 1.4382 0 278.331 1.61187e-07
2.06 1.4382 0 279.333 1.56488e-07
2.06 1.4382 0 280.336 1.51936e-07
2.06 1.4382 0 281.338 1.47528e-07
2.06 1.4382 0 282.341 1.43259e-07
2.06 1.4382 0 283.343 1.39124e-07
2.06 1.4382 0 284.346 1.35118e-07
2.06 1.4382 0 285.348 1.31237e-07
2.06 1.4382 0 286.351 1.27476e-07
2.06 1.4382 0 287.353 1.23832e-07
2.06 1.4382 0 288.356 1.20301e-07
2.06 1.4382 0 289.358 1.16879e-07
2.06 1.4382 0 290.361 1.13562e-07
2.06 1.4382 0 291.363 1.10346e-07
2.06 1.4382 0 292.366 1.07229e-07
2.06 1.4382 0 293.368 1.04207e-07
2.06 1.4382 0 294.37 1.01277e-07
2.06 1.4382 0 295.373 9.84352e-08
2.06 1.4382 0 296.375 9.56798e-08
2.06 1.4382 0 297.378 9.30074e-08
2.06 1.4382 0 298.38 9.04155e-08
2.06 1.4382 0 299.383 8.79013e-08
2.06 1.4382 0 300.385 8.54624e-08
2.06 1.4382 0 301.388 8.30963e-08
2.06 1.4382 0 302.39 8.08006e-08
2.06 1.4382 0 303.393 7.8573e-08
2.06 1.4382 0 304.395 7.64114e-08
2.06 1.4382 0 305.398 7.43137e-08
2.06 1.4382 0 306.4 7.22778e-08
2.06 1.4382 0 307.403 7.03018e-08
2.06 1.4382 0 308.405 6.83836e-08
2.06 1.4382 0 309.408 6.65216e-08
2.06 1.4382 0 310.41 6.47138e-08
2.06 1.4382 0 311.412 6.29587e-08
2.06 1.4382 0 312.415 6.12546e-08
2.06 1.4382 0 313.417 5.95997e-08
2.06 1.4382 0 314.42 5.79927e-08
2.06 1.4382 0 315.422 5.6432e-08
2.06 1.4382 0 316.425 5.49162e-08
2.06 1.4382 0 317.427 5.34438e-08
2.06 1.4382 0 318.43 5.20136e-08
2.06 1.4382 0 319.432 5.06242e-08
2.06 1.4382 0 320.435 4.92744e-08
2.06 1.4382 0 321.437 4.79629e-08
2.06 1.4382 0 322.44 4.66886e-08
2.06 1.4382 0 323.442 4.54504e-08
2.06 1.4382 0 324.445 4.42471e-08
2.06 1.4382 0 325.447 4.30777e-08
2.06 1.4382 0 326.449 4.19411e-08
2.06 1.4382 0 327.452 4.08364e-08
2.06 1.4382 0 328.454 3.97627e-08
2.06 1.4382 0 329.457 3.87189e-08
2.06 1.4382 0 330.459 3.77041e-08
2.06 1.4382 0 331.462 3.67176e-08
2.06 1.4382 0 332.464 3.57585e-08
2.06 1.4382 0 333.467 3.48258e-08
2.06 1.4382 0 334.469 3.3919e-08
2.06 1.4382 0 335.472 3.30371e-08
2.06 1.4382 0 336.474 3.21795e-08
2.06 1.4382 0 337.477 3.13455e-08
2.06 1.4382 0 338.479 3.05343e-08
2.06 1.4382 0 339.482 2.97453e-08
2.06 1.4382 0 340.484 2.89778e-08
2.06 1.4382 0 341.487 2.82312e-08
2.06 1.4382 0 342.489 2.75049e-08
2.06 1.4382 0 343.491 2.67983e-08
2.06 1.4382 0 344.494 2.61108e-08
2.06 1.4382 0 345.496 2.5442e-08
2.06 1.4382 0 346.499 2.47911e-08
2.06 1.4382 0 347.501 2.41578e-08
2.06 1.4382 0 348.504 2.35415e-08
2.06 1.4382 0 349.506 2.29418e-08
2.06 1.4382 0 350.509 2.23581e-08
2.06 1.4382 0 351.511 2.179e-08
2.06 1.4382 0 352.514 2.1237e-08
2.06 1.4382 0 353.516 2.06988e-08
2.06 1.4382 0 354.519 2.01749e-08
2.06 1.4382 0 355.521 1.96649e-08
2.06 1.4382 0 356.524 1.91684e-08
2.06 1.4382 0 357.526 1.86851e-08
2.06 1.4382 0 358.528 1.82145e-08
2.06 1.4382 0 359.531 1.77563e-08
2.06 1.4382 0 360.533 1.73102e-08
2.06 1.4382 0 361.536 1.68758e-08
2.06 1.4382 0 362.538 1.64528e-08
2.06 1.4382 0 363.541 1.60409e-08
2.06 1.4382 0 364.543 1.56398e-08
2.06 1.4382 0 365.546 1.52491e-08
2.06 1.4382 0 366.548 1.48686e-08
2.06 1.4382 0 367.551 1.4498e-08
2.06 1.4382 0 368.553 1.41371e-08
2.06 1.4382 0 369.556 1.37855e-08
2.06 1.4382 0 370.558 1.3443e-08
2.06 1.4382 0 371.561 1.31094e-08
2.06 1.4382 0 372.563 1.27844e-08
2.06 1.4382 0 373.566 1.24678e-08
2.06 1.4382 0 374.568 1.21594e-08
2.06 1.4382 0 375.57 1.18589e-08
2.06 1.4382 0 376.573 1.15661e-08
2.06 1.4382 0 377.575 1.12808e-08
2.06 1.4382 0 378.578 1.10028e-08
2.06 1.4382 0 379.58 1.0732e-08
2.06 1.4382 0 380.583 1.0468e-08
2.06 1.4382 0 381.585 1.02108e-08
2.06 1.4382 0 382.588 9.96016e-09
2.06 1.4382 0 383.59 9.71588e-09
2.06 1.4382 0 384.593 9.47782e-09
2.06 1.4382 0 385.595 9.24579e-09
2.06 1.4382 0 386.598 9.01965e-09
2.06 1.4382 0 387.6 8.79923e-09
2.06 1.4382 0 388.603 8.58439e-09
2.06 1.4382 0 389.605 8.37498e-09
2.06 1.4382 0 390.607 8.17084e-09
2.06 1.4382 0 391.61 7.97185e-09
2.06 1.4382 0 392.612 7.77787e-09
2.06 1.4382 0 393.615 7.58876e-09
2.06 1.4382 0 394.617 7.40441e-09
2.06 1.4382 0 395.62 7.22467e-09
2.06 1.4382 0 396.622 7.04944e-09
2.06 1.4382 0 397.625 6.87859e-09
2.06 1.4382 0 398.627 6.71201e-09
2.06 1.4382 0 399.63 6.54959e-09
2.06 1.4382 0 400.632 6.39123e-09
2.06 1.4382 0 401.635 6.2368e-09
2.06 1.4382 0 402.637 6.08622e-09
2.06 1.4382 0 403.64 5.93939e-09
2.06 1.4382 0 404.642 5.7962e-09
2.06 1.4382 0 405.645 5.65656e-09
2.06 1.4382 0 406.647 5.52038e-09
2.06 1.4382 0 407.649 5.38758e-09
2.06 1.4382 0 408.652 5.25806e-09
2.06 1.4382 0 409.654 5.13174e-09
2.06 1.4382 0 410.657 5.00854e-09
2.06 1.4382 0 411.659 4.88837e-09
2.06 1.4382 0 412.662 4.77117e-09
2.06 1.4382 0 413.664 4.65685e-09
2.06 1.4382 0 414.667 4.54535e-09
2.06 1.4382 0 415.669 4.43658e-09
2.06 1.4382 0 416.672 4.33048e-09
2.06 1.4382 0 417.674 4.22699e-09
2.06 1.4382 0 418.677 4.12603e-09
2.06 1.4382 0 419.679 4.02754e-09
2.06 1.4382 0 420.682 3.93146e-09
2.06 1.4382 0 421.684 3.83773e-09
2.06 1.4382 0 422.686 3.74629e-09
2.06 1.4382 0 423.689 3.65708e-09
2.06 1.4382 0 424.691 3.57004e-09
2.06 1.4382 0 425.694 3.48513e-09
2.06 1.4382 0 426.696 3.40228e-09
2.06 1.4382 0 427.699 3.32144e-09
2.06 1.4382 0 428.701 3.24257e-09
2.06 1.4382 0 429.704 3.16562e-09
2.06 1.4382 0 430.706 3.09053e-09
2.06 1.4382 0 431.709 3.01726e-09
2.06 1.4382 0 432.711 2.94576e-09
2.06 1.4382 0 433.714 2.876e-09
2.06 1.4382 0 434.716 2.80792e-09
2.06 1.4382 0 435.719 2.74149e-09
2.06 1.4382 0 436.721 2.67667e-09
2.06 1.4382 0 437.724 2.61341e-09
2.06 1.4382 0 438.726 2.55167e-09
2.06 1.4382 0 439.728 2.49142e-09
2.06 1.4382 0 440.731 2.43262e-09
2.06 1.4382 0 441.733 2.37524e-09
2.06 1.4382 0 442.736 2.31924e-09
2.06 1.4382 0 443.738 2.26458e-09
2.06 1.4382 0 444.741 2.21124e-09
2.06 1.4382 0 445.743 2.15918e-09
2.06 1.4382 0 446.746 2.10836e-09
2.06 1.4382 0 447.748 2.05877e-09
2.06 1.4382 0 448.751 2.01036e-09
2.06 1.4382 0 449.753 1.96311e-09
2.06 1.4382 0 450.756 1.91699e-09
2.06 1.4382 0 451.758 1.87197e-09
2.06 1.4382 0 452.761 1.82803e-09
2.06 1.4382 0 453.763 1.78514e-09
2.06 1.4382 0 454.765 1.74328e-09
2.06 1.4382 0 455.768 1.70241e-09
2.06 1.4382 0 456.77 1.66251e-09
2.06 1.4382 0 457.773 1.62357e-09
2.06 1.4382 0 458.775 1.58555e-09
2.06 1.4382 0 459.778 1.54844e-09
2.06 1.4382 0 460.78 1.51221e-09
2.06 1.4382 0 461.783 1.47684e-09
2.06 1.4382 0 462.785 1.44232e-09
2.06 1.4382 0 463.788 1.40861e-09
2.06 1.4382 0 464.79 1.3757e-09
2.06 1.4382 0 465.793 1.34358e-09
2.06 1.4382 0 466.795 1.31221e-09
2.06 1.4382 0 467.798 1.28159e-09
2.06 1.4382 0 468.8 1.25169e-09
2.06 1.4382 0 469.803 1.2225e-09
2.06 1.4382 0 470.805 1.194e-09
2.06 1.4382 0 471.807 1.16618e-09
2.06 1.4382 0 472.81 1.13901e-09
2.06 1.4382 0 473.812 1.11249e-09
2.06 1.4382 0 474.815 1.08659e-09
2.06 1.4382 0 475.817 1.0613e-09
2.06 1.4382 0 476.82 1.03661e-09
2.06 1.4382 0 477.822 1.0125e-09
2.06 1.4382 0 478.825 9.88965e-10
2.06 1.4382 0 479.827 9.6598e-10
2.06 1.4382 0 480.83 9.43536e-10
2.06 1.4382 0 481.832 9.2162e-10
2.06 1.4382 0 482.835 9.0022e-10
2.06 1.4382 0 483.837 8.79323e-10
2.06 1.4382 0 484.84 8.58918e-10
2.06 1.4382 0 485.842 8.38992e-10
2.06 1.4382 0 486.844 8.19534e-10
2.06 1.4382 0 487.847 8.00533e-10
2.06 1.4382 0 488.849 7.81978e-10
2.06 1.4382 0 489.852 7.63858e-10
2.06 1.4382 0 490.854 7.46163e-10
2.06 1.4382 0 491.857 7.28883e-10
2.06 1.4382 0 492.859 7.12008e-10
2.06 1.4382 0 493.862 6.95528e-10
2.06 1.4382 0 494.864 6.79434e-10
2.06 1.4382 0 495.867 6.63716e-10
2.06 1.4382 0 496.869 6.48367e-10
2.06 1.4382 0 497.872 6.33376e-10
2.06 1.4382 0 498.874 6.18736e-10
2.06 1.4382 0 499.877 6.04437e-10
2.06 1.4382 0 500.879 5.90473e-10
2.06 1.4382 0 501.882 5.76835e-10
2.06 1.4382 0 502.884 5.63516e-10
2.06 1.4382 0 503.886 5.50507e-10
2.06 1.4382 0 504.889 5.37802e-10
2.06 1.4382 0 505.891 5.25393e-10
2.06 1.4382 0 506.894 5.13273e-10
2.06 1.4382 0 507.896 5.01436e-10
2.06 1.4382 0 508.899 4.89874e-10
2.06 1.4382 0 509.901 4.78582e-10
2.06 1.4382 0 510.904 4.67552e-10
2.06 1.4382 0 511.906 4.5678e-10
2.06 1.4382 0 512.909 4.46258e-10
2.06 1.4382 0 513.911 4.3598e-10
2.06 1.4382 0 514.914 4.25942e-10
2.06 1.4382 0 515.916 4.16137e-10
2.06 1.4382 0 516.919 4.0656e-10
2.06 1.4382 0 517.921 3.97205e-10
2.06 1.4382 0 518.923 3.88068e-10
2.06 1.4382 0 519.926 3.79142e-10
2.06 1.4382 0 520.928 3.70424e-10
2.06 1.4382 0 521.931 3.61908e-10
2.06 1.4382 0 522.933 3.5359e-10
2.06 1.4382 0 523.936 3.45464e-10
2.06 1.4382 0 524.938 3.37527e-10
2.06 1.4382 0 525.941 3.29774e-10
2.06 1.4382 0 526.943 3.22201e-10
2.06 1.4382 0 527.946 3.14802e-10
2.06 1.4382 0 528.948 3.07576e-10
2.06 1.4382 0 529.951 3.00516e-10
2.06 1.4382 0 530.953 2.9362e-10
2.06 1.4382 0 531.956 2.86883e-10
2.06 1.4382 0 532.958 2.80303e-10
2.06 1.4382 0 533.961 2.73874e-10
2.06 1.4382 0 534.963 2.67594e-10
2.06 1.4382 0 535.965 2.6146e-10
2.06 1.4382 0 536.968 2.55467e-10
2.06 1.4382 0 537.97 2.49612e-10
2.06 1.4382 0 538.973 2.43893e-10
2.06 1.4382 0 539.975 2.38305e-10
2.06 1.4382 0 540.978 2.32847e-10
2.06 1.4382 0 541.98 2.27515e-10
2.06 1.4382 0 542.983 2.22305e-10
2.06 1.4382 0 543.985 2.17216e-10
2.06 1.4382 0 544.988 2.12245e-10
2.06 1.4382 0 545.99 2.07387e-10
2.06 1.4382 0 546.993 2.02642e-10
2.06 1.4382 0 547.995 1.98007e-10
2.06 1.4382 0 548.998 1.93478e-10
2.06 1.4382 0 550 1.89053e-10
