2.68 1.4382 0 150.015 1.84248e-05
2.68 1.4382 0 151.017 3.16676e-05
2.68 1.4382 0 152.02 3.27052e-05
2.68 1.4382 0 153.022 3.10655e-05
2.68 1.4382 0 154.025 2.92415e-05
2.68 1.4382 0 155.027 2.75173e-05
2.68 1.4382 0 156.03 2.59109e-05
2.68 1.4382 0 157.032 2.44142e-05
2.68 1.4382 0 158.035 2.3018e-05
2.68 1.4382 0 159.037 2.1714e-05
2.68 1.4382 0 160.04 2.04951e-05
2.68 1.4382 0 161.042 1.93546e-05
2.68 1.4382 0 162.045 1.82867e-05
2.68 1.4382 0 163.047 1.72861e-05
2.68 1.4382 0 164.05 1.63479e-05
2.68 1.4382 0 165.052 1.54677e-05
2.68 1.4382 0 166.054 1.46414e-05
2.68 1.4382 0 167.057 1.38653e-05
2.68 1.4382 0 168.059 1.31358e-05
2.68 1.4382 0 169.062 1.24499e-05
2.68 1.4382 0 170.064 1.18046e-05
2.68 1.4382 0 171.067 1.11972e-05
2.68 1.4382 0 172.069 1.06252e-05
2.68 1.4382 0 173.072 1.00862e-05
2.68 1.4382 0 174.074 9.57812e-06
2.68 1.4382 0 175.077 9.09896e-06
2.68 1.4382 0 176.079 8.64685e-06
2.68 1.4382 0 177.082 8.22009e-06
2.68 1.4382 0 178.084 7.81708e-06
2.68 1.4382 0 179.087 7.43632e-06
2.68 1.4382 0 180.089 7.07644e-06
2.68 1.4382 0 181.092 6.73615e-06
2.68 1.4382 0 182.094 6.41426e-06
2.68 1.4382 0 183.096 6.10965e-06
2.68 1.4382 0 184.099 5.82128e-06
2.68 1.4382 0 185.101 5.54817e-06
2.68 1.4382 0 186.104 5.28943e-06
2.68 1.4382 0 187.106 5.0442e-06
2.68 1.4382 0 188.109 4.81169e-06
2.68 1.4382 0 189.111 4.59117e-06
2.68 1.4382 0 190.114 4.38194e-06
2.68 1.4382 0 191.116 4.18335e-06
2.68 1.4382 0 192.119 3.9948e-06
2.68 1.4382 0 193.121 3.81573e-06
2.68 1.4382 0 194.124 3.64559e-06
2.68 1.4382 0 195.126 3.4839e-06
2.68 1.4382 0 196.129 3.33018e-06
2.68 1.4382 0 197.131 3.18399e-06
2.68 1.4382 0 198.133 3.04493e-06
2.68 1.4382 0 199.136 2.9126e-06
2.68 1.4382 0 200.138 2.78664e-06
2.68 1.4382 0 201.141 2.66672e-06
2.68 1.4382 0 202.143 2.5525e-06
2.68 1.4382 0 203.146 2.44369e-06
2.68 1.4382 0 204.148 2.34e-06
2.68 1.4382 0 205.151 2.24117e-06
2.68 1.4382 0 206.153 2.14694e-06
2.68 1.4382 0 207.156 2.05707e-06
2.68 1.4382 0 208.158 1.97134e-06
2.68 1.4382 0 209.161 1.88954e-06
2.68 1.4382 0 210.163 1.81147e-06
2.68 1.4382 0 211.166 1.73694e-06
2.68 1.4382 0 212.168 1.66578e-06
2.68 1.4382 0 213.171 1.5978e-06
2.68 1.4382 0 214.173 1.53287e-06
2.68 1.4382 0 215.175 1.47082e-06
2.68 1.4382 0 216.178 1.41152e-06
2.68 1.4382 0 217.18 1.35483e-06
2.68 1.4382 0 218.183 1.30063e-06
2.68 1.4382 0 219.185 1.24879e-06
2.68 1.4382 0 220.188 1.1992e-06
2.68 1.4382 0 221.19 1.15176e-06
2.68 1.4382 0 222.193 1.10636e-06
2.68 1.4382 0 223.195 1.0629e-06
2.68 1.4382 0 224.198 1.0213e-06
2.68 1.4382 0 225.2 9.81463e-07
2.68 1.4382 0 226.203 9.43314e-07
2.68 1.4382 0 227.205 9.06772e-07
2.68 1.4382 0 228.208 8.71763e-07
2.68 1.4382 0 229.21 8.38217e-07
2.68 1.4382 0 230.212 8.06066e-07
2.68 1.4382 0 231.215 7.75249e-07
2.68 1.4382 0 232.217 7.45703e-07
2.68 1.4382 0 233.22 7.17373e-07
2.68 1.4382 0 234.222 6.90204e-07
2.68 1.4382 0 235.225 6.64143e-07
2.68 1.4382 0 236.227 6.39142e-07
2.68 1.4382 0 237.23 6.15153e-07
2.68 1.4382 0 238.232 5.92133e-07
2.68 1.4382 0 239.235 5.70039e-07
2.68 1.4382 0 240.237 5.4883e-07
2.68 1.4382 0 241.24 5.28468e-07
2.68 1.4382 0 242.242 5.08916e-07
2.68 1.4382 0 243.245 4.9014e-07
2.68 1.4382 0 244.247 4.72105e-07
2.68 1.4382 0 245.25 4.54781e-07
2.68 1.4382 0 246.252 4.38137e-07
2.68 1.4382 0 247.254 4.22144e-07
2.68 1.4382 0 248.257 4.06775e-07
2.68 1.4382 0 249.259 3.92004e-07
2.68 1.4382 0 250.262 3.77805e-07
2.68 1.4382 0 251.264 3.64155e-07
2.68 1.4382 0 252.267 3.5103e-07
2.68 1.4382 0 253.269 3.38409e-07
2.68 1.4382 0 254.272 3.26271e-07
2.68 1.4382 0 255.274 3.14597e-07
2.68 1.4382 0 256.277 3.03367e-07
2.68 1.4382 0 257.279 2.92563e-07
2.68 1.4382 0 258.282 2.82167e-07
2.68 1.4382 0 259.284 2.72164e-07
2.68 1.4382 0 260.287 2.62537e-07
2.68 1.4382 0 261.289 2.53272e-07
2.68 1.4382 0 262.291 2.44353e-07
2.68 1.4382 0 263.294 2.35766e-07
2.68 1.4382 0 264.296 2.275e-07
2.68 1.4382 0 265.299 2.1954e-07
2.68 1.4382 0 266.301 2.11874e-07
2.68 1.4382 0 267.304 2.04492e-07
2.68 1.4382 0 268.306 1.97381e-07
2.68 1.4382 0 269.309 1.90531e-07
2.68 1.4382 0 270.311 1.83933e-07
2.68 1.4382 0 271.314 1.77575e-07
2.68 1.4382 0 272.316 1.7145e-07
2.68 1.4382 0 273.319 1.65547e-07
2.68 1.4382 0 274.321 1.59858e-07
2.68 1.4382 0 275.324 1.54375e-07
2.68 1.4382 0 276.326 1.4909e-07
2.68 1.4382 0 277.329 1.43995e-07
2.68 1.4382 0 278.331 1.39083e-07
2.68 1.4382 0 279.333 1.34348e-07
2.68 1.4382 0 280.336 1.29782e-07
2.68 1.4382 0 281.338 1.25379e-07
2.68 1.4382 0 282.341 1.21132e-07
2.68 1.4382 0 283.343 1.17037e-07
2.68 1.4382 0 284.346 1.13087e-07
2.68 1.4382 0 285.348 1.09276e-07
2.68 1.4382 0 286.351 1.056e-07
2.68 1.4382 0 287.353 1.02054e-07
2.68 1.4382 0 288.356 9.86321e-08
2.68 1.4382 0 289.358 9.53304e-08
2.68 1.4382 0 290.361 9.21444e-08
2.68 1.4382 0 291.363 8.90697e-08
2.68 1.4382 0 292.366 8.61022e-08
2.68 1.4382 0 293.368 8.3238e-08
2.68 1.4382 0 294.37 8.04733e-08
2.68 1.4382 0 295.373 7.78045e-08
2.68 1.4382 0 296.375 7.5228e-08
2.68 1.4382 0 297.378 7.27405e-08
2.68 1.4382 0 298.38 7.03388e-08
2.68 1.4382 0 299.383 6.80197e-08
2.68 1.4382 0 300.385 6.57803e-08
2.68 1.4382 0 301.388 6.36176e-08
2.68 1.4382 0 302.39 6.1529e-08
2.68 1.4382 0 303.393 5.95118e-08
2.68 1.4382 0 304.395 5.75633e-08
2.68 1.4382 0 305.398 5.56812e-08
2.68 1.4382 0 306.4 5.3863e-08
2.68 1.4382 0 307.403 5.21065e-08
2.68 1.4382 0 308.405 5.04096e-08
2.68 1.4382 0 309.408 4.877e-08
2.68 1.4382 0 310.41 4.71857e-08
2.68 1.4382 0 311.412 4.56549e-08
2.68 1.4382 0 312.415 4.41755e-08
2.68 1.4382 0 313.417 4.27459e-08
2.68 1.4382 0 314.42 4.13642e-08
2.68 1.4382 0 315.422 4.00288e-08
2.68 1.4382 0 316.425 3.87381e-08
2.68 1.4382 0 317.427 3.74904e-08
2.68 1.4382 0 318.43 3.62844e-08
2.68 1.4382 0 319.432 3.51185e-08
2.68 1.4382 0 320.435 3.39913e-08
2.68 1.4382 0 321.437 3.29015e-08
2.68 1.4382 0 322.44 3.18479e-08
2.68 1.4382 0 323.442 3.08291e-08
2.68 1.4382 0 324.445 2.9844e-08
2.68 1.4382 0 325.447 2.88914e-08
2.68 1.4382 0 326.449 2.79702e-08
2.68 1.4382 0 327.452 2.70793e-08
2.68 1.4382 0 328.454 2.62177e-08
2.68 1.4382 0 329.457 2.53844e-08
2.68 1.4382 0 330.459 2.45783e-08
2.68 1.4382 0 331.462 2.37987e-08
2.68 1.4382 0 332.464 2.30445e-08
2.68 1.4382 0 333.467 2.2315e-08
2.68 1.4382 0 334.469 2.16092e-08
2.68 1.4382 0 335.472 2.09265e-08
2.68 1.4382 0 336.474 2.02659e-08
2.68 1.4382 0 337.477 1.96268e-08
2.68 1.4382 0 338.479 1.90084e-08
2.68 1.4382 0 339.482 1.84101e-08
2.68 1.4382 0 340.484 1.78311e-08
2.68 1.4382 0 341.487 1.72708e-08
2.68 1.4382 0 342.489 1.67287e-08
2.68 1.4382 0 343.491 1.6204e-08
2.68 1.4382 0 344.494 1.56962e-08
2.68 1.4382 0 345.496 1.52047e-08
2.68 1.4382 0 346.499 1.47291e-08
2.68 1.4382 0 347.501 1.42687e-08
2.68 1.4382 0 348.504 1.38231e-08
2.68 1.4382 0 349.506 1.33917e-08
2.68 1.4382 0 350.509 1.29742e-08
2.68 1.4382 0 351.511 1.257e-08
2.68 1.4382 0 352.514 1.21787e-08
2.68 1.4382 0 353.516 1.17998e-08
2.68 1.4382 0 354.519 1.14331e-08
2.68 1.4382 0 355.521 1.1078e-08
2.68 1.4382 0 356.524 1.07342e-08
2.68 1.4382 0 357.526 1.04014e-08
2.68 1.4382 0 358.528 1.00791e-08
2.68 1.4382 0 359.531 9.76701e-09
2.68 1.4382 0 360.533 9.46481e-09
2.68 1.4382 0 361.536 9.17218e-09
2.68 1.4382 0 362.538 8.88879e-09
2.68 1.4382 0 363.541 8.61436e-09
2.68 1.4382 0 364.543 8.34859e-09
2.68 1.4382 0 365.546 8.09119e-09
2.68 1.4382 0 366.548 7.8419e-09
2.68 1.4382 0 367.551 7.60045e-09
2.68 1.4382 0 368.553 7.3666e-09
2.68 1.4382 0 369.556 7.14009e-09
2.68 1.4382 0 370.558 6.92069e-09
2.68 1.4382 0 371.561 6.70817e-09
2.68 1.4382 0 372.563 6.5023e-09
2.68 1.4382 0 373.566 6.30288e-09
2.68 1.4382 0 374.568 6.1097e-09
2.68 1.4382 0 375.57 5.92256e-09
2.68 1.4382 0 376.573 5.74125e-09
2.68 1.4382 0 377.575 5.56561e-09
2.68 1.4382 0 378.578 5.39544e-09
2.68 1.4382 0 379.58 5.23057e-09
2.68 1.4382 0 380.583 5.07083e-09
2.68 1.4382 0 381.585 4.91606e-09
2.68 1.4382 0 382.588 4.76611e-09
2.68 1.4382 0 383.59 4.6208e-09
2.68 1.4382 0 384.593 4.48001e-09
2.68 1.4382 0 385.595 4.34358e-09
2.68 1.4382 0 386.598 4.21138e-09
2.68 1.4382 0 387.6 4.08327e-09
2.68 1.4382 0 388.603 3.95913e-09
2.68 1.4382 0 389.605 3.83883e-09
2.68 1.4382 0 390.607 3.72224e-09
2.68 1.4382 0 391.61 3.60925e-09
2.68 1.4382 0 392.612 3.49975e-09
2.68 1.4382 0 393.615 3.39362e-09
2.68 1.4382 0 394.617 3.29076e-09
2.68 1.4382 0 395.62 3.19107e-09
2.68 1.4382 0 396.622 3.09445e-09
2.68 1.4382 0 397.625 3.0008e-09
2.68 1.4382 0 398.627 2.91003e-09
2.68 1.4382 0 399.63 2.82204e-09
2.68 1.4382 0 400.632 2.73676e-09
2.68 1.4382 0 401.635 2.65409e-09
2.68 1.4382 0 402.637 2.57396e-09
2.68 1.4382 0 403.64 2.49628e-09
2.68 1.4382 0 404.642 2.42098e-09
2.68 1.4382 0 405.645 2.34798e-09
2.68 1.4382 0 406.647 2.27722e-09
2.68 1.4382 0 407.649 2.20862e-09
2.68 1.4382 0 408.652 2.14211e-09
2.68 1.4382 0 409.654 2.07763e-09
2.68 1.4382 0 410.657 2.01512e-09
2.68 1.4382 0 411.659 1.95452e-09
2.68 1.4382 0 412.662 1.89577e-09
2.68 1.4382 0 413.664 1.8388e-09
2.68 1.4382 0 414.667 1.78357e-09
2.68 1.4382 0 415.669 1.73002e-09
2.68 1.4382 0 416.672 1.67809e-09
2.68 1.4382 0 417.674 1.62775e-09
2.68 1.4382 0 418.677 1.57893e-09
2.68 1.4382 0 419.679 1.5316e-09
2.68 1.4382 0 420.682 1.4857e-09
2.68 1.4382 0 421.684 1.4412e-09
2.68 1.4382 0 422.686 1.39804e-09
2.68 1.4382 0 423.689 1.3562e-09
2.68 1.4382 0 424.691 1.31562e-09
2.68 1.4382 0 425.694 1.27626e-09
2.68 1.4382 0 426.696 1.2381e-09
2.68 1.4382 0 427.699 1.2011e-09
2.68 1.4382 0 428.701 1.16521e-09
2.68 1.4382 0 429.704 1.1304e-09
2.68 1.4382 0 430.706 1.09665e-09
2.68 1.4382 0 431.709 1.06392e-09
2.68 1.4382 0 432.711 1.03217e-09
2.68 1.4382 0 433.714 1.00138e-09
2.68 1.4382 0 434.716 9.71523e-10
2.68 1.4382 0 435.719 9.42563e-10
2.68 1.4382 0 436.721 9.14474e-10
2.68 1.4382 0 437.724 8.87232e-10
2.68 1.4382 0 438.726 8.6081e-10
2.68 1.4382 0 439.728 8.35182e-10
2.68 1.4382 0 440.731 8.10325e-10
2.68 1.4382 0 441.733 7.86216e-10
2.68 1.4382 0 442.736 7.62831e-10
2.68 1.4382 0 443.738 7.40148e-10
2.68 1.4382 0 444.741 7.18146e-10
2.68 1.4382 0 445.743 6.96804e-10
2.68 1.4382 0 446.746 6.76103e-10
2.68 1.4382 0 447.748 6.56023e-10
2.68 1.4382 0 448.751 6.36544e-10
2.68 1.4382 0 449.753 6.17649e-10
2.68 1.4382 0 450.756 5.99321e-10
2.68 1.4382 0 451.758 5.81541e-10
2.68 1.4382 0 452.761 5.64293e-10
2.68 1.4382 0 453.763 5.47561e-10
2.68 1.4382 0 454.765 5.3133e-10
2.68 1.4382 0 455.768 5.15584e-10
2.68 1.4382 0 456.77 5.00309e-10
2.68 1.4382 0 457.773 4.8549e-10
2.68 1.4382 0 458.775 4.71114e-10
2.68 1.4382 0 459.778 4.57167e-10
2.68 1.4382 0 460.78 4.43637e-10
2.68 1.4382 0 461.783 4.3051e-10
2.68 1.4382 0 462.785 4.17775e-10
2.68 1.4382 0 463.788 4.05419e-10
2.68 1.4382 0 464.79 3.93432e-10
2.68 1.4382 0 465.793 3.81802e-10
2.68 1.4382 0 466.795 3.70519e-10
2.68 1.4382 0 467.798 3.59572e-10
2.68 1.4382 0 468.8 3.4895e-10
2.68 1.4382 0 469.803 3.38645e-10
2.68 1.4382 0 470.805 3.28646e-10
2.68 1.4382 0 471.807 3.18945e-10
2.68 1.4382 0 472.81 3.09533e-10
2.68 1.4382 0 473.812 3.004e-10
2.68 1.4382 0 474.815 2.91538e-10
2.68 1.4382 0 475.817 2.8294e-10
2.68 1.4382 0 476.82 2.74597e-10
2.68 1.4382 0 477.822 2.66502e-10
2.68 1.4382 0 478.825 2.58648e-10
2.68 1.4382 0 479.827 2.51026e-10
2.68 1.4382 0 480.83 2.43631e-10
2.68 1.4382 0 481.832 2.36455e-10
2.68 1.4382 0 482.835 2.29491e-10
2.68 1.4382 0 483.837 2.22734e-10
2.68 1.4382 0 484.84 2.16178e-10
2.68 1.4382 0 485.842 2.09816e-10
2.68 1.4382 0 486.844 2.03642e-10
2.68 1.4382 0 487.847 1.97651e-10
2.68 1.4382 0 488.849 1.91837e-10
2.68 1.4382 0 489.852 1.86196e-10
2.68 1.4382 0 490.854 1.80721e-10
2.68 1.4382 0 491.857 1.75408e-10
2.68 1.4382 0 492.859 1.70253e-10
2.68 1.4382 0 493.862 1.6525e-10
2.68 1.4382 0 494.864 1.60395e-10
2.68 1.4382 0 495.867 1.55683e-10
2.68 1.4382 0 496.869 1.51111e-10
2.68 1.4382 0 497.872 1.46674e-10
2.68 1.4382 0 498.874 1.42368e-10
2.68 1.4382 0 499.877 1.38188e-10
2.68 1.4382 0 500.879 1.34133e-10
2.68 1.4382 0 501.882 1.30197e-10
2.68 1.4382 0 502.884 1.26377e-10
2.68 1.4382 0 503.886 1.2267e-10
2.68 1.4382 0 504.889 1.19072e-10
2.68 1.4382 0 505.891 1.15581e-10
2.68 1.4382 0 506.894 1.12192e-10
2.68 1.4382 0 507.896 1.08903e-10
2.68 1.4382 0 508.899 1.05711e-10
2.68 1.4382 0 509.901 1.02613e-10
2.68 1.4382 0 510.904 9.96068e-11
2.68 1.4382 0 511.906 9.66888e-11
2.68 1.4382 0 512.909 9.38567e-11
2.68 1.4382 0 513.911 9.11081e-11
2.68 1.4382 0 514.914 8.84403e-11
2.68 1.4382 0 515.916 8.5851e-11
2.68 1.4382 0 516.919 8.33379e-11
2.68 1.4382 0 517.921 8.08988e-11
2.68 1.4382 0 518.923 7.85314e-11
2.68 1.4382 0 519.926 7.62336e-11
2.68 1.4382 0 520.928 7.40034e-11
2.68 1.4382 0 521.931 7.18387e-11
2.68 1.4382 0 522.933 6.97377e-11
2.68 1.4382 0 523.936 6.76984e-11
2.68 1.4382 0 524.938 6.5719e-11
2.68 1.4382 0 525.941 6.37978e-11
2.68 1.4382 0 526.943 6.1933e-11
2.68 1.4382 0 527.946 6.01229e-11
2.68 1.4382 0 528.948 5.8366e-11
2.68 1.4382 0 529.951 5.66607e-11
2.68 1.4382 0 530.953 5.50054e-11
2.68 1.4382 0 531.956 5.33987e-11
2.68 1.4382 0 532.958 5.18391e-11
2.68 1.4382 0 533.961 5.03253e-11
2.68 1.4382 0 534.963 4.88559e-11
2.68 1.4382 0 535.965 4.74295e-11
2.68 1.4382 0 536.968 4.6045e-11
2.68 1.4382 0 537.97 4.47011e-11
2.68 1.4382 0 538.973 4.33966e-11
2.68 1.4382 0 539.975 4.21303e-11
2.68 1.4382 0 540.978 4.09011e-11
2.68 1.4382 0 541.98 3.97079e-11
2.68 1.4382 0 542.983 3.85497e-11
2.68 1.4382 0 543.985 3.74254e-11
2.68 1.4382 0 544.988 3.6334e-11
2.68 1.4382 0 545.99 3.52745e-11
2.68 1.4382 0 546.993 3.42461e-11
2.68 1.4382 0 547.995 3.32478e-11
2.68 1.4382 0 548.998 3.22787e-11
2.68 1.4382 0 550 3.1338e-11
