2.34 1.4382 0 150.015 8.98577e-06
2.34 1.4382 0 151.017 1.54753e-05
2.34 1.4382 0 152.02 1.60405e-05
2.34 1.4382 0 153.022 1.52991e-05
2.34 1.4382 0 154.025 1.44613e-05
2.34 1.4382 0 155.027 1.3665e-05
2.34 1.4382 0 156.03 1.29195e-05
2.34 1.4382 0 157.032 1.22215e-05
2.34 1.4382 0 158.035 1.15669e-05
2.34 1.4382 0 159.037 1.09525e-05
2.34 1.4382 0 160.04 1.03752e-05
2.34 1.4382 0 161.042 9.83233e-06
2.34 1.4382 0 162.045 9.32157e-06
2.34 1.4382 0 163.047 8.84072e-06
2.34 1.4382 0 164.05 8.3878e-06
2.34 1.4382 0 165.052 7.96096e-06
2.34 1.4382 0 166.054 7.55854e-06
2.34 1.4382 0 167.057 7.17896e-06
2.34 1.4382 0 168.059 6.82078e-06
2.34 1.4382 0 169.062 6.48266e-06
2.34 1.4382 0 170.064 6.16336e-06
2.34 1.4382 0 171.067 5.86171e-06
2.34 1.4382 0 172.069 5.57663e-06
2.34 1.4382 0 173.072 5.30712e-06
2.34 1.4382 0 174.074 5.05224e-06
2.34 1.4382 0 175.077 4.81111e-06
2.34 1.4382 0 176.079 4.58291e-06
2.34 1.4382 0 177.082 4.36688e-06
2.34 1.4382 0 178.084 4.1623e-06
2.34 1.4382 0 179.087 3.9685e-06
2.34 1.4382 0 180.089 3.78485e-06
2.34 1.4382 0 181.092 3.61076e-06
2.34 1.4382 0 182.094 3.44569e-06
2.34 1.4382 0 183.096 3.28912e-06
2.34 1.4382 0 184.099 3.14057e-06
2.34 1.4382 0 185.101 2.99957e-06
2.34 1.4382 0 186.104 2.86572e-06
2.34 1.4382 0 187.106 2.7386e-06
2.34 1.4382 0 188.109 2.61785e-06
2.34 1.4382 0 189.111 2.5031e-06
2.34 1.4382 0 190.114 2.39403e-06
2.34 1.4382 0 191.116 2.29033e-06
2.34 1.4382 0 192.119 2.1917e-06
2.34 1.4382 0 193.121 2.09788e-06
2.34 1.4382 0 194.124 2.00859e-06
2.34 1.4382 0 195.126 1.9236e-06
2.34 1.4382 0 196.129 1.84268e-06
2.34 1.4382 0 197.131 1.76561e-06
2.34 1.4382 0 198.133 1.69218e-06
2.34 1.4382 0 199.136 1.62221e-06
2.34 1.4382 0 200.138 1.55552e-06
2.34 1.4382 0 201.141 1.49193e-06
2.34 1.4382 0 202.143 1.43128e-06
2.34 1.4382 0 203.146 1.37342e-06
2.34 1.4382 0 204.148 1.31821e-06
2.34 1.4382 0 205.151 1.26552e-06
2.34 1.4382 0 206.153 1.21521e-06
2.34 1.4382 0 207.156 1.16716e-06
2.34 1.4382 0 208.158 1.12127e-06
2.34 1.4382 0 209.161 1.07742e-06
2.34 1.4382 0 210.163 1.03551e-06
2.34 1.4382 0 211.166 9.95452e-07
2.34 1.4382 0 212.168 9.57146e-07
2.34 1.4382 0 213.171 9.20508e-07
2.34 1.4382 0 214.173 8.85458e-07
2.34 1.4382 0 215.175 8.51919e-07
2.34 1.4382 0 216.178 8.19818e-07
2.34 1.4382 0 217.18 7.89085e-07
2.34 1.4382 0 218.183 7.59656e-07
2.34 1.4382 0 219.185 7.31468e-07
2.34 1.4382 0 220.188 7.04462e-07
2.34 1.4382 0 221.19 6.78584e-07
2.34 1.4382 0 222.193 6.5378e-07
2.34 1.4382 0 223.195 6.3e-07
2.34 1.4382 0 224.198 6.07196e-07
2.34 1.4382 0 225.2 5.85325e-07
2.34 1.4382 0 226.203 5.64342e-07
2.34 1.4382 0 227.205 5.44208e-07
2.34 1.4382 0 228.208 5.24884e-07
2.34 1.4382 0 229.21 5.06332e-07
2.34 1.4382 0 230.212 4.8852e-07
2.34 1.4382 0 231.215 4.71412e-07
2.34 1.4382 0 232.217 4.54979e-07
2.34 1.4382 0 233.22 4.3919e-07
2.34 1.4382 0 234.222 4.24016e-07
2.34 1.4382 0 235.225 4.09432e-07
2.34 1.4382 0 236.227 3.9541e-07
2.34 1.4382 0 237.23 3.81928e-07
2.34 1.4382 0 238.232 3.6896e-07
2.34 1.4382 0 239.235 3.56486e-07
2.34 1.4382 0 240.237 3.44484e-07
2.34 1.4382 0 241.24 3.32934e-07
2.34 1.4382 0 242.242 3.21817e-07
2.34 1.4382 0 243.245 3.11115e-07
2.34 1.4382 0 244.247 3.0081e-07
2.34 1.4382 0 245.25 2.90885e-07
2.34 1.4382 0 246.252 2.81326e-07
2.34 1.4382 0 247.254 2.72117e-07
2.34 1.4382 0 248.257 2.63243e-07
2.34 1.4382 0 249.259 2.54691e-07
2.34 1.4382 0 250.262 2.46447e-07
2.34 1.4382 0 251.264 2.385e-07
2.34 1.4382 0 252.267 2.30837e-07
2.34 1.4382 0 253.269 2.23446e-07
2.34 1.4382 0 254.272 2.16318e-07
2.34 1.4382 0 255.274 2.09441e-07
2.34 1.4382 0 256.277 2.02806e-07
2.34 1.4382 0 257.279 1.96403e-07
2.34 1.4382 0 258.282 1.90223e-07
2.34 1.4382 0 259.284 1.84258e-07
2.34 1.4382 0 260.287 1.78498e-07
2.34 1.4382 0 261.289 1.72937e-07
2.34 1.4382 0 262.291 1.67566e-07
2.34 1.4382 0 263.294 1.62378e-07
2.34 1.4382 0 264.296 1.57366e-07
2.34 1.4382 0 265.299 1.52524e-07
2.34 1.4382 0 266.301 1.47845e-07
2.34 1.4382 0 267.304 1.43323e-07
2.34 1.4382 0 268.306 1.38952e-07
2.34 1.4382 0 269.309 1.34727e-07
2.34 1.4382 0 270.311 1.30642e-07
2.34 1.4382 0 271.314 1.26692e-07
2.34 1.4382 0 272.316 1.22872e-07
2.34 1.4382 0 273.319 1.19177e-07
2.34 1.4382 0 274.321 1.15603e-07
2.34 1.4382 0 275.324 1.12146e-07
2.34 1.4382 0 276.326 1.088e-07
2.34 1.4382 0 277.329 1.05563e-07
2.34 1.4382 0 278.331 1.0243e-07
2.34 1.4382 0 279.333 9.93974e-08
2.34 1.4382 0 280.336 9.64619e-08
2.34 1.4382 0 281.338 9.362e-08
2.34 1.4382 0 282.341 9.08684e-08
2.34 1.4382 0 283.343 8.82039e-08
2.34 1.4382 0 284.346 8.56235e-08
2.34 1.4382 0 285.348 8.31244e-08
2.34 1.4382 0 286.351 8.07035e-08
2.34 1.4382 0 287.353 7.83584e-08
2.34 1.4382 0 288.356 7.60863e-08
2.34 1.4382 0 289.358 7.38849e-08
2.34 1.4382 0 290.361 7.17516e-08
2.34 1.4382 0 291.363 6.96842e-08
2.34 1.4382 0 292.366 6.76804e-08
2.34 1.4382 0 293.368 6.57382e-08
2.34 1.4382 0 294.37 6.38554e-08
2.34 1.4382 0 295.373 6.20301e-08
2.34 1.4382 0 296.375 6.02604e-08
2.34 1.4382 0 297.378 5.85443e-08
2.34 1.4382 0 298.38 5.68802e-08
2.34 1.4382 0 299.383 5.52664e-08
2.34 1.4382 0 300.385 5.37011e-08
2.34 1.4382 0 301.388 5.21828e-08
2.34 1.4382 0 302.39 5.07101e-08
2.34 1.4382 0 303.393 4.92813e-08
2.34 1.4382 0 304.395 4.78951e-08
2.34 1.4382 0 305.398 4.65501e-08
2.34 1.4382 0 306.4 4.5245e-08
2.34 1.4382 0 307.403 4.39785e-08
2.34 1.4382 0 308.405 4.27493e-08
2.34 1.4382 0 309.408 4.15564e-08
2.34 1.4382 0 310.41 4.03985e-08
2.34 1.4382 0 311.412 3.92746e-08
2.34 1.4382 0 312.415 3.81835e-08
2.34 1.4382 0 313.417 3.71243e-08
2.34 1.4382 0 314.42 3.60959e-08
2.34 1.4382 0 315.422 3.50973e-08
2.34 1.4382 0 316.425 3.41278e-08
2.34 1.4382 0 317.427 3.31862e-08
2.34 1.4382 0 318.43 3.22719e-08
2.34 1.4382 0 319.432 3.13839e-08
2.34 1.4382 0 320.435 3.05215e-08
2.34 1.4382 0 321.437 2.96838e-08
2.34 1.4382 0 322.44 2.88701e-08
2.34 1.4382 0 323.442 2.80797e-08
2.34 1.4382 0 324.445 2.73118e-08
2.34 1.4382 0 325.447 2.65658e-08
2.34 1.4382 0 326.449 2.58411e-08
2.34 1.4382 0 327.452 2.51369e-08
2.34 1.4382 0 328.454 2.44526e-08
2.34 1.4382 0 329.457 2.37877e-08
2.34 1.4382 0 330.459 2.31416e-08
2.34 1.4382 0 331.462 2.25137e-08
2.34 1.4382 0 332.464 2.19035e-08
2.34 1.4382 0 333.467 2.13104e-08
2.34 1.4382 0 334.469 2.0734e-08
2.34 1.4382 0 335.472 2.01737e-08
2.34 1.4382 0 336.474 1.96291e-08
2.34 1.4382 0 337.477 1.90997e-08
2.34 1.4382 0 338.479 1.85851e-08
2.34 1.4382 0 339.482 1.80848e-08
2.34 1.4382 0 340.484 1.75984e-08
2.34 1.4382 0 341.487 1.71255e-08
2.34 1.4382 0 342.489 1.66657e-08
2.34 1.4382 0 343.491 1.62187e-08
2.34 1.4382 0 344.494 1.5784e-08
2.34 1.4382 0 345.496 1.53613e-08
2.34 1.4382 0 346.499 1.49503e-08
2.34 1.4382 0 347.501 1.45506e-08
2.34 1.4382 0 348.504 1.41619e-08
2.34 1.4382 0 349.506 1.37838e-08
2.34 1.4382 0 350.509 1.34162e-08
2.34 1.4382 0 351.511 1.30586e-08
2.34 1.4382 0 352.514 1.27108e-08
2.34 1.4382 0 353.516 1.23726e-08
2.34 1.4382 0 354.519 1.20435e-08
2.34 1.4382 0 355.521 1.17235e-08
2.34 1.4382 0 356.524 1.14121e-08
2.34 1.4382 0 357.526 1.11093e-08
2.34 1.4382 0 358.528 1.08146e-08
2.34 1.4382 0 359.531 1.0528e-08
2.34 1.4382 0 360.533 1.02492e-08
2.34 1.4382 0 361.536 9.97788e-09
2.34 1.4382 0 362.538 9.71394e-09
2.34 1.4382 0 363.541 9.45714e-09
2.34 1.4382 0 364.543 9.20729e-09
2.34 1.4382 0 365.546 8.96418e-09
2.34 1.4382 0 366.548 8.72762e-09
2.34 1.4382 0 367.551 8.49745e-09
2.34 1.4382 0 368.553 8.27347e-09
2.34 1.4382 0 369.556 8.05552e-09
2.34 1.4382 0 370.558 7.84342e-09
2.34 1.4382 0 371.561 7.63703e-09
2.34 1.4382 0 372.563 7.43617e-09
2.34 1.4382 0 373.566 7.24069e-09
2.34 1.4382 0 374.568 7.05046e-09
2.34 1.4382 0 375.57 6.86531e-09
2.34 1.4382 0 376.573 6.68512e-09
2.34 1.4382 0 377.575 6.50974e-09
2.34 1.4382 0 378.578 6.33905e-09
2.34 1.4382 0 379.58 6.17291e-09
2.34 1.4382 0 380.583 6.0112e-09
2.34 1.4382 0 381.585 5.8538e-09
2.34 1.4382 0 382.588 5.70059e-09
2.34 1.4382 0 383.59 5.55146e-09
2.34 1.4382 0 384.593 5.40629e-09
2.34 1.4382 0 385.595 5.26498e-09
2.34 1.4382 0 386.598 5.12742e-09
2.34 1.4382 0 387.6 4.99352e-09
2.34 1.4382 0 388.603 4.86316e-09
2.34 1.4382 0 389.605 4.73626e-09
2.34 1.4382 0 390.607 4.61271e-09
2.34 1.4382 0 391.61 4.49244e-09
2.34 1.4382 0 392.612 4.37535e-09
2.34 1.4382 0 393.615 4.26136e-09
2.34 1.4382 0 394.617 4.15037e-09
2.34 1.4382 0 395.62 4.04232e-09
2.34 1.4382 0 396.622 3.93712e-09
2.34 1.4382 0 397.625 3.83469e-09
2.34 1.4382 0 398.627 3.73496e-09
2.34 1.4382 0 399.63 3.63786e-09
2.34 1.4382 0 400.632 3.54332e-09
2.34 1.4382 0 401.635 3.45126e-09
2.34 1.4382 0 402.637 3.36163e-09
2.34 1.4382 0 403.64 3.27435e-09
2.34 1.4382 0 404.642 3.18937e-09
2.34 1.4382 0 405.645 3.10661e-09
2.34 1.4382 0 406.647 3.02603e-09
2.34 1.4382 0 407.649 2.94757e-09
2.34 1.4382 0 408.652 2.87116e-09
2.34 1.4382 0 409.654 2.79676e-09
2.34 1.4382 0 410.657 2.7243e-09
2.34 1.4382 0 411.659 2.65374e-09
2.34 1.4382 0 412.662 2.58503e-09
2.34 1.4382 0 413.664 2.51812e-09
2.34 1.4382 0 414.667 2.45295e-09
2.34 1.4382 0 415.669 2.38949e-09
2.34 1.4382 0 416.672 2.32769e-09
2.34 1.4382 0 417.674 2.26751e-09
2.34 1.4382 0 418.677 2.20889e-09
2.34 1.4382 0 419.679 2.1518e-09
2.34 1.4382 0 420.682 2.09621e-09
2.34 1.4382 0 421.684 2.04206e-09
2.34 1.4382 0 422.686 1.98933e-09
2.34 1.4382 0 423.689 1.93797e-09
2.34 1.4382 0 424.691 1.88795e-09
2.34 1.4382 0 425.694 1.83923e-09
2.34 1.4382 0 426.696 1.79177e-09
2.34 1.4382 0 427.699 1.74556e-09
2.34 1.4382 0 428.701 1.70054e-09
2.34 1.4382 0 429.704 1.6567e-09
2.34 1.4382 0 430.706 1.614e-09
2.34 1.4382 0 431.709 1.5724e-09
2.34 1.4382 0 432.711 1.53189e-09
2.34 1.4382 0 433.714 1.49243e-09
2.34 1.4382 0 434.716 1.45399e-09
2.34 1.4382 0 435.719 1.41655e-09
2.34 1.4382 0 436.721 1.38008e-09
2.34 1.4382 0 437.724 1.34456e-09
2.34 1.4382 0 438.726 1.30996e-09
2.34 1.4382 0 439.728 1.27626e-09
2.34 1.4382 0 440.731 1.24343e-09
2.34 1.4382 0 441.733 1.21145e-09
2.34 1.4382 0 442.736 1.1803e-09
2.34 1.4382 0 443.738 1.14995e-09
2.34 1.4382 0 444.741 1.12039e-09
2.34 1.4382 0 445.743 1.0916e-09
2.34 1.4382 0 446.746 1.06355e-09
2.34 1.4382 0 447.748 1.03623e-09
2.34 1.4382 0 448.751 1.00961e-09
2.34 1.4382 0 449.753 9.83681e-10
2.34 1.4382 0 450.756 9.58422e-10
2.34 1.4382 0 451.758 9.33816e-10
2.34 1.4382 0 452.761 9.09845e-10
2.34 1.4382 0 453.763 8.86494e-10
2.34 1.4382 0 454.765 8.63746e-10
2.34 1.4382 0 455.768 8.41585e-10
2.34 1.4382 0 456.77 8.19995e-10
2.34 1.4382 0 457.773 7.98963e-10
2.34 1.4382 0 458.775 7.78474e-10
2.34 1.4382 0 459.778 7.58513e-10
2.34 1.4382 0 460.78 7.39066e-10
2.34 1.4382 0 461.783 7.20121e-10
2.34 1.4382 0 462.785 7.01665e-10
2.34 1.4382 0 463.788 6.83684e-10
2.34 1.4382 0 464.79 6.66166e-10
2.34 1.4382 0 465.793 6.49099e-10
2.34 1.4382 0 466.795 6.32472e-10
2.34 1.4382 0 467.798 6.16273e-10
2.34 1.4382 0 468.8 6.00491e-10
2.34 1.4382 0 469.803 5.85116e-10
2.34 1.4382 0 470.805 5.70136e-10
2.34 1.4382 0 471.807 5.55541e-10
2.34 1.4382 0 472.81 5.41322e-10
2.34 1.4382 0 473.812 5.27468e-10
2.34 1.4382 0 474.815 5.13971e-10
2.34 1.4382 0 475.817 5.00821e-10
2.34 1.4382 0 476.82 4.88009e-10
2.34 1.4382 0 477.822 4.75526e-10
2.34 1.4382 0 478.825 4.63364e-10
2.34 1.4382 0 479.827 4.51514e-10
2.34 1.4382 0 480.83 4.39969e-10
2.34 1.4382 0 481.832 4.2872e-10
2.34 1.4382 0 482.835 4.1776e-10
2.34 1.4382 0 483.837 4.07082e-10
2.34 1.4382 0 484.84 3.96678e-10
2.34 1.4382 0 485.842 3.8654e-10
2.34 1.4382 0 486.844 3.76663e-10
2.34 1.4382 0 487.847 3.67039e-10
2.34 1.4382 0 488.849 3.57663e-10
2.34 1.4382 0 489.852 3.48526e-10
2.34 1.4382 0 490.854 3.39624e-10
2.34 1.4382 0 491.857 3.30951e-10
2.34 1.4382 0 492.859 3.22499e-10
2.34 1.4382 0 493.862 3.14265e-10
2.34 1.4382 0 494.864 3.06241e-10
2.34 1.4382 0 495.867 2.98423e-10
2.34 1.4382 0 496.869 2.90806e-10
2.34 1.4382 0 497.872 2.83384e-10
2.34 1.4382 0 498.874 2.76151e-10
2.34 1.4382 0 499.877 2.69104e-10
2.34 1.4382 0 500.879 2.62238e-10
2.34 1.4382 0 501.882 2.55547e-10
2.34 1.4382 0 502.884 2.49028e-10
2.34 1.4382 0 503.886 2.42675e-10
2.34 1.4382 0 504.889 2.36486e-10
2.34 1.4382 0 505.891 2.30454e-10
2.34 1.4382 0 506.894 2.24577e-10
2.34 1.4382 0 507.896 2.18851e-10
2.34 1.4382 0 508.899 2.13271e-10
2.34 1.4382 0 509.901 2.07833e-10
2.34 1.4382 0 510.904 2.02535e-10
2.34 1.4382 0 511.906 1.97372e-10
2.34 1.4382 0 512.909 1.92341e-10
2.34 1.4382 0 513.911 1.87439e-10
2.34 1.4382 0 514.914 1.82663e-10
2.34 1.4382 0 515.916 1.78008e-10
2.34 1.4382 0 516.919 1.73472e-10
2.34 1.4382 0 517.921 1.69053e-10
2.34 1.4382 0 518.923 1.64746e-10
2.34 1.4382 0 519.926 1.60549e-10
2.34 1.4382 0 520.928 1.5646e-10
2.34 1.4382 0 521.931 1.52475e-10
2.34 1.4382 0 522.933 1.48592e-10
2.34 1.4382 0 523.936 1.44808e-10
2.34 1.4382 0 524.938 1.4112e-10
2.34 1.4382 0 525.941 1.37527e-10
2.34 1.4382 0 526.943 1.34026e-10
2.34 1.4382 0 527.946 1.30614e-10
2.34 1.4382 0 528.948 1.27289e-10
2.34 1.4382 0 529.951 1.24049e-10
2.34 1.4382 0 530.953 1.20891e-10
2.34 1.4382 0 531.956 1.17815e-10
2.34 1.4382 0 532.958 1.14817e-10
2.34 1.4382 0 533.961 1.11895e-10
2.34 1.4382 0 534.963 1.09048e-10
2.34 1.4382 0 535.965 1.06273e-10
2.34 1.4382 0 536.968 1.03569e-10
2.34 1.4382 0 537.97 1.00935e-10
2.34 1.4382 0 538.973 9.83671e-11
2.34 1.4382 0 539.975 9.5865e-11
2.34 1.4382 0 540.978 9.34268e-11
2.34 1.4382 0 541.98 9.10507e-11
2.34 1.4382 0 542.983 8.87352e-11
2.34 1.4382 0 543.985 8.64787e-11
2.34 1.4382 0 544.988 8.42798e-11
2.34 1.4382 0 545.99 8.21369e-11
2.34 1.4382 0 546.993 8.00487e-11
2.34 1.4382 0 547.995 7.80136e-11
2.34 1.4382 0 548.998 7.60304e-11
2.34 1.4382 0 550 7.40978e-11
