1.395 1.4382 0 150.015 7.06967e-06
1.395 1.4382 0 151.017 1.28027e-05
1.395 1.4382 0 152.02 1.31818e-05
1.395 1.4382 0 153.022 1.28537e-05
1.395 1.4382 0 154.025 1.24924e-05
1.395 1.4382 0 155.027 1.21422e-05
1.395 1.4382 0 156.03 1.18043e-05
1.395 1.4382 0 157.032 1.1478e-05
1.395 1.4382 0 158.035 1.11624e-05
1.395 1.4382 0 159.037 1.08569e-05
1.395 1.4382 0 160.04 1.05609e-05
1.395 1.4382 0 161.042 1.02742e-05
1.395 1.4382 0 162.045 9.99619e-06
1.395 1.4382 0 163.047 9.72663e-06
1.395 1.4382 0 164.05 9.46518e-06
1.395 1.4382 0 165.052 9.21155e-06
1.395 1.4382 0 166.054 8.96545e-06
1.395 1.4382 0 167.057 8.72663e-06
1.395 1.4382 0 168.059 8.49482e-06
1.395 1.4382 0 169.062 8.26981e-06
1.395 1.4382 0 170.064 8.05135e-06
1.395 1.4382 0 171.067 7.83923e-06
1.395 1.4382 0 172.069 7.63324e-06
1.395 1.4382 0 173.072 7.4332e-06
1.395 1.4382 0 174.074 7.23889e-06
1.395 1.4382 0 175.077 7.05016e-06
1.395 1.4382 0 176.079 6.8668e-06
1.395 1.4382 0 177.082 6.68866e-06
1.395 1.4382 0 178.084 6.51558e-06
1.395 1.4382 0 179.087 6.34738e-06
1.395 1.4382 0 180.089 6.18393e-06
1.395 1.4382 0 181.092 6.02508e-06
1.395 1.4382 0 182.094 5.87067e-06
1.395 1.4382 0 183.096 5.72059e-06
1.395 1.4382 0 184.099 5.57469e-06
1.395 1.4382 0 185.101 5.43284e-06
1.395 1.4382 0 186.104 5.29493e-06
1.395 1.4382 0 187.106 5.16084e-06
1.395 1.4382 0 188.109 5.03044e-06
1.395 1.4382 0 189.111 4.90363e-06
1.395 1.4382 0 190.114 4.7803e-06
1.395 1.4382 0 191.116 4.66035e-06
1.395 1.4382 0 192.119 4.54367e-06
1.395 1.4382 0 193.121 4.43017e-06
1.395 1.4382 0 194.124 4.31976e-06
1.395 1.4382 0 195.126 4.21234e-06
1.395 1.4382 0 196.129 4.10782e-06
1.395 1.4382 0 197.131 4.00612e-06
1.395 1.4382 0 198.133 3.90716e-06
1.395 1.4382 0 199.136 3.81085e-06
1.395 1.4382 0 200.138 3.71713e-06
1.395 1.4382 0 201.141 3.6259e-06
1.395 1.4382 0 202.143 3.53711e-06
1.395 1.4382 0 203.146 3.45068e-06
1.395 1.4382 0 204.148 3.36654e-06
1.395 1.4382 0 205.151 3.28463e-06
1.395 1.4382 0 206.153 3.20488e-06
1.395 1.4382 0 207.156 3.12723e-06
1.395 1.4382 0 208.158 3.05162e-06
1.395 1.4382 0 209.161 2.97799e-06
1.395 1.4382 0 210.163 2.90629e-06
1.395 1.4382 0 211.166 2.83646e-06
1.395 1.4382 0 212.168 2.76845e-06
1.395 1.4382 0 213.171 2.70221e-06
1.395 1.4382 0 214.173 2.63768e-06
1.395 1.4382 0 215.175 2.57482e-06
1.395 1.4382 0 216.178 2.51359e-06
1.395 1.4382 0 217.18 2.45393e-06
1.395 1.4382 0 218.183 2.3958e-06
1.395 1.4382 0 219.185 2.33916e-06
1.395 1.4382 0 220.188 2.28397e-06
1.395 1.4382 0 221.19 2.23019e-06
1.395 1.4382 0 222.193 2.17778e-06
1.395 1.4382 0 223.195 2.1267e-06
1.395 1.4382 0 224.198 2.07692e-06
1.395 1.4382 0 225.2 2.02839e-06
1.395 1.4382 0 226.203 1.98109e-06
1.395 1.4382 0 227.205 1.93498e-06
1.395 1.4382 0 228.208 1.89003e-06
1.395 1.4382 0 229.21 1.84621e-06
1.395 1.4382 0 230.212 1.80348e-06
1.395 1.4382 0 231.215 1.76183e-06
1.395 1.4382 0 232.217 1.72121e-06
1.395 1.4382 0 233.22 1.6816e-06
1.395 1.4382 0 234.222 1.64297e-06
1.395 1.4382 0 235.225 1.6053e-06
1.395 1.4382 0 236.227 1.56856e-06
1.395 1.4382 0 237.23 1.53273e-06
1.395 1.4382 0 238.232 1.49777e-06
1.395 1.4382 0 239.235 1.46368e-06
1.395 1.4382 0 240.237 1.43042e-06
1.395 1.4382 0 241.24 1.39798e-06
1.395 1.4382 0 242.242 1.36633e-06
1.395 1.4382 0 243.245 1.33545e-06
1.395 1.4382 0 244.247 1.30532e-06
1.395 1.4382 0 245.25 1.27592e-06
1.395 1.4382 0 246.252 1.24724e-06
1.395 1.4382 0 247.254 1.21924e-06
1.395 1.4382 0 248.257 1.19193e-06
1.395 1.4382 0 249.259 1.16527e-06
1.395 1.4382 0 250.262 1.13925e-06
1.395 1.4382 0 251.264 1.11385e-06
1.395 1.4382 0 252.267 1.08906e-06
1.395 1.4382 0 253.269 1.06487e-06
1.395 1.4382 0 254.272 1.04125e-06
1.395 1.4382 0 255.274 1.01819e-06
1.395 1.4382 0 256.277 9.95684e-07
1.395 1.4382 0 257.279 9.73709e-07
1.395 1.4382 0 258.282 9.52254e-07
1.395 1.4382 0 259.284 9.31305e-07
1.395 1.4382 0 260.287 9.10851e-07
1.395 1.4382 0 261.289 8.90877e-07
1.395 1.4382 0 262.291 8.71373e-07
1.395 1.4382 0 263.294 8.52326e-07
1.395 1.4382 0 264.296 8.33725e-07
1.395 1.4382 0 265.299 8.15558e-07
1.395 1.4382 0 266.301 7.97814e-07
1.395 1.4382 0 267.304 7.80484e-07
1.395 1.4382 0 268.306 7.63556e-07
1.395 1.4382 0 269.309 7.47021e-07
1.395 1.4382 0 270.311 7.30868e-07
1.395 1.4382 0 271.314 7.15089e-07
1.395 1.4382 0 272.316 6.99674e-07
1.395 1.4382 0 273.319 6.84613e-07
1.395 1.4382 0 274.321 6.69899e-07
1.395 1.4382 0 275.324 6.55522e-07
1.395 1.4382 0 276.326 6.41475e-07
1.395 1.4382 0 277.329 6.27749e-07
1.395 1.4382 0 278.331 6.14336e-07
1.395 1.4382 0 279.333 6.01229e-07
1.395 1.4382 0 280.336 5.88419e-07
1.395 1.4382 0 281.338 5.75901e-07
1.395 1.4382 0 282.341 5.63667e-07
1.395 1.4382 0 283.343 5.51709e-07
1.395 1.4382 0 284.346 5.40022e-07
1.395 1.4382 0 285.348 5.28598e-07
1.395 1.4382 0 286.351 5.17432e-07
1.395 1.4382 0 287.353 5.06516e-07
1.395 1.4382 0 288.356 4.95846e-07
1.395 1.4382 0 289.358 4.85414e-07
1.395 1.4382 0 290.361 4.75217e-07
1.395 1.4382 0 291.363 4.65246e-07
1.395 1.4382 0 292.366 4.55499e-07
1.395 1.4382 0 293.368 4.45968e-07
1.395 1.4382 0 294.37 4.36649e-07
1.395 1.4382 0 295.373 4.27537e-07
1.395 1.4382 0 296.375 4.18627e-07
1.395 1.4382 0 297.378 4.09914e-07
1.395 1.4382 0 298.38 4.01393e-07
1.395 1.4382 0 299.383 3.93061e-07
1.395 1.4382 0 300.385 3.84912e-07
1.395 1.4382 0 301.388 3.76942e-07
1.395 1.4382 0 302.39 3.69147e-07
1.395 1.4382 0 303.393 3.61523e-07
1.395 1.4382 0 304.395 3.54066e-07
1.395 1.4382 0 305.398 3.46772e-07
1.395 1.4382 0 306.4 3.39637e-07
1.395 1.4382 0 307.403 3.32657e-07
1.395 1.4382 0 308.405 3.2583e-07
1.395 1.4382 0 309.408 3.1915e-07
1.395 1.4382 0 310.41 3.12616e-07
1.395 1.4382 0 311.412 3.06223e-07
1.395 1.4382 0 312.415 2.99969e-07
1.395 1.4382 0 313.417 2.93849e-07
1.395 1.4382 0 314.42 2.87862e-07
1.395 1.4382 0 315.422 2.82003e-07
1.395 1.4382 0 316.425 2.76271e-07
1.395 1.4382 0 317.427 2.70662e-07
1.395 1.4382 0 318.43 2.65173e-07
1.395 1.4382 0 319.432 2.59801e-07
1.395 1.4382 0 320.435 2.54545e-07
1.395 1.4382 0 321.437 2.494e-07
1.395 1.4382 0 322.44 2.44366e-07
1.395 1.4382 0 323.442 2.39438e-07
1.395 1.4382 0 324.445 2.34616e-07
1.395 1.4382 0 325.447 2.29896e-07
1.395 1.4382 0 326.449 2.25276e-07
1.395 1.4382 0 327.452 2.20754e-07
1.395 1.4382 0 328.454 2.16327e-07
1.395 1.4382 0 329.457 2.11994e-07
1.395 1.4382 0 330.459 2.07753e-07
1.395 1.4382 0 331.462 2.03601e-07
1.395 1.4382 0 332.464 1.99536e-07
1.395 1.4382 0 333.467 1.95557e-07
1.395 1.4382 0 334.469 1.91661e-07
1.395 1.4382 0 335.472 1.87847e-07
1.395 1.4382 0 336.474 1.84113e-07
1.395 1.4382 0 337.477 1.80457e-07
1.395 1.4382 0 338.479 1.76877e-07
1.395 1.4382 0 339.482 1.73372e-07
1.395 1.4382 0 340.484 1.6994e-07
1.395 1.4382 0 341.487 1.66579e-07
1.395 1.4382 0 342.489 1.63288e-07
1.395 1.4382 0 343.491 1.60065e-07
1.395 1.4382 0 344.494 1.5691e-07
1.395 1.4382 0 345.496 1.53819e-07
1.395 1.4382 0 346.499 1.50793e-07
1.395 1.4382 0 347.501 1.47829e-07
1.395 1.4382 0 348.504 1.44926e-07
1.395 1.4382 0 349.506 1.42083e-07
1.395 1.4382 0 350.509 1.39298e-07
1.395 1.4382 0 351.511 1.36571e-07
1.395 1.4382 0 352.514 1.33899e-07
1.395 1.4382 0 353.516 1.31283e-07
1.395 1.4382 0 354.519 1.2872e-07
1.395 1.4382 0 355.521 1.26209e-07
1.395 1.4382 0 356.524 1.2375e-07
1.395 1.4382 0 357.526 1.21341e-07
1.395 1.4382 0 358.528 1.18981e-07
1.395 1.4382 0 359.531 1.16669e-07
1.395 1.4382 0 360.533 1.14404e-07
1.395 1.4382 0 361.536 1.12186e-07
1.395 1.4382 0 362.538 1.10012e-07
1.395 1.4382 0 363.541 1.07882e-07
1.395 1.4382 0 364.543 1.05796e-07
1.395 1.4382 0 365.546 1.03751e-07
1.395 1.4382 0 366.548 1.01748e-07
1.395 1.4382 0 367.551 9.97854e-08
1.395 1.4382 0 368.553 9.78624e-08
1.395 1.4382 0 369.556 9.59781e-08
1.395 1.4382 0 370.558 9.41316e-08
1.395 1.4382 0 371.561 9.23223e-08
1.395 1.4382 0 372.563 9.05493e-08
1.395 1.4382 0 373.566 8.88119e-08
1.395 1.4382 0 374.568 8.71093e-08
1.395 1.4382 0 375.57 8.54408e-08
1.395 1.4382 0 376.573 8.38056e-08
1.395 1.4382 0 377.575 8.2203e-08
1.395 1.4382 0 378.578 8.06325e-08
1.395 1.4382 0 379.58 7.90932e-08
1.395 1.4382 0 380.583 7.75846e-08
1.395 1.4382 0 381.585 7.6106e-08
1.395 1.4382 0 382.588 7.46568e-08
1.395 1.4382 0 383.59 7.32364e-08
1.395 1.4382 0 384.593 7.18441e-08
1.395 1.4382 0 385.595 7.04794e-08
1.395 1.4382 0 386.598 6.91417e-08
1.395 1.4382 0 387.6 6.78305e-08
1.395 1.4382 0 388.603 6.65451e-08
1.395 1.4382 0 389.605 6.52851e-08
1.395 1.4382 0 390.607 6.405e-08
1.395 1.4382 0 391.61 6.28392e-08
1.395 1.4382 0 392.612 6.16522e-08
1.395 1.4382 0 393.615 6.04885e-08
1.395 1.4382 0 394.617 5.93477e-08
1.395 1.4382 0 395.62 5.82293e-08
1.395 1.4382 0 396.622 5.71328e-08
1.395 1.4382 0 397.625 5.60578e-08
1.395 1.4382 0 398.627 5.50038e-08
1.395 1.4382 0 399.63 5.39704e-08
1.395 1.4382 0 400.632 5.29572e-08
1.395 1.4382 0 401.635 5.19637e-08
1.395 1.4382 0 402.637 5.09897e-08
1.395 1.4382 0 403.64 5.00346e-08
1.395 1.4382 0 404.642 4.9098e-08
1.395 1.4382 0 405.645 4.81797e-08
1.395 1.4382 0 406.647 4.72792e-08
1.395 1.4382 0 407.649 4.63962e-08
1.395 1.4382 0 408.652 4.55303e-08
1.395 1.4382 0 409.654 4.46812e-08
1.395 1.4382 0 410.657 4.38486e-08
1.395 1.4382 0 411.659 4.3032e-08
1.395 1.4382 0 412.662 4.22312e-08
1.395 1.4382 0 413.664 4.14458e-08
1.395 1.4382 0 414.667 4.06757e-08
1.395 1.4382 0 415.669 3.99203e-08
1.395 1.4382 0 416.672 3.91795e-08
1.395 1.4382 0 417.674 3.84529e-08
1.395 1.4382 0 418.677 3.77404e-08
1.395 1.4382 0 419.679 3.70415e-08
1.395 1.4382 0 420.682 3.6356e-08
1.395 1.4382 0 421.684 3.56836e-08
1.395 1.4382 0 422.686 3.50242e-08
1.395 1.4382 0 423.689 3.43773e-08
1.395 1.4382 0 424.691 3.37428e-08
1.395 1.4382 0 425.694 3.31205e-08
1.395 1.4382 0 426.696 3.251e-08
1.395 1.4382 0 427.699 3.19112e-08
1.395 1.4382 0 428.701 3.13238e-08
1.395 1.4382 0 429.704 3.07476e-08
1.395 1.4382 0 430.706 3.01824e-08
1.395 1.4382 0 431.709 2.96279e-08
1.395 1.4382 0 432.711 2.9084e-08
1.395 1.4382 0 433.714 2.85503e-08
1.395 1.4382 0 434.716 2.80268e-08
1.395 1.4382 0 435.719 2.75133e-08
1.395 1.4382 0 436.721 2.70094e-08
1.395 1.4382 0 437.724 2.65151e-08
1.395 1.4382 0 438.726 2.60302e-08
1.395 1.4382 0 439.728 2.55544e-08
1.395 1.4382 0 440.731 2.50876e-08
1.395 1.4382 0 441.733 2.46296e-08
1.395 1.4382 0 442.736 2.41803e-08
1.395 1.4382 0 443.738 2.37394e-08
1.395 1.4382 0 444.741 2.33068e-08
1.395 1.4382 0 445.743 2.28824e-08
1.395 1.4382 0 446.746 2.24659e-08
1.395 1.4382 0 447.748 2.20573e-08
1.395 1.4382 0 448.751 2.16563e-08
1.395 1.4382 0 449.753 2.12629e-08
1.395 1.4382 0 450.756 2.08768e-08
1.395 1.4382 0 451.758 2.0498e-08
1.395 1.4382 0 452.761 2.01263e-08
1.395 1.4382 0 453.763 1.97615e-08
1.395 1.4382 0 454.765 1.94035e-08
1.395 1.4382 0 455.768 1.90523e-08
1.395 1.4382 0 456.77 1.87076e-08
1.395 1.4382 0 457.773 1.83693e-08
1.395 1.4382 0 458.775 1.80373e-08
1.395 1.4382 0 459.778 1.77115e-08
1.395 1.4382 0 460.78 1.73918e-08
1.395 1.4382 0 461.783 1.7078e-08
1.395 1.4382 0 462.785 1.67701e-08
1.395 1.4382 0 463.788 1.64678e-08
1.395 1.4382 0 464.79 1.61712e-08
1.395 1.4382 0 465.793 1.58801e-08
1.395 1.4382 0 466.795 1.55944e-08
1.395 1.4382 0 467.798 1.5314e-08
1.395 1.4382 0 468.8 1.50388e-08
1.395 1.4382 0 469.803 1.47686e-08
1.395 1.4382 0 470.805 1.45035e-08
1.395 1.4382 0 471.807 1.42433e-08
1.395 1.4382 0 472.81 1.39878e-08
1.395 1.4382 0 473.812 1.37371e-08
1.395 1.4382 0 474.815 1.3491e-08
1.395 1.4382 0 475.817 1.32495e-08
1.395 1.4382 0 476.82 1.30124e-08
1.395 1.4382 0 477.822 1.27796e-08
1.395 1.4382 0 478.825 1.25512e-08
1.395 1.4382 0 479.827 1.23269e-08
1.395 1.4382 0 480.83 1.21068e-08
1.395 1.4382 0 481.832 1.18907e-08
1.395 1.4382 0 482.835 1.16786e-08
1.395 1.4382 0 483.837 1.14703e-08
1.395 1.4382 0 484.84 1.12659e-08
1.395 1.4382 0 485.842 1.10653e-08
1.395 1.4382 0 486.844 1.08683e-08
1.395 1.4382 0 487.847 1.06749e-08
1.395 1.4382 0 488.849 1.0485e-08
1.395 1.4382 0 489.852 1.02986e-08
1.395 1.4382 0 490.854 1.01156e-08
1.395 1.4382 0 491.857 9.93597e-09
1.395 1.4382 0 492.859 9.7596e-09
1.395 1.4382 0 493.862 9.58644e-09
1.395 1.4382 0 494.864 9.41644e-09
1.395 1.4382 0 495.867 9.24954e-09
1.395 1.4382 0 496.869 9.08567e-09
1.395 1.4382 0 497.872 8.92478e-09
1.395 1.4382 0 498.874 8.76682e-09
1.395 1.4382 0 499.877 8.61173e-09
1.395 1.4382 0 500.879 8.45945e-09
1.395 1.4382 0 501.882 8.30994e-09
1.395 1.4382 0 502.884 8.16313e-09
1.395 1.4382 0 503.886 8.01899e-09
1.395 1.4382 0 504.889 7.87746e-09
1.395 1.4382 0 505.891 7.73849e-09
1.395 1.4382 0 506.894 7.60204e-09
1.395 1.4382 0 507.896 7.46805e-09
1.395 1.4382 0 508.899 7.33649e-09
1.395 1.4382 0 509.901 7.2073e-09
1.395 1.4382 0 510.904 7.08045e-09
1.395 1.4382 0 511.906 6.95588e-09
1.395 1.4382 0 512.909 6.83356e-09
1.395 1.4382 0 513.911 6.71345e-09
1.395 1.4382 0 514.914 6.59549e-09
1.395 1.4382 0 515.916 6.47967e-09
1.395 1.4382 0 516.919 6.36592e-09
1.395 1.4382 0 517.921 6.25423e-09
1.395 1.4382 0 518.923 6.14454e-09
1.395 1.4382 0 519.926 6.03682e-09
1.395 1.4382 0 520.928 5.93104e-09
1.395 1.4382 0 521.931 5.82715e-09
1.395 1.4382 0 522.933 5.72513e-09
1.395 1.4382 0 523.936 5.62494e-09
1.395 1.4382 0 524.938 5.52654e-09
1.395 1.4382 0 525.941 5.42991e-09
1.395 1.4382 0 526.943 5.335e-09
1.395 1.4382 0 527.946 5.2418e-09
1.395 1.4382 0 528.948 5.15026e-09
1.395 1.4382 0 529.951 5.06036e-09
1.395 1.4382 0 530.953 4.97206e-09
1.395 1.4382 0 531.956 4.88534e-09
1.395 1.4382 0 532.958 4.80017e-09
1.395 1.4382 0 533.961 4.71651e-09
1.395 1.4382 0 534.963 4.63435e-09
1.395 1.4382 0 535.965 4.55365e-09
1.395 1.4382 0 536.968 4.4744e-09
1.395 1.4382 0 537.97 4.39655e-09
1.395 1.4382 0 538.973 4.32008e-09
1.395 1.4382 0 539.975 4.24498e-09
1.395 1.4382 0 540.978 4.17121e-09
1.395 1.4382 0 541.98 4.09876e-09
1.395 1.4382 0 542.983 4.02759e-09
1.395 1.4382 0 543.985 3.95768e-09
1.395 1.4382 0 544.988 3.88901e-09
1.395 1.4382 0 545.99 3.82156e-09
1.395 1.4382 0 546.993 3.75531e-09
1.395 1.4382 0 547.995 3.69023e-09
1.395 1.4382 0 548.998 3.62631e-09
1.395 1.4382 0 550 3.56351e-09
