# $W$ = 300 nm, $h$ = 300 nm, $s$ = 20 nm, $d/W = 5$, $E_{\rm e}$ = 200 keV, $d/W = 5$, $V_0$ = 1.50 eV, $\theta$ = 2.87 mrad
0.0050520378
0.0051240115
0.0051896219
0.0052491241
0.0053027466
0.0053506883
0.0053931156
0.0054301569
0.0054618998
0.0054883870
0.0055096072
0.0055254846
0.0055358764
0.0055405495
0.0055391734
0.0055312914
0.0055163000
0.0054934102
0.0054616043
0.0054195818
0.0053656753
0.0052977583
0.0052131042
0.0055262769
0.0058984007
0.0063704154
0.0070047826
0.0077939020
0.0088274510
0.0100776970
0.0117114593
0.0138701202
0.0166822712
0.0205968353
0.0257431121
0.0328849029
0.0431907118
0.0592180584
0.0844773930
0.1272829266
0.2087104103
0.3908806662
0.8868031963
2.8369689753
1.8075405863
-3.3795305383
0.9350381918
0.5804491979
0.3533504917
0.2313876427
0.1613244904
0.1182921905
0.0903163969
0.0712841052
0.0578519418
0.0481479879
0.0409584226
0.0355491907
0.0314178706
0.0282275639
0.0257479606
0.0238105636
0.0223063730
0.0211549936
0.0202737657
0.0196243338
0.0191663875
0.0188702353
0.0187138708
0.0186789138
0.0187586741
0.0189424881
0.0192243740
0.0196011741
0.0200697694
0.0206331373
0.0212962972
0.0220622082
0.0229374857
0.0239306953
0.0250528164
0.0263204417
0.0277489236
0.0293596000
0.0311811310
0.0332408405
0.0355793393
0.0382472779
0.0412971412
0.0448050238
0.0488709238
0.0535985187
0.0591478059
0.0657236671
0.0735665071
0.0830436951
0.0946487396
0.1090270944
0.1271791539
0.1505024660
0.1812169280
0.2227132700
0.2807348139
0.3655015875
0.4960267789
0.7124850598
1.1094128345
1.9578852525
4.2824543531
14.1794110889
43.8433764659
11.0086950125
3.6389176563
1.7402843361
1.0101979560
0.6581065264
0.4622855197
0.3427127755
0.2642934842
0.2102589214
0.1714503608
0.1425730050
0.1205716336
0.1031492702
0.0894098741
0.0783559755
0.0693085715
0.0618746951
0.0556475773
0.0504251333
0.0460125267
0.0422072617
0.0389595140
0.0361850918
0.0337352210
0.0316495811
0.0298774728
0.0282890999
0.0270090458
0.0258447651
0.0249153634
0.0242628348
0.0236638799
0.0232847154
0.0232012839
0.0231302336
0.0227575499
0.0217246608
0.0161391832
-0.0090915704
-0.1419204211
-0.8145232973
0.1921073876
0.3368047292
0.1492579802
0.0783424612
0.0491147165
0.0354505619
0.0275832042
0.0228140693
0.0197686512
0.0178352996
0.0163381098
0.0152440529
0.0145050996
0.0138863409
0.0134164211
0.0130612644
0.0128347510
0.0126480834
0.0125260706
0.0124614139
0.0124698537
0.0125073025
0.0125918003
0.0127236446
0.0129147760
0.0131582927
0.0135168089
0.0139423190
0.0144486243
0.0150336264
0.0157151448
0.0165086431
0.0174317081
0.0185105902
0.0197766505
0.0212701618
0.0230361215
0.0251604130
0.0277332978
0.0308866580
0.0348065110
0.0397331651
0.0461213503
0.0545703881
0.0660725030
0.0822589574
0.1061988598
0.1437949007
0.2075680205
0.3280609799
0.5930076085
1.3085803709
3.2094675362
2.8779976476
1.1440662133
0.5337797290
0.3026866313
0.1964879704
0.1403172610
0.1077161527
0.0876596506
0.0748410147
0.0668590078
0.0621541426
0.0599551887
0.0598878129
0.0618462380
0.0659132560
0.0726425664
0.0827367860
0.0975579376
0.1194769970
0.1527766413
0.2056097947
0.2958908145
0.4650960703
0.8267689057
1.7243770553
3.6549100469
3.4059956751
1.5699910149
0.7713105705
0.4423947419
0.2845860480
0.1985504916
0.1467213739
0.1133053283
0.0904985445
0.0742571216
0.0623048745
0.0532531706
0.0462553619
0.0406909647
0.0363054879
0.0329173972
0.0296588703
0.0179477312
-0.0129586092
-0.0689314519
-0.0249122557
0.0633407191
0.0385726497
-0.0162269921
-0.0999528282
-0.0434575330
0.0787565906
0.0637479544
0.0416022667
0.0294870416
