# $W$ = 400 nm, $h$ = 300 nm, $s$ = 20 nm, $E_{\rm e}$ = 200 keV, $d/W = 5$, $V_0$ = 6 eV, $\theta$ = 6 mrad, $E_{\text{e}}$ = 200 keV
0.0015203026
0.0015334731
0.0015417695
0.0015450591
0.0015431366
0.0015357075
0.0015223702
0.0015025909
0.0014756714
0.0014407054
0.0013965236
0.0013416172
0.0012740346
0.0013394716
0.0015083349
0.0017494369
0.0020843313
0.0025767839
0.0031839527
0.0040518984
0.0052142654
0.0069916215
0.0094583605
0.0142267074
0.0216484917
0.0266681709
0.0335964175
0.0433957783
0.0587551954
0.0850672071
0.1374609073
0.2585277023
0.6333524168
0.0047210059
0.2910544188
0.3816839642
0.1771590785
0.0993870209
0.0634769717
0.0445351456
0.0335788696
0.0264448816
0.0218005889
0.0187326685
0.0167829010
0.0152494302
0.0134600588
0.0120440338
0.0109232275
0.0100305502
0.0093234087
0.0087599539
0.0083168819
0.0079699723
0.0077030928
0.0075048507
0.0073653522
0.0072759839
0.0072315038
0.0072278390
0.0072614748
0.0073306888
0.0074340170
0.0075704945
0.0077401307
0.0079428723
0.0081817821
0.0084579880
0.0087738052
0.0091323637
0.0095381687
0.0099961501
0.0105123251
0.0110945039
0.0117535319
0.0124972292
0.0133406380
0.0143043870
0.0154019434
0.0166625183
0.0181246890
0.0198167107
0.0218049343
0.0241435114
0.0269262646
0.0302879493
0.0343647788
0.0394147947
0.0457207280
0.0537980889
0.0643027756
0.0783473203
0.0978098987
0.1256526888
0.1677768337
0.2354434633
0.3549483182
0.5945144625
1.1892514034
3.3321433081
16.1310796906
7.8280144468
2.0071607660
0.8520010478
0.4644460106
0.2912302884
0.1993869964
0.1451432703
0.1104391716
0.0869048028
0.0702480522
0.0580215695
0.0488136854
0.0416792593
0.0360520010
0.0315378913
0.0278723065
0.0248561323
0.0223312845
0.0202236883
0.0184327554
0.0168993450
0.0155942924
0.0144512579
0.0134565780
0.0126211667
0.0118899070
0.0112539710
0.0107454720
0.0103012019
0.0099234617
0.0096794405
0.0094817272
0.0093366744
0.0093669575
0.0093688617
0.0093069728
0.0088992681
0.0069386150
-0.0028378770
-0.0551517918
-0.3628737680
0.0690665996
0.1633179616
0.0677786512
0.0352906289
0.0215903830
0.0150595941
0.0115490635
0.0096151852
0.0082555969
0.0073623223
0.0068320509
0.0064169170
0.0061562059
0.0060307511
0.0060370750
0.0062234471
0.0065998410
0.0073366404
0.0087832919
0.0118948508
0.0198805830
0.0469272861
0.0960590381
0.0397983362
0.0170388163
0.0102614953
0.0075780401
0.0062894621
0.0055973873
0.0051937060
0.0049529292
0.0048131588
0.0047400732
0.0047170080
0.0047277170
0.0047728603
0.0048654743
0.0049853682
0.0051326657
0.0053060634
0.0055080844
0.0057409165
0.0060075956
0.0063109291
0.0066582872
0.0070555780
0.0075103927
0.0080334295
0.0086334565
0.0093354715
0.0101565876
0.0111201314
0.0122319559
0.0133707835
0.0144096693
0.0196978375
0.0247222307
0.0345054501
0.0474860960
0.0409728648
0.0385785319
0.0426163017
0.0507711966
0.0634034319
0.0826535568
0.1131194355
0.1644315270
0.2610156707
0.4700805766
1.0165263490
2.4527883928
2.4819437253
1.0313091356
0.4755079246
0.2630237547
0.1651883322
0.1130580438
0.0822654661
0.0626528494
0.0494438906
0.0401217749
0.0333745255
0.0283569949
0.0245590555
0.0216683586
0.0194882873
0.0179078205
0.0168776168
0.0164783184
0.0169066185
0.0186922361
0.0232038867
0.0342789074
0.0621076820
0.1001760273
0.0703266348
0.0364330923
0.0215587548
0.0143399287
0.0097192327
0.0052382847
-0.0018845593
-0.0183113274
-0.0621983767
-0.0832345558
0.0374570606
0.0480413084
0.0286846139
0.0177646839
0.0122077403
0.0090372159
0.0066604949
0.0042983115
0.0046789304
0.0062378564
0.0056819763
0.0050835918
0.0046917910
0.0044316747
