# $W$ = 300 nm, $h$ = 300 nm, $s$ = 20 nm, $d/W = 5$, $E_{\rm e}$ = 200 keV, $d/W = 5$, $V_0$ = 1.35 eV, $\theta$ = 2.72 mrad
0.0053316827
0.0054076403
0.0054768825
0.0055396783
0.0055962690
0.0056468643
0.0056916401
0.0057307318
0.0057642318
0.0057921852
0.0058145799
0.0058313362
0.0058423032
0.0058472350
0.0058457828
0.0058374645
0.0058216432
0.0057974864
0.0057639199
0.0057195714
0.0056626810
0.0055910046
0.0055016647
0.0058321724
0.0062248943
0.0067230364
0.0073925177
0.0082253171
0.0093160760
0.0106355267
0.0123597225
0.0146378716
0.0176056833
0.0217369299
0.0271680680
0.0347051776
0.0455814430
0.0624959497
0.0891534618
0.1343284058
0.2202631371
0.4125170454
0.9358903273
2.9940034445
1.9075932058
-3.5665973697
0.9867952725
0.6125787479
0.3729094686
0.2441956216
0.1702542702
0.1248400074
0.0953156724
0.0752298880
0.0610542153
0.0508131193
0.0432255907
0.0375169421
0.0331569414
0.0297900419
0.0271731853
0.0251285479
0.0235410959
0.0223259843
0.0213959779
0.0207105981
0.0202273032
0.0199147580
0.0197497384
0.0197128463
0.0197970216
0.0199910103
0.0202884994
0.0206861565
0.0211806899
0.0217752419
0.0224751096
0.0232834161
0.0242071428
0.0252553295
0.0264395633
0.0277773554
0.0292849080
0.0309847401
0.0329070981
0.0350808186
0.0375487602
0.0403643771
0.0435830593
0.0472851135
0.0515760731
0.0565653543
0.0624218109
0.0693616653
0.0776386296
0.0876404079
0.0998878258
0.1150620649
0.1342188943
0.1588332204
0.1912478184
0.2350411052
0.2962743124
0.3857331767
0.5234833220
0.7519232065
1.1708221031
2.0662599697
4.5195008205
14.9642832801
46.2702365784
11.6180587329
3.8403424767
1.8366142053
1.0661153918
0.6945346636
0.4878743868
0.3616829386
0.2789229082
0.2218973731
0.1809406442
0.1504648416
0.1272456294
0.1088588868
0.0943589746
0.0826932101
0.0731450056
0.0652996422
0.0587278351
0.0532163134
0.0485594560
0.0445435584
0.0411160382
0.0381880436
0.0356025652
0.0334014790
0.0315312793
0.0298549852
0.0285040763
0.0272753492
0.0262945024
0.0256058544
0.0249737457
0.0245735933
0.0244855436
0.0244105605
0.0240172477
0.0229271851
0.0170325347
-0.0095948158
-0.1497761370
-0.8596095754
0.2027411008
0.3554478691
0.1575198518
0.0826789487
0.0518333617
0.0374128556
0.0291100163
0.0240768957
0.0208629046
0.0188225363
0.0172424726
0.0160878564
0.0153079999
0.0146549910
0.0141590597
0.0137842441
0.0135451925
0.0133481923
0.0132194257
0.0131511901
0.0131600971
0.0131996188
0.0132887938
0.0134279361
0.0136296471
0.0138866432
0.0142650043
0.0147140677
0.0152483984
0.0158657822
0.0165850247
0.0174224454
0.0183966048
0.0195352062
0.0208713466
0.0224475283
0.0243112391
0.0265531163
0.0292684180
0.0325963260
0.0367331544
0.0419325134
0.0486743036
0.0575910207
0.0697298116
0.0868122341
0.1120772810
0.1517543740
0.2190575247
0.3462201258
0.6258323342
1.3810141664
3.3871210614
3.0373033346
1.2073936645
0.5633260174
0.3194412328
0.2073641617
0.1480842374
0.1136785612
0.0925118725
0.0789836871
0.0705598527
0.0655945593
0.0632738869
0.0632027819
0.0652696118
0.0695617515
0.0766635494
0.0873165144
0.1029580612
0.1260904062
0.1612332856
0.2169909124
0.3122692571
0.4908405308
0.8725330412
1.8198264912
3.8572202679
3.5945277404
1.6568947215
0.8140049215
0.4668826163
0.3003387384
0.2095408562
0.1548428415
0.1195771177
0.0955079101
0.0783674757
0.0657536359
0.0562008931
0.0488157348
0.0429433315
0.0383151055
0.0347394740
0.0313005780
0.0189411925
-0.0136759061
-0.0727470123
-0.0262912228
0.0668468166
0.0407077606
-0.0171252054
-0.1054855174
-0.0458630381
0.0831160040
0.0672765947
0.0439050768
0.0311192377
