# $W$ = 300 nm, $h$ = 300 nm, $s$ = 20 nm, $d/W = 5$, $E_{\rm e}$ = 200 keV, $d/W = 5$, $V_0$ = 0.75 eV, $\theta$ = 2.03 mrad
0.0071528717
0.0072547748
0.0073476686
0.0074319141
0.0075078350
0.0075757126
0.0076357828
0.0076882273
0.0077331702
0.0077706719
0.0078007162
0.0078231961
0.0078379091
0.0078445256
0.0078425772
0.0078314176
0.0078101921
0.0077777839
0.0077327517
0.0076732547
0.0075969317
0.0075007723
0.0073809157
0.0078243178
0.0083511851
0.0090194819
0.0099176436
0.0110349096
0.0124982485
0.0142683953
0.0165815396
0.0196378557
0.0236194084
0.0291618006
0.0364480994
0.0465597246
0.0611510898
0.0838432305
0.1196063789
0.1802121183
0.2955003170
0.5534240508
1.2555704579
4.0166910189
2.5591862659
-4.7848707796
1.3238634388
0.8218225497
0.5002873688
0.3276076236
0.2284094877
0.1674826838
0.1278734672
0.1009268084
0.0819090290
0.0681697936
0.0579905275
0.0503319266
0.0444826429
0.0399656826
0.0364549638
0.0337119218
0.0315822302
0.0299520625
0.0287043858
0.0277848948
0.0271365167
0.0267172127
0.0264958259
0.0264463323
0.0265592601
0.0268195111
0.0272186161
0.0277521043
0.0284155597
0.0292131979
0.0301521254
0.0312365320
0.0324757839
0.0338820087
0.0354707514
0.0372655046
0.0392880047
0.0415684630
0.0441474573
0.0470636741
0.0503746116
0.0541519828
0.0584700978
0.0634366943
0.0691933535
0.0758868661
0.0837437627
0.0930541225
0.1041583202
0.1175764913
0.1340073644
0.1543647980
0.1800651893
0.2130872410
0.2565739701
0.3153261039
0.3974752607
0.5174913534
0.7022939922
1.0087640391
1.5707498091
2.7720500345
6.0632653113
20.0757613010
62.0751563577
15.5865382450
5.1521210412
2.4639621972
1.4302775261
0.9317727964
0.6545218047
0.4852260664
0.3741969860
0.2976927521
0.2427460838
0.2018604012
0.1707100044
0.1460427453
0.1265899744
0.1109394351
0.0981297689
0.0876045978
0.0787880024
0.0713938633
0.0651463234
0.0597586813
0.0551603938
0.0512322591
0.0477636369
0.0448107068
0.0423016870
0.0400528069
0.0382404565
0.0365920227
0.0352761397
0.0343522643
0.0335042407
0.0329674048
0.0328492793
0.0327486836
0.0322210235
0.0307586189
0.0228504827
-0.0128721986
-0.2009364464
-1.1532337317
0.2719931035
0.4768612216
0.2113252476
0.1109203005
0.0695385239
0.0501922829
0.0390533722
0.0323010458
0.0279892244
0.0252519101
0.0231321306
0.0215831224
0.0205368836
0.0196608209
0.0189954902
0.0184926456
0.0181719392
0.0179076479
0.0177348974
0.0176433540
0.0176553034
0.0177083248
0.0178279601
0.0180146304
0.0182852416
0.0186300221
0.0191376232
0.0197400770
0.0204569236
0.0212851924
0.0222501126
0.0233735783
0.0246804897
0.0262080128
0.0280005501
0.0301151215
0.0326154359
0.0356230903
0.0392658807
0.0437305305
0.0492804106
0.0562557590
0.0653003998
0.0772628759
0.0935480171
0.1164654281
0.1503604723
0.2035904078
0.2938828689
0.4644814827
0.8396032144
1.8527389364
4.5440888470
4.0747808983
1.6198133988
0.7557460807
0.4285554934
0.2781953028
0.1986666299
0.1525087139
0.1241119390
0.1059628160
0.0946615805
0.0880002494
0.0848868850
0.0847914917
0.0875643059
0.0933225479
0.1028501667
0.1171419548
0.1381263167
0.1691601721
0.2163071015
0.2911103317
0.4189337053
0.6585010769
1.1705715216
2.4414399952
5.1747635697
4.8223409361
2.2228542436
1.0920514566
0.6263596543
0.4029279776
0.2811154961
0.2077338186
0.1604220836
0.1281313535
0.1051361163
0.0882136607
0.0753979068
0.0654901376
0.0576118478
0.0514027196
0.0466057291
0.0419921800
0.0254110944
-0.0183473028
-0.0975958275
-0.0352717396
0.0896802504
0.0546126559
-0.0229748051
-0.1415170949
-0.0615288625
0.1115066392
0.0902568292
0.0589021047
0.0417488985
