# $h/W$ = 0.75, $s/W$ =0.1, $d/W$ = 5, $E_{\text{e}}$ = 200 keV
0.1000000000
0.1080267559
0.1160535117
0.1240802676
0.1321070234
0.1401337793
0.1481605351
0.1561872910
0.1642140468
0.1722408027
0.1802675585
0.1882943144
0.1963210702
0.2043478261
0.2123745819
0.2204013378
0.2284280936
0.2364548495
0.2444816054
0.2525083612
0.2605351171
0.2685618729
0.2765886288
0.2846153846
0.2926421405
0.3006688963
0.3086956522
0.3167224080
0.3247491639
0.3327759197
0.3408026756
0.3488294314
0.3568561873
0.3648829431
0.3729096990
0.3809364548
0.3889632107
0.3969899666
0.4050167224
0.4130434783
0.4210702341
0.4290969900
0.4371237458
0.4451505017
0.4531772575
0.4612040134
0.4692307692
0.4772575251
0.4852842809
0.4933110368
0.5013377926
0.5093645485
0.5173913043
0.5254180602
0.5334448161
0.5414715719
0.5494983278
0.5575250836
0.5655518395
0.5735785953
0.5816053512
0.5896321070
0.5976588629
0.6056856187
0.6137123746
0.6217391304
0.6297658863
0.6377926421
0.6458193980
0.6538461538
0.6618729097
0.6698996656
0.6779264214
0.6859531773
0.6939799331
0.7020066890
0.7100334448
0.7180602007
0.7260869565
0.7341137124
0.7421404682
0.7501672241
0.7581939799
0.7662207358
0.7742474916
0.7822742475
0.7903010033
0.7983277592
0.8063545151
0.8143812709
0.8224080268
0.8304347826
0.8384615385
0.8464882943
0.8545150502
0.8625418060
0.8705685619
0.8785953177
0.8866220736
0.8946488294
0.9026755853
0.9107023411
0.9187290970
0.9267558528
0.9347826087
0.9428093645
0.9508361204
0.9588628763
0.9668896321
0.9749163880
0.9829431438
0.9909698997
0.9989966555
1.0070234114
1.0150501672
1.0230769231
1.0311036789
1.0391304348
1.0471571906
1.0551839465
1.0632107023
1.0712374582
1.0792642140
1.0872909699
1.0953177258
1.1033444816
1.1113712375
1.1193979933
1.1274247492
1.1354515050
1.1434782609
1.1515050167
1.1595317726
1.1675585284
1.1755852843
1.1836120401
1.1916387960
1.1996655518
1.2076923077
1.2157190635
1.2237458194
1.2317725753
1.2397993311
1.2478260870
1.2558528428
1.2638795987
1.2719063545
1.2799331104
1.2879598662
1.2959866221
1.3040133779
1.3120401338
1.3200668896
1.3280936455
1.3361204013
1.3441471572
1.3521739130
1.3602006689
1.3682274247
1.3762541806
1.3842809365
1.3923076923
1.4003344482
1.4083612040
1.4163879599
1.4244147157
1.4324414716
1.4404682274
1.4484949833
1.4565217391
1.4645484950
1.4725752508
1.4806020067
1.4886287625
1.4966555184
1.5046822742
1.5127090301
1.5207357860
1.5287625418
1.5367892977
1.5448160535
1.5528428094
1.5608695652
1.5688963211
1.5769230769
1.5849498328
1.5929765886
1.6010033445
1.6090301003
1.6170568562
1.6250836120
1.6331103679
1.6411371237
1.6491638796
1.6571906355
1.6652173913
1.6732441472
1.6812709030
1.6892976589
1.6973244147
1.7053511706
1.7133779264
1.7214046823
1.7294314381
1.7374581940
1.7454849498
1.7535117057
1.7615384615
1.7695652174
1.7775919732
1.7856187291
1.7936454849
1.8016722408
1.8096989967
1.8177257525
1.8257525084
1.8337792642
1.8418060201
1.8498327759
1.8578595318
1.8658862876
1.8739130435
1.8819397993
1.8899665552
1.8979933110
1.9060200669
1.9140468227
1.9220735786
1.9301003344
1.9381270903
1.9461538462
1.9541806020
1.9622073579
1.9702341137
1.9782608696
1.9862876254
1.9943143813
2.0023411371
2.0103678930
2.0183946488
2.0264214047
2.0344481605
2.0424749164
2.0505016722
2.0585284281
2.0665551839
2.0745819398
2.0826086957
2.0906354515
2.0986622074
2.1066889632
2.1147157191
2.1227424749
2.1307692308
2.1387959866
2.1468227425
2.1548494983
2.1628762542
2.1709030100
2.1789297659
2.1869565217
2.1949832776
2.2030100334
2.2110367893
2.2190635452
2.2270903010
2.2351170569
2.2431438127
2.2511705686
2.2591973244
2.2672240803
2.2752508361
2.2832775920
2.2913043478
2.2993311037
2.3073578595
2.3153846154
2.3234113712
2.3314381271
2.3394648829
2.3474916388
2.3555183946
2.3635451505
2.3715719064
2.3795986622
2.3876254181
2.3956521739
2.4036789298
2.4117056856
2.4197324415
2.4277591973
2.4357859532
2.4438127090
2.4518394649
2.4598662207
2.4678929766
2.4759197324
2.4839464883
2.4919732441
2.5000000000
