# EELS for $h = 0.2$ $\mu$m, $\epsilon_2 = \epsilon_{Si}(\omega)$, $v = 0.70c$, $\beta$ = 0.70. Re(EELS) from paper 149 Eq. 25 divided by L0 in Gaussian units (1/microns), integrated over k_par, trajectory, and eV
0.0126793867
0.0148973888
0.0181338908
0.0222939129
0.0513607739
0.1993737278
0.6578584063
0.6888450110
0.7354509397
1.0324915485
3.2973302050
3.5574163406
3.6583272931
3.7110881688
3.7714238039
3.8307445830
3.8997201698
3.9997159897
4.2177274077
4.9181370827
6.6728093021
6.8420875712
6.8849367172
6.9030336501
6.9129383672
6.9179987568
6.9231961113
6.9275171904
6.9315337006
6.9356571706
6.9403060464
6.9444883198
6.9518510041
6.9636355877
6.9894411398
7.1561225507
9.2486895458
9.3305875475
9.4041493705
11.6173669468
12.1154486583
12.1741573974
12.1927140210
12.2030418761
12.2085664950
12.2144097471
12.2192579153
12.2235470468
12.2275268406
12.2313527530
12.2341834956
12.2379621028
12.2417885849
12.2456945388
12.2497105452
12.2538845058
12.2571737107
12.2619141129
12.2673747321
12.2742332730
12.2840091607
12.3008286949
12.3263314262
12.4507572587
13.3285835261
13.4955937652
13.5335735304
13.5510358270
13.5616857756
13.5676564895
13.5744703220
13.5819546919
13.6181640406
13.6519814272
13.6584066843
13.6623992497
13.6680593417
13.6752794019
13.6861903067
13.7062238325
13.7573314673
13.9165741319
15.5590175018
15.7596125679
15.8063869769
15.8283105244
15.8417556981
15.8491464254
15.8569720845
15.8633636680
15.8688559040
15.8738008995
15.8784532500
15.8818811529
15.8865533419
15.8917606134
15.8982217340
15.9074818417
15.9241849921
15.9496091401
