1.5 200 1 2
4.5 200 1 2
7.5 200 1 2
10.5 200 1 2
13.5 200 1 2
16.5 200 1 2
19.5 200 1 2
22.5 200 1 2
25.5 200 1 2
28.5 200 1 2
31.5 200 1 2
34.5 200 1 2
37.5 200 1 2
40.5 200 1 2
43.5 200 1 2
46.5 200 1 2
49.5 200 1 2
52.5 200 1 2
55.5 200 1 2
58.5 200 1 2
61.5 200 1 2
64.5 200 1 2
67.5 200 1 2
70.5 200 1 2
73.5 200 1 2
76.5 200 1 2
79.5 200 1 2
82.5 200 1 2
85.5 200 1 2
88.5 200 1 2

1.5 -200 2 1
4.5 -200 2 1
7.5 -200 2 1
10.5 -200 2 1
13.5 -200 2 1
16.5 -200 2 1
19.5 -200 2 1
22.5 -200 2 1
25.5 -200 2 1
28.5 -200 2 1
31.5 -200 2 1
34.5 -200 2 1
37.5 -200 2 1
40.5 -200 2 1
43.5 -200 2 1
46.5 -200 2 1
49.5 -200 2 1
52.5 -200 2 1
55.5 -200 2 1
58.5 -200 2 1
61.5 -200 2 1
64.5 -200 2 1
67.5 -200 2 1
70.5 -200 2 1
73.5 -200 2 1
76.5 -200 2 1
79.5 -200 2 1
82.5 -200 2 1
85.5 -200 2 1
88.5 -200 2 1

100 -188.208 2 1
100 -184.623 2 1
100 -181.038 2 1
100 -177.453 2 1
100 -173.868 2 1
100 -170.283 2 1
100 -166.698 2 1
100 -163.113 2 1
100 -159.528 2 1
100 -155.943 2 1
100 -152.358 2 1
100 -148.774 2 1
100 -145.189 2 1
100 -141.604 2 1
100 -138.019 2 1
100 -134.434 2 1
100 -130.849 2 1
100 -127.264 2 1
100 -123.679 2 1
100 -120.094 2 1
100 -116.509 2 1
100 -112.925 2 1
100 -109.34 2 1
100 -105.755 2 1
100 -102.17 2 1
100 -98.5849 2 1
100 -95 2 1
100 -91.4151 2 1
100 -87.8302 2 1
100 -84.2453 2 1
100 -80.6604 2 1
100 -77.0755 2 1
100 -73.4906 2 1
100 -69.9057 2 1
100 -66.3208 2 1
100 -62.7358 2 1
100 -59.1509 2 1
100 -55.566 2 1
100 -51.9811 2 1
100 -48.3962 2 1
100 -44.8113 2 1
100 -41.2264 2 1
100 -37.6415 2 1
100 -34.0566 2 1
100 -30.4717 2 1
100 -26.8868 2 1
100 -23.3019 2 1
100 -19.717 2 1
100 -16.1321 2 1
100 -12.5472 2 1
100 -8.96226 2 1
100 -5.37736 2 1
100 -1.79245 2 1
100 1.79245 2 1
100 5.37736 2 1
100 8.96226 2 1
100 12.5472 2 1
100 16.1321 2 1
100 19.717 2 1
100 23.3019 2 1
100 26.8868 2 1
100 30.4717 2 1
100 34.0566 2 1
100 37.6415 2 1
100 41.2264 2 1
100 44.8113 2 1
100 48.3962 2 1
100 51.9811 2 1
100 55.566 2 1
100 59.1509 2 1
100 62.7358 2 1
100 66.3208 2 1
100 69.9057 2 1
100 73.4906 2 1
100 77.0755 2 1
100 80.6604 2 1
100 84.2453 2 1
100 87.8302 2 1
100 91.4151 2 1
100 95 2 1
100 98.5849 2 1
100 102.17 2 1
100 105.755 2 1
100 109.34 2 1
100 112.925 2 1
100 116.509 2 1
100 120.094 2 1
100 123.679 2 1
100 127.264 2 1
100 130.849 2 1
100 134.434 2 1
100 138.019 2 1
100 141.604 2 1
100 145.189 2 1
100 148.774 2 1
100 152.358 2 1
100 155.943 2 1
100 159.528 2 1
100 163.113 2 1
100 166.698 2 1
100 170.283 2 1
100 173.868 2 1
100 177.453 2 1
100 181.038 2 1
100 184.623 2 1
100 188.208 2 1

90.654 -199.979 2 1
91.9509 -199.808 2 1
93.2144 -199.469 2 1
94.4229 -198.969 2 1
95.5557 -198.315 2 1
96.5935 -197.518 2 1
97.5184 -196.593 2 1
98.3147 -195.556 2 1
98.9687 -194.423 2 1
99.4693 -193.214 2 1
99.8079 -191.951 2 1
99.9786 -190.654 2 1

99.9786 190.654 2 1
99.8079 191.951 2 1
99.4693 193.214 2 1
98.9687 194.423 2 1
98.3147 195.556 2 1
97.5184 196.593 2 1
96.5935 197.518 2 1
95.5557 198.315 2 1
94.4229 198.969 2 1
93.2144 199.469 2 1
91.9509 199.808 2 1
90.654 199.979 2 1

-1.5 200 2 1
-4.5 200 2 1
-7.5 200 2 1
-10.5 200 2 1
-13.5 200 2 1
-16.5 200 2 1
-19.5 200 2 1
-22.5 200 2 1
-25.5 200 2 1
-28.5 200 2 1
-31.5 200 2 1
-34.5 200 2 1
-37.5 200 2 1
-40.5 200 2 1
-43.5 200 2 1
-46.5 200 2 1
-49.5 200 2 1
-52.5 200 2 1
-55.5 200 2 1
-58.5 200 2 1
-61.5 200 2 1
-64.5 200 2 1
-67.5 200 2 1
-70.5 200 2 1
-73.5 200 2 1
-76.5 200 2 1
-79.5 200 2 1
-82.5 200 2 1
-85.5 200 2 1
-88.5 200 2 1

-1.5 -200 1 2
-4.5 -200 1 2
-7.5 -200 1 2
-10.5 -200 1 2
-13.5 -200 1 2
-16.5 -200 1 2
-19.5 -200 1 2
-22.5 -200 1 2
-25.5 -200 1 2
-28.5 -200 1 2
-31.5 -200 1 2
-34.5 -200 1 2
-37.5 -200 1 2
-40.5 -200 1 2
-43.5 -200 1 2
-46.5 -200 1 2
-49.5 -200 1 2
-52.5 -200 1 2
-55.5 -200 1 2
-58.5 -200 1 2
-61.5 -200 1 2
-64.5 -200 1 2
-67.5 -200 1 2
-70.5 -200 1 2
-73.5 -200 1 2
-76.5 -200 1 2
-79.5 -200 1 2
-82.5 -200 1 2
-85.5 -200 1 2
-88.5 -200 1 2

-100 -188.208 1 2
-100 -184.623 1 2
-100 -181.038 1 2
-100 -177.453 1 2
-100 -173.868 1 2
-100 -170.283 1 2
-100 -166.698 1 2
-100 -163.113 1 2
-100 -159.528 1 2
-100 -155.943 1 2
-100 -152.358 1 2
-100 -148.774 1 2
-100 -145.189 1 2
-100 -141.604 1 2
-100 -138.019 1 2
-100 -134.434 1 2
-100 -130.849 1 2
-100 -127.264 1 2
-100 -123.679 1 2
-100 -120.094 1 2
-100 -116.509 1 2
-100 -112.925 1 2
-100 -109.34 1 2
-100 -105.755 1 2
-100 -102.17 1 2
-100 -98.5849 1 2
-100 -95 1 2
-100 -91.4151 1 2
-100 -87.8302 1 2
-100 -84.2453 1 2
-100 -80.6604 1 2
-100 -77.0755 1 2
-100 -73.4906 1 2
-100 -69.9057 1 2
-100 -66.3208 1 2
-100 -62.7358 1 2
-100 -59.1509 1 2
-100 -55.566 1 2
-100 -51.9811 1 2
-100 -48.3962 1 2
-100 -44.8113 1 2
-100 -41.2264 1 2
-100 -37.6415 1 2
-100 -34.0566 1 2
-100 -30.4717 1 2
-100 -26.8868 1 2
-100 -23.3019 1 2
-100 -19.717 1 2
-100 -16.1321 1 2
-100 -12.5472 1 2
-100 -8.96226 1 2
-100 -5.37736 1 2
-100 -1.79245 1 2
-100 1.79245 1 2
-100 5.37736 1 2
-100 8.96226 1 2
-100 12.5472 1 2
-100 16.1321 1 2
-100 19.717 1 2
-100 23.3019 1 2
-100 26.8868 1 2
-100 30.4717 1 2
-100 34.0566 1 2
-100 37.6415 1 2
-100 41.2264 1 2
-100 44.8113 1 2
-100 48.3962 1 2
-100 51.9811 1 2
-100 55.566 1 2
-100 59.1509 1 2
-100 62.7358 1 2
-100 66.3208 1 2
-100 69.9057 1 2
-100 73.4906 1 2
-100 77.0755 1 2
-100 80.6604 1 2
-100 84.2453 1 2
-100 87.8302 1 2
-100 91.4151 1 2
-100 95 1 2
-100 98.5849 1 2
-100 102.17 1 2
-100 105.755 1 2
-100 109.34 1 2
-100 112.925 1 2
-100 116.509 1 2
-100 120.094 1 2
-100 123.679 1 2
-100 127.264 1 2
-100 130.849 1 2
-100 134.434 1 2
-100 138.019 1 2
-100 141.604 1 2
-100 145.189 1 2
-100 148.774 1 2
-100 152.358 1 2
-100 155.943 1 2
-100 159.528 1 2
-100 163.113 1 2
-100 166.698 1 2
-100 170.283 1 2
-100 173.868 1 2
-100 177.453 1 2
-100 181.038 1 2
-100 184.623 1 2
-100 188.208 1 2

-99.9786 -190.654 2 1
-99.8079 -191.951 2 1
-99.4693 -193.214 2 1
-98.9687 -194.423 2 1
-98.3147 -195.556 2 1
-97.5184 -196.593 2 1
-96.5935 -197.518 2 1
-95.5557 -198.315 2 1
-94.4229 -198.969 2 1
-93.2144 -199.469 2 1
-91.9509 -199.808 2 1
-90.654 -199.979 2 1

-90.654 199.979 2 1
-91.9509 199.808 2 1
-93.2144 199.469 2 1
-94.4229 198.969 2 1
-95.5557 198.315 2 1
-96.5935 197.518 2 1
-97.5184 196.593 2 1
-98.3147 195.556 2 1
-98.9687 194.423 2 1
-99.4693 193.214 2 1
-99.8079 191.951 2 1
-99.9786 190.654 2 1
