# $W$ = 300 nm, $h$ = 300 nm, $s$ = 20 nm, $d/W = 5$, $E_{\rm e}$ = 200 keV, $d/W = 5$, $V_0$ = 0.94 eV, $\theta$ = 2.27 mrad
0.0063931989
0.0064842793
0.0065673073
0.0066426055
0.0067104632
0.0067711318
0.0068248223
0.0068716969
0.0069118666
0.0069453853
0.0069722388
0.0069923311
0.0070054816
0.0070113953
0.0070096539
0.0069996794
0.0069807082
0.0069517418
0.0069114923
0.0068583142
0.0067900971
0.0067041502
0.0065970231
0.0069933335
0.0074642447
0.0080615648
0.0088643370
0.0098629434
0.0111708679
0.0127530158
0.0148204918
0.0175522110
0.0211109017
0.0260646624
0.0325771175
0.0416148344
0.0546565191
0.0749386338
0.1069035456
0.1610726330
0.2641166113
0.4946474712
1.1222221897
3.5900970339
2.2873870485
-4.2766919839
1.1832620758
0.7345406060
0.4471541767
0.2928139421
0.2041511778
0.1496951259
0.1142926196
0.0902078400
0.0732098505
0.0609297953
0.0518316217
0.0449864051
0.0397583467
0.0357211117
0.0325832499
0.0301315337
0.0282280267
0.0267709915
0.0256558247
0.0248339885
0.0242544715
0.0238796998
0.0236818254
0.0236375882
0.0237385223
0.0239711332
0.0243278510
0.0248046797
0.0253976726
0.0261105971
0.0269498053
0.0279190420
0.0290266785
0.0302835544
0.0317035639
0.0333077044
0.0351154039
0.0371536649
0.0394587559
0.0420652544
0.0450245521
0.0484007456
0.0522602531
0.0566993697
0.0618446400
0.0678272647
0.0748497156
0.0831712640
0.0930961347
0.1050892222
0.1197750461
0.1379704080
0.1609412762
0.1904562041
0.2293244030
0.2818367364
0.3552612000
0.4625309220
0.6277065017
0.9016277397
1.4039275217
2.4776430373
5.4193130959
17.9436046989
55.4824322029
13.9311618474
4.6049373394
2.2022758034
1.2783741511
0.8328133763
0.5850079711
0.4336923753
0.3344551966
0.2660761350
0.2169651065
0.1804217093
0.1525796568
0.1305321970
0.1131454179
0.0991570524
0.0877078436
0.0783005039
0.0704202797
0.0638114391
0.0582274225
0.0534119778
0.0493020539
0.0457911088
0.0426908734
0.0400515609
0.0378090129
0.0357989762
0.0341791075
0.0327057464
0.0315296175
0.0307038627
0.0299459039
0.0294660830
0.0293605030
0.0292705910
0.0287989713
0.0274918823
0.0204236342
-0.0115050988
-0.1795958732
-1.0307538673
0.2431059164
0.4262158951
0.1888813252
0.0991399446
0.0621531441
0.0448615820
0.0349056858
0.0288704942
0.0250166124
0.0225700162
0.0206753691
0.0192908742
0.0183557519
0.0175727319
0.0169780630
0.0165286233
0.0162419777
0.0160057557
0.0158513522
0.0157695312
0.0157802115
0.0158276018
0.0159345312
0.0161013760
0.0163432468
0.0166514096
0.0171051007
0.0176435705
0.0182842840
0.0190245860
0.0198870264
0.0208911738
0.0220592838
0.0234245755
0.0250267354
0.0269167275
0.0291514946
0.0318397193
0.0350956250
0.0390861042
0.0440465561
0.0502810837
0.0583651333
0.0690571278
0.0836126964
0.1040961507
0.1343913525
0.1819679726
0.2626708717
0.4151509630
0.7504326784
1.6559677454
4.0614813072
3.6420164704
1.4477801899
0.6754816334
0.3830405089
0.2486494080
0.1775671230
0.1363114346
0.1109305550
0.0947089696
0.0846079878
0.0786541266
0.0758714181
0.0757861551
0.0782644799
0.0834111630
0.0919268937
0.1047008117
0.1234565138
0.1511943958
0.1933340511
0.2601927496
0.3744405487
0.5885644932
1.0462501236
2.1821450854
4.6251740380
4.3101807041
1.9867743888
0.9760693357
0.5598366707
0.3601347181
0.2512594201
0.1856712972
0.1433843395
0.1145230699
0.0939700586
0.0788448647
0.0673902172
0.0585347098
0.0514931394
0.0459434558
0.0416559326
0.0375323676
0.0227122871
-0.0163987201
-0.0872306033
-0.0315256843
0.0801557003
0.0488124842
-0.0205347453
-0.1264871642
-0.0549941422
0.0996639947
0.0806710364
0.0526463636
0.0373149265
