# $W$ = 300 nm, $h$ = 300 nm, $s$ = 20 nm, $d/W = 5$, $E_{\rm e}$ = 200 keV, $d/W = 5$, $V_0$ = 1.66 eV, $\theta$ = 3.03 mrad
0.0048002596
0.0048686463
0.0049309869
0.0049875236
0.0050384738
0.0050840262
0.0051243390
0.0051595343
0.0051896953
0.0052148624
0.0052350251
0.0052501112
0.0052599851
0.0052644253
0.0052631178
0.0052556286
0.0052413843
0.0052196353
0.0051894144
0.0051494862
0.0050982662
0.0050337340
0.0049532988
0.0052508640
0.0056044422
0.0060529331
0.0066556854
0.0074054774
0.0083875175
0.0095754550
0.0111277955
0.0131788754
0.0158508772
0.0195703513
0.0244601532
0.0312460188
0.0410382174
0.0562668095
0.0802672953
0.1209395304
0.1983089145
0.3714003553
0.8426076048
2.6955830122
1.7174582237
-3.2111049401
0.8884387104
0.5515213612
0.3357405690
0.2198559802
0.1532845641
0.1123968641
0.0858152997
0.0677315200
0.0549687751
0.0457484370
0.0389171780
0.0337775259
0.0298520983
0.0268207869
0.0244647595
0.0226239166
0.0211946902
0.0201006921
0.0192633820
0.0186463158
0.0182111922
0.0179297992
0.0177812275
0.0177480126
0.0178237978
0.0179984511
0.0182662887
0.0186243101
0.0190695520
0.0196048433
0.0202349533
0.0209626935
0.0217943498
0.0227380608
0.0238042588
0.0250087094
0.0263659999
0.0278964050
0.0296271563
0.0315842160
0.0338061710
0.0363411474
0.0392390146
0.0425720747
0.0464353423
0.0509273279
0.0562000551
0.0624481949
0.0699001710
0.0789050441
0.0899317277
0.1035935079
0.1208409226
0.1430018700
0.1721856144
0.2116139018
0.2667438239
0.3472860730
0.4713062759
0.6769769179
1.0541229891
1.8603100573
4.0690295250
13.4727512732
41.6583525297
10.4600542764
3.4575647822
1.6535537203
0.9598526821
0.6253084462
0.4392465783
0.3256329854
0.2511218793
0.1997802391
0.1629057822
0.1354675883
0.1145627000
0.0980086157
0.0849539504
0.0744509454
0.0658544372
0.0587910432
0.0528742665
0.0479120937
0.0437193984
0.0401037765
0.0370178869
0.0343817337
0.0320539573
0.0300722595
0.0283884678
0.0268792546
0.0256629946
0.0245567383
0.0236736552
0.0230536467
0.0224845420
0.0221242739
0.0220450003
0.0219774910
0.0216233807
0.0206419678
0.0153348539
-0.0086384732
-0.1348475251
-0.7739298538
0.1825333209
0.3200193727
0.1418194017
0.0744381035
0.0466669836
0.0336838102
0.0262085384
0.0216770833
0.0187834398
0.0169464408
0.0155238665
0.0144843342
0.0137822082
0.0131942865
0.0127477861
0.0124103294
0.0121951048
0.0120177402
0.0119018081
0.0118403737
0.0118483929
0.0118839754
0.0119642621
0.0120895356
0.0122711415
0.0125025221
0.0128431709
0.0132474749
0.0137285474
0.0142843947
0.0149319483
0.0156859009
0.0165629631
0.0175880768
0.0187910404
0.0202101196
0.0218880691
0.0239064921
0.0263511520
0.0293473580
0.0330718570
0.0377529812
0.0438227981
0.0518507608
0.0627796442
0.0781594134
0.1009062218
0.1366285868
0.1972234425
0.3117113881
0.5634538581
1.2433645843
3.0495171384
2.7345667304
1.0870493257
0.5071777203
0.2876016212
0.1866955884
0.1333242616
0.1023478963
0.0832909511
0.0711111581
0.0635269508
0.0590565621
0.0569671974
0.0569031792
0.0587640020
0.0626283315
0.0690222724
0.0786134254
0.0926959337
0.1135226107
0.1451626973
0.1953627995
0.2811444753
0.4419170320
0.7855651425
1.6384391059
3.4727599334
3.2362507313
1.4917472170
0.7328706891
0.4203470712
0.2704031049
0.1886553111
0.1394092063
0.1076585195
0.0859883596
0.0705563621
0.0591997803
0.0505991870
0.0439501289
0.0386630450
0.0344961276
0.0312768894
0.0281807577
0.0170532676
-0.0123127910
-0.0654961107
-0.0236707023
0.0601840027
0.0366503019
-0.0154182851
-0.0949714682
-0.0412917351
0.0748315905
0.0605709412
0.0395289304
0.0280174930
