# $W$ = 300 nm, $h$ = 300 nm, $s$ = 20 nm, $d/W = 5$, $E_{\rm e}$ = 200 keV, $d/W = 5$, $V_0$ = 1.04 eV, $\theta$ = 2.39 mrad
0.0060709066
0.0061573955
0.0062362379
0.0063077401
0.0063721770
0.0064297872
0.0064807711
0.0065252826
0.0065634273
0.0065952564
0.0066207561
0.0066398356
0.0066523231
0.0066579387
0.0066562851
0.0066468135
0.0066287986
0.0066012926
0.0065630721
0.0065125748
0.0064477966
0.0063661826
0.0062644559
0.0066407876
0.0070879593
0.0076551675
0.0084174706
0.0093657354
0.0106077253
0.0121101143
0.0140733653
0.0166673737
0.0200466647
0.0247506977
0.0309348487
0.0395169587
0.0519011895
0.0711608478
0.1015143533
0.1529526836
0.2508020376
0.4697114402
1.0656490386
3.4091140743
2.1720759388
-4.0610966123
1.1236118105
0.6975111594
0.4246123721
0.2780526927
0.1938595699
0.1421487406
0.1085309351
0.0856603103
0.0695192184
0.0578582218
0.0492187025
0.0427185650
0.0377540619
0.0339203508
0.0309406740
0.0286125530
0.0268050050
0.0254214215
0.0243624721
0.0235820662
0.0230317637
0.0226758849
0.0224879857
0.0224459787
0.0225418246
0.0227627092
0.0231014444
0.0235542354
0.0241173346
0.0247943195
0.0255912219
0.0265115978
0.0275633966
0.0287569115
0.0301053361
0.0316286093
0.0333451798
0.0352806889
0.0374695765
0.0399446773
0.0427547922
0.0459607865
0.0496257301
0.0538410637
0.0587269529
0.0644079840
0.0710764221
0.0789784680
0.0884030104
0.0997915073
0.1137369957
0.1310151007
0.1528279712
0.1808550051
0.2177637967
0.2676289007
0.3373519214
0.4392140077
0.5960628265
0.8561752639
1.3331533238
2.3527411519
5.1461169995
17.0390393877
52.6854756740
13.2288701203
4.3727952285
2.0912556300
1.2139293090
0.7908299513
0.5555168048
0.4118292653
0.3175947881
0.2526628220
0.2060275573
0.1713263699
0.1448878789
0.1239518659
0.1074415815
0.0941583914
0.0832863551
0.0743532540
0.0668702843
0.0605946056
0.0552920880
0.0507193974
0.0468166611
0.0434827083
0.0405387606
0.0380324999
0.0359030023
0.0339942947
0.0324560861
0.0310569994
0.0299401610
0.0291560338
0.0284362849
0.0279806525
0.0278803950
0.0277950157
0.0273471711
0.0261059744
0.0193940475
-0.0109251096
-0.1705421727
-0.9787920005
0.2308505783
0.4047297056
0.1793595313
0.0941421498
0.0590199099
0.0426000416
0.0331460372
0.0274150888
0.0237554870
0.0214322274
0.0196330924
0.0183183920
0.0174304106
0.0166868638
0.0161221731
0.0156953903
0.0154231950
0.0151988812
0.0150522615
0.0149745652
0.0149847071
0.0150297084
0.0151312473
0.0152896812
0.0155193589
0.0158119868
0.0162428066
0.0167541314
0.0173625455
0.0180655278
0.0188844912
0.0198380180
0.0209472418
0.0222437070
0.0237650996
0.0255598143
0.0276819234
0.0302346306
0.0333264011
0.0371157142
0.0418261021
0.0477463376
0.0554228578
0.0655758525
0.0793976526
0.0988485046
0.1276164789
0.1727946886
0.2494292308
0.3942225671
0.7126022174
1.5724878747
3.8567358152
3.4584168471
1.3747953776
0.6414295734
0.3637308535
0.2361146137
0.1686156956
0.1294397697
0.1053383793
0.0899345491
0.0803427736
0.0746890560
0.0720466286
0.0719656645
0.0743190539
0.0792062859
0.0872927269
0.0994226940
0.1172328950
0.1435724714
0.1835878075
0.2470760650
0.3555644718
0.5588941268
0.9935071801
2.0721400780
4.3920125031
4.0928984285
1.8866182960
0.9268643071
0.5316145163
0.3419798202
0.2385930790
0.1763113457
0.1361561330
0.1087498007
0.0892328956
0.0748701840
0.0639929815
0.0555838927
0.0488972979
0.0436273819
0.0395559992
0.0356403097
0.0215673312
-0.0155720334
-0.0828331777
-0.0299364264
0.0761149343
0.0463517746
-0.0194995626
-0.1201107714
-0.0522218119
0.0946397929
0.0766042963
0.0499923864
0.0354338284
