# EELS for $h = 0.2$ $\mu$m, $\epsilon_2 = \epsilon_{Si}(\omega)$, $\beta$ = 0.55. Re(EELS) from paper 149 Eq. 25 divided by L/c and in Gaussian units (dimensionless) 
0.1000000000
2.1191919192
4.1383838384
6.1575757576
8.1767676768
10.1959595960
12.2151515152
14.2343434343
16.2535353535
18.2727272727
20.2919191919
22.3111111111
24.3303030303
26.3494949495
28.3686868687
30.3878787879
32.4070707071
34.4262626263
36.4454545455
38.4646464646
40.4838383838
42.5030303030
44.5222222222
46.5414141414
48.5606060606
50.5797979798
52.5989898990
54.6181818182
56.6373737374
58.6565656566
60.6757575758
62.6949494949
64.7141414141
66.7333333333
68.7525252525
70.7717171717
72.7909090909
74.8101010101
76.8292929293
78.8484848485
80.8676767677
82.8868686869
84.9060606061
86.9252525253
88.9444444444
90.9636363636
92.9828282828
95.0020202020
97.0212121212
99.0404040404
101.0595959596
103.0787878788
105.0979797980
107.1171717172
109.1363636364
111.1555555556
113.1747474747
115.1939393939
117.2131313131
119.2323232323
121.2515151515
123.2707070707
125.2898989899
127.3090909091
129.3282828283
131.3474747475
133.3666666667
135.3858585859
137.4050505051
139.4242424242
141.4434343434
143.4626262626
145.4818181818
147.5010101010
149.5202020202
151.5393939394
153.5585858586
155.5777777778
157.5969696970
159.6161616162
161.6353535354
163.6545454545
165.6737373737
167.6929292929
169.7121212121
171.7313131313
173.7505050505
175.7696969697
177.7888888889
179.8080808081
181.8272727273
183.8464646465
185.8656565657
187.8848484848
189.9040404040
191.9232323232
193.9424242424
195.9616161616
197.9808080808
200.0000000000
